1968,4155,5472,-2381,-8065,-4332,6111,6318,-3349,-7986,-3101,8103,6525,-3331,-7718,-5572,7828,8203,-1516,-6708,-7977,6049,8721,2201,-7009,-8741,5063,8721,2838,-7503,-8741,3033,8721,4479,-6180,-8741,449,8721,6195,-6138
-7474,4070,8155,199,-7666,-7947,4395,8122,2357,-6417,-8127,3629,8446,3548,-5123,-6557,1088,7934,5454,-3451,-7113,-3809,7244,7315,-1433,-7415,4561,8058,1486,-5842,-7155,3467,8372,3650,-4701,-6911,-2751,6261,6470,-3763
-4333,-1228,7898,1484,-5603,-6677,3802,7382,182,-7077,-6095,5606,8721,1509,-7134,-8336,6108,7489,-2976,-7687,-1821,7480,6220,-4305,-7573,-164,7984,498,-5245,-5105,2245,6814,5322,-2582,-7202,-5164,7322,5063,-5731,-7437
5488,8721,2598,-6159,-6771,1106,7703,4841,-3827,-7563,-690,7542,4516,-5074,-7126,-495,7665,4413,-5882,-5112,1425,8645,5584,-3997,-5782,-3709,5806,5295,-3867,-5619,-3474,5709,6483,1761,-2876,-1652,-527,3183,995,-3721
-1948,6287,6168,195,-2724,-2384,1445,3878,697,-4183,-3757,-838,2976,3315,-2343,-4215,-2799,5633,5377,-3020,-5164,-2982,4517,4491,-1570,-4323,-3158,3798,5446,1134,-3960,-1432,262,4455,3428,-1860,-4340,-2030,6320,3090
-28,-47,-58,-92,-323,-211,4866,5789,-857,-4510,-2898,4013,753,-435,3366,1241,-376,-1161,-4417,-3275,-4772,3740,3279,-3812,-1856,4068,2944,245,-3958,1515,4160,6187,2948,-5392,-902,-1766,4289,3898,-1905,-2343
-2145,2946,1988,-4095,-630,504,3180,2416,-2330,-2322,-2313,4479,2981,-1601,-2924,-4295,1573,4397,-1084,-3207,-3105,3447,4136,-1417,-3091,-2748,4322,4189,-1862,-1362,-2397,2033,1285,-4499,-2941,-330,3927,2677,-1412,-1620
-152,-847,-1969,-28,23,1897,-201,-2719,1052,489,2078,-2414,-2381,-3445,-539,-9,336,-1493,-1812,-3228,-1388,-2402,2080,4079,1779,-2631,-10,-566,-1049,-1093,-1889,-2517,169,-1348,1423,-489,-1566,-3234,-209,143
3147,2312,-2727,-5280,-8219,-3424,3406,3991,2495,-1925,-2031,-4160,-2066,197,-1258,-1705,-2932,-1824,50,740,533,-2089,-1993,-1947,-907,-1416,1900,1627,341,-1007,1040,1912,1088,-2287,-3424,-3940,306,-1055,1623,426
-69,-88,-103,-111,-121,-128,-124,-176,-199,-161,-194,-207,-221,-238,-216,-231,-243,-273,-340,-368,-564,-262,-136,-194,-97,-554,-458,1450,2566,-1121,656,-1126,353,-3452,-4462,2545,-985,2096,-431,-3657
1505,-1348,266,-1516,-1349,128,-2829,2041,3901,680,-3588,680,-311,-152,-1519,-2334,-1983,1094,4610,2729,763,793,-2398,-1583,-1946,-1702,-3149,-2461,1297,1682,-1579,-679,-37,2130,-493,-2509,-380,46,807,939
363,338,17,-92,41,103,62,55,27,32,34,4,-4,-116,64,1195,3770,762,-2010,-4482,-4941,-3155,-781,709,2262,3930,2814,1213,-139,15,315,191,-52,-288,-327,-142,16,51,42,33
648,1095,974,619,380,371,205,295,792,1405,2340,8721,8721,4174,-173,-3163,-4124,-1950,-69,460,692,418,468,483,693,1226,2107,4296,8721,8503,3462,-2693,-4468,-1929,729,957,397,254,406,417
-239,-313,1056,2933,2537,8721,8721,679,-4016,-1696,520,580,-128,-247,86,140,263,215,559,1542,2749,3367,7459,8721,8721,2220,-3656,-1912,-136,-15,33,216,277,78,82,-225,-350,-211,1043,2573
1064,-128,-1874,-2336,-2115,-1615,-824,-129,51,485,1194,2113,5007,8721,7077,2072,-2677,-1285,-2890,960,8203,3935,-8524,-8741,-2025,8721,991,-6268,-6499,5243,5202,-2660,-6438,-6574,-4034,7850,7745,-3909,-7341,-4637
5274,3742,-1607,-5298,-4273,2169,2880,-4100,-5409,-691,6607,4265,-3366,-6050,-3850,5456,7263,-2714,-6633,-6489,4679,7527,51,-6350,-7493,1801,8721,6062,-6429,-7593,-4633,5586,6259,-3469,-7110,-4217,6041,4729,-4744,-7784
-4358,7209,8358,-2293,-7438,-7774,584,8443,2843,-7434,-7970,2065,4537,2947,-3730,-6135,-3920,6983,7080,-2705,-7967,-6707,5552,7466,-677,-7671,-5207,6229,6109,-2555,-8190,-5804,5018,8721,3868,-6498,-6939,2006,6845,841
-7068,-6553,6072,5975,-2108,-7005,-5499,4021,6907,1814,-6154,-8474,-1000,7507,5460,-3544,-8741,-7055,4882,7525,228,-6459,-5316,6069,7984,5609,-1299,-5595,-7165,765,6723,-2321,-5815,-2226,8652,6289,-4691,-6207,-5209,5570
8661,-2471,-7780,-4397,8181,6152,-4318,-5423,624,6419,2072,-5046,-5648,31,6182,2939,-5895,-6878,683,7582,2399,-4371,-4055,37,4612,3393,-4340,-6822,-2094,8721,1914,-4520,-2926,87,3290,1946,-3734,-5523,-709,5958
4981,-5738,-6768,-5504,4247,6045,-5293,-6118,-319,2599,-4963,-6053,-3500,4429,6126,-2888,-6076,-6226,1658,6720,-361,-5931,-6132,1606,6710,2403,-5122,-5260,-3506,3001,6392,-1388,-6363,2641,4717,-348,-6513,-6235,-1421,3833
-126,-153,-187,-129,-130,-139,-178,-98,-126,-133,-125,-148,-69,8,38,9,-42,-139,-271,-720,-1720,-1610,1152,3724,4374,3323,3831,540,-1103,-681,-341,-57,-99,-93,-237,-360,-312,-170,-158,-117
-97,-118,-144,-165,-189,-205,-188,-163,-115,-97,-56,-76,-81,-411,-440,369,120,2829,4670,4787,4596,3109,165,-78,-571,-1344,-2447,-4185,-5075,-5588,-5858,-6779,-6385,-4414,-2168,-1248,-551,160,451,59
2108,4196,5006,4847,3188,15,-40,-322,-1298,-2898,-4745,-5516,-6564,-7046,-6162,-3349,-925,204,-171,246,484,348,-91,-430,-282,58,125,76,62,1,-39,-77,-108,-147,-156,-143,-131,-110,-82,-53
133,110,85,94,107,63,-25,-108,-208,-227,-187,-175,-195,-176,-120,-159,-243,-579,-1243,89,1184,1907,3653,3520,3143,2969,480,-423,0,186,-95,-715,-1883,-3572,-5097,-6301,-6087,-5441,-3086,-660
-160,-122,-91,-83,-146,-210,-128,132,-305,622,3176,4470,5034,3608,3267,917,-1261,-829,-92,380,361,14,-755,-2062,-3376,-5016,-6569,-7446,-7010,-5315,-3262,-1882,-1430,-904,132,754,374,-365,-448,-125
-490,-883,-1719,-601,813,2944,5906,5856,5798,4375,377,-2273,-1980,-1425,-1234,-1178,-1786,-2629,-3580,-4904,-6185,-6141,-2899,-146,510,15,39,168,52,-281,-487,-369,-65,96,125,101,20,-55,-81,-85
-57,-79,-101,338,-616,436,2343,4634,6908,6393,4964,380,-659,-994,-2522,-3871,-6260,-7278,-7541,-7617,-3461,-431,-617,-213,500,519,172,-300,-591,-351,87,132,47,26,-1,-57,-66,-87,-101,-105
-215,-161,-81,-26,15,19,-35,-78,-102,-114,-113,-93,-83,-184,-158,64,1459,3793,5367,5656,5589,5516,3697,-132,-652,-1121,-2366,-4176,-6199,-7056,-7283,-8560,-6331,-3691,-1557,139,656,395,-131,-145
-122,-116,-58,-32,-27,-32,-49,-85,-97,-106,-83,-80,-97,-96,-121,-322,-1003,1873,5369,6637,5580,5856,5236,1263,278,-880,-2264,-3966,-6131,-7505,-8159,-8741,-6647,-4501,-2940,-719,1155,1184,53,-567
-217,-272,-326,-336,-315,-291,-292,-315,-281,-249,-182,-162,-145,-136,-126,-181,-157,-564,-1037,-582,94,1456,4363,5169,5604,3512,-173,-352,-938,-2116,-4029,-6446,-7735,-8741,-8741,-6883,-5551,-3664,-1957,-247
-112,-126,-145,-154,-169,-172,-164,-136,-89,-71,-78,-116,-118,-231,-709,-763,-400,-273,472,2606,3665,4808,3557,888,-348,-931,-1982,-3625,-5512,-6977,-7699,-7183,-8292,-5853,-3553,-1541,-623,473,800,327
-415,-429,996,2253,5314,5876,5845,4575,1431,-491,-1501,-2997,-4934,-6479,-7424,-8324,-8741,-5986,-2760,-1287,-810,-295,285,425,-90,-526,-498,-110,110,63,95,75,1,-29,-75,-138,-91,-27,-23,-40
-95,-83,-80,-74,-75,-74,-72,-67,-75,-76,-81,-82,-110,-123,-131,-161,-213,-339,-1165,-652,189,2917,3472,4802,4579,4517,1999,-1744,-2654,-4258,-5696,-6711,-7604,-7975,-6907,-3847,-1787,-964,-613,195
-126,-212,-390,-315,-176,-28,108,190,232,335,215,276,278,184,140,99,45,76,22,9,-119,-891,-678,689,2557,4905,5504,5653,4237,997,312,-385,-1488,-4025,-6892,-8741,-8741,-8741,-5477,-4571
-540,429,1306,3354,3495,5186,3461,-251,-149,-943,-2659,-4781,-6531,-8166,-8416,-7810,-3922,-869,-447,-250,291,363,-154,-433,-280,-64,12,11,29,-5,-23,-49,-31,-1,-12,-50,-65,-93,-79,-86
-79,-85,-78,-79,-72,-77,-80,-88,-106,-139,-209,-822,-1017,-611,433,2702,5686,5891,6103,3411,-1191,-2357,-3344,-5130,-6409,-7410,-8638,-5684,-1631,-66,-238,-233,234,447,-30,-442,-363,-147,-1,33
-477,-1123,202,2340,5195,7611,7981,6146,-16,-1643,-2558,-4987,-6162,-6886,-8151,-8243,-1577,-1028,-1937,-970,193,722,97,-614,-550,-134,82,134,143,101,-68,-105,-2,-41,-121,-165,-180,-213,-215,-186
-213,-233,-284,-257,-24,801,1775,3564,4810,4782,5128,4259,501,-2000,-2337,-3638,-5645,-7039,-8680,-7019,-2878,574,373,-252,-304,-205,-112,-291,-444,-181,181,212,154,106,36,-26,-29,-37,-57,-100
1567,4382,6533,7321,6839,4217,-745,-2611,-5352,-7278,-8206,-7942,-5229,-1564,274,-65,-460,-74,201,-290,-148,48,74,72,33,-29,-54,-57,-46,-49,-68,-108,-85,-117,-167,-161,-136,-95,-73,-62
-106,-108,-102,-96,-121,-136,-155,-166,-173,-207,-490,-955,-494,658,1439,5453,7227,7461,5503,-944,-2457,-5212,-6607,-8008,-7663,-5123,-1615,-82,24,142,424,185,-416,-548,-272,-18,0,27,55,10
-45,-53,-52,-67,-62,-54,-29,-29,-71,-154,-350,-437,-373,-315,-208,-123,-326,-59,418,1703,3244,4741,6774,7909,7013,5984,1369,1459,-156,-942,-2454,-3922,-5360,-6076,-5419,-3270,-2665,-1008,1779,1751
-335,-360,-315,-7,510,1022,2112,3224,4835,6248,5798,4985,2533,1945,1806,-1543,-3109,-4515,-5730,-6584,-5736,-2410,26,-34,-502,-188,279,415,411,614,760,697,497,307,74,-84,-202,-282,-287,-216
-155,-101,-55,7,16,-5,17,0,-21,-55,-74,-83,-99,-108,-123,-117,-104,-98,-79,-80,-78,-66,-76,-77,-97,-120,-121,104,745,1150,1452,3543,6018,7304,6273,5125,1899,1070,462,-1918
-4180,-5672,-6661,-5394,-3377,-421,705,643,706,610,181,46,233,369,420,505,400,263,210,-30,-235,-348,-385,-126,399,694,1650,3866,5891,6611,5635,4652,3840,3199,995,-945,-3006,-5604,-7051,-5728
-2757,-879,-1045,-213,1063,954,78,-212,175,460,443,386,294,143,8,-97,-257,-326,-313,-260,-189,24,614,1220,2738,5160,6303,6135,5224,4698,4144,1450,745,-1378,-3930,-5750,-6475,-5945,-2683,-886
-66,-63,-71,-66,-72,-72,-80,-96,-90,-75,-56,0,254,156,407,2562,4969,6948,6858,5138,3924,2197,548,-1032,-3385,-5323,-6305,-6028,-3733,-1736,-1157,-422,796,1346,631,49,159,419,353,213
-59,-55,-44,-52,-60,-45,-57,-64,-72,-74,-54,261,849,846,2555,5225,7305,7144,6058,4112,603,-756,-3110,-4799,-5824,-6145,-4412,-2182,-1479,-1490,-490,632,832,278,113,344,498,441,336,192
-45,-58,-75,-75,-82,-82,-83,-77,-105,-128,-262,-273,-1,1063,1031,1913,5052,8118,7951,6067,1908,2303,772,-2185,-3644,-5245,-6314,-6253,-4615,-2318,-1024,-131,361,347,128,186,429,513,578,536
-90,-91,-86,-81,-84,-95,-108,-100,-117,-132,-193,-230,-272,-290,-161,477,679,1568,3391,5093,5793,6387,6193,5036,2369,-58,-2091,-4520,-5886,-6103,-4845,-2570,-1016,-1049,-79,1254,1400,290,-301,31
-93,-77,-74,-65,-55,-56,-52,-65,-68,-72,-51,82,246,276,282,477,829,1629,4330,6580,6428,5069,4276,708,2154,-775,-3490,-4640,-5140,-5330,-4118,-2165,-1230,-995,-422,140,245,120,250,533
-162,-136,-100,-50,-19,7,15,-12,-34,-98,-100,-75,219,315,304,1967,4797,6184,5835,5921,2035,2605,2642,-1788,-3614,-4753,-5148,-5502,-4496,-2698,-1310,-194,671,493,-152,-229,185,522,578,559
-99,-76,-63,-64,-109,-128,-138,-144,-139,-146,-150,-153,-159,-156,-157,-157,-175,-169,40,723,1204,2994,5236,5640,5876,5521,4583,1353,1149,-1418,-3009,-4122,-5160,-5452,-4410,-2690,-1731,-939,-474,-258
-80,-84,-91,-79,-111,-127,-128,-140,-125,-114,-104,-86,-71,-59,80,637,867,1147,2889,5274,7107,6513,5375,1065,1456,-283,-3588,-4883,-5664,-5384,-3086,-1152,-1026,-776,229,910,598,144,235,578
-157,-201,-197,-202,-179,-152,-132,-32,386,1120,1911,3618,6061,7411,6927,5209,-408,1092,-2723,-4207,-5443,-5884,-4296,-2915,-1647,-103,472,229,236,480,599,635,465,239,126,44,-131,-186,-175,-110
-42,-58,-74,-43,-45,-32,-81,-135,-164,-180,-180,-248,-222,-183,95,29,249,2808,6312,8721,8591,3489,-61,-2483,-5309,-6905,-7022,-5220,-4510,-2893,-160,1321,1141,347,547,873,796,539,288,64
-98,-108,-126,-140,-118,-109,-74,-72,-83,-84,-105,-91,-89,-9,409,1121,2690,6589,8681,6572,2508,1085,-593,-4192,-6209,-6142,-4574,-3270,-2281,-841,-174,342,238,214,417,599,705,679,444,144
196,462,429,1709,4618,7526,8721,6977,3482,-515,-3145,-5626,-7355,-5928,-3430,-2363,-1327,-333,-47,-17,-32,280,584,729,699,453,231,100,-24,-123,-164,-140,-129,-132,-105,-72,-44,-36,-31,-43
-78,-76,-71,-64,-62,-69,-68,-80,-80,-98,-103,-94,-88,-74,-78,-86,-81,-75,-121,-142,-135,289,1548,2702,4266,7566,8075,6615,1120,1798,-2007,-5236,-5831,-5025,-3492,-2437,-1556,110,703,389
4314,7518,8664,7060,2143,1111,-3976,-6254,-6866,-6261,-4719,-3423,-1938,-256,396,609,225,366,612,774,689,465,427,395,146,-134,-230,-207,-194,-186,-151,-125,-82,-49,-31,-24,-36,-53,-62,-83
-59,-64,-53,-46,-50,-49,-63,-67,-87,-94,-103,-95,-97,-81,-70,-56,-54,-67,-75,-81,-117,-159,-223,-25,897,596,3210,7785,8721,7510,4794,1069,-2477,-5797,-7890,-6684,-3430,-2422,-1597,377
136,113,63,39,34,25,20,26,42,25,19,38,10,-25,-47,12,78,175,1099,1654,-1231,-974,-1310,-1661,-3055,-3227,-859,1700,5362,8721,8721,8411,2985,5938,4724,1662,-71,-420,699,431
-78,-81,-81,-101,-142,-159,-149,-116,78,-295,-2787,-7113,-7988,-7039,-6129,-5770,-1089,3613,7799,8721,8721,8721,8384,2809,2613,1359,1052,494,1435,815,190,249,621,408,53,-287,-436,-401,-372,-333
-57,-126,-451,-942,-1544,-463,-1649,-3849,-4622,-6163,2302,7360,8721,8721,8721,7742,3622,3208,1375,-669,-476,711,971,397,180,32,-152,-348,-336,-181,-138,-119,-82,-57,-37,-65,-95,-126,-125,-120
258,-1173,-7072,-7678,-6376,-6892,4080,8721,8721,8721,8460,3018,2860,2525,1591,761,218,185,-432,-696,-735,-457,-52,-20,-157,-195,-228,-169,-44,49,75,93,65,23,0,-77,-88,-85,-113,-137
-4893,-8741,-8741,-7507,-7123,-1059,5191,8721,8721,8721,5497,1379,3310,2706,1542,137,533,331,-529,-937,-614,-156,-93,-210,-236,-93,76,144,140,116,69,22,-24,-55,-85,-84,-121,-171,-195,-194
630,-544,-2928,-4709,-7411,-7228,-6560,-3777,-408,2430,5702,8721,8721,8721,4095,2551,3539,1871,444,490,1676,741,-1038,37,486,-283,-498,-78,223,36,-248,-354,-262,29,101,-5,-86,-156,-282,-399
-33,-120,-153,-128,0,484,1486,229,-6520,-8691,-8741,-8151,-6876,-3580,-26,4039,6974,8358,8721,8721,6207,831,2155,612,-221,-445,-873,-363,-275,-205,-83,-49,-87,-200,-125,681,1971,2821,2741,1636
128,477,-1548,-5617,-8741,-8370,-6857,-6046,-1117,4523,8142,8721,8721,7275,1866,2499,1336,806,150,-282,-464,-378,-363,-421,-598,-400,1258,2076,1849,1429,951,1235,1102,1059,898,656,303,156,264,300
-41,-4,-12,-61,-148,-153,-167,-86,-23,9,5,18,-3,4,-12,-35,-77,-111,-179,-164,-61,-37,247,1002,-3961,-5601,-4981,-3427,-5798,-4160,1165,4590,8721,8721,8721,2041,3268,590,508,-62
-210,-397,-481,-293,-93,172,364,675,1308,1841,2057,1983,1769,1300,786,315,210,118,224,93,-212,-402,-302,-29,114,147,174,146,43,-36,-97,-141,-159,-162,-154,-137,-113,-100,-77,-44
-100,-18,9,13,17,349,-1307,-5767,-8110,-7179,-5485,-5917,-3177,1000,5089,8721,8721,8721,2607,3260,923,959,-64,-605,-697,-768,-775,-826,67,1336,2534,3690,3262,1986,1367,732,449,157,158,205
-8439,-7408,-6467,-5755,-3335,44,4099,8590,8721,8721,5301,2574,714,128,-486,-522,-130,161,685,1367,1686,1781,2085,2083,1859,1393,942,476,227,183,230,140,-118,-227,-82,62,127,140,93,58
-6875,-7939,-6873,-6222,-4733,-526,3528,6308,8721,8721,7965,1256,2551,536,273,-320,-47,-46,870,2016,2863,2683,1425,918,286,424,214,371,237,13,-119,-107,-41,-51,-29,-24,-36,-65,-73,-55
-65,-90,-174,-199,-111,-104,-154,-174,193,623,-2383,-6960,-8741,-7484,-6590,-5429,-829,3263,6205,7893,8721,8721,1558,2518,1405,1210,-94,-402,-234,234,895,1688,2132,1272,793,836,610,474,649,355
-1115,-2272,-3171,-2465,2564,6159,8721,8721,8721,7334,3381,1643,122,-1325,-1305,-1175,-831,-421,-371,-124,77,643,1289,1471,1864,2473,1843,2182,1319,298,519,392,93,-68,-73,-44,32,81,101,117
-54,-48,-40,-33,-36,-46,-56,66,-932,-3497,-5816,-4106,-2880,-3343,-2417,1343,5051,7259,8721,8721,2430,2030,839,511,-14,-299,-142,-217,-215,-315,-442,-587,131,1319,2344,1951,1310,1019,663,1105
-67,-57,-38,-28,-83,-483,-2859,-5876,-4587,-3363,-3944,-3483,474,4029,6632,8030,8721,7457,1497,1263,430,67,-184,-259,-130,-76,-221,-117,249,1240,1746,505,-319,-922,-98,41,538,35,-23,189
-164,-186,-214,280,-2609,-7185,-7283,-6029,-5325,-4871,-1604,3445,6971,8721,8721,8721,3365,1983,1016,231,-463,-603,-513,-284,-20,439,1170,2023,2444,2340,2339,1643,1304,1189,914,636,208,207,331,170
-57,-61,-61,117,-456,-3885,-6842,-5242,-3176,-4178,-3686,228,4994,7391,8553,8691,7082,2841,1758,383,-373,-903,-750,-574,-308,-20,-110,266,1202,2536,4314,3808,2319,1369,705,602,389,459,282,-50
-56,-57,-62,-65,-53,-55,-55,-63,-61,-52,-48,-44,-46,-57,-64,-81,-83,-7,-133,-1312,-2952,-4686,-5642,-4449,-4253,-3880,-1915,267,2973,5980,8721,8721,4183,3143,1675,1306,371,-259,-392,-335
-91,-99,-96,-98,-87,-102,-86,-96,-129,-184,-209,-469,-390,-808,-712,-691,-645,-780,-1019,-346,968,2316,2999,3605,3951,3439,1215,-582,-893,-439,-511,-1061,-2165,-3249,-4015,-4689,-5204,-5228,-5195,-5595
61,42,47,0,7,-17,-35,-54,-73,-89,-97,-190,-239,-304,-478,-784,-703,-262,51,494,1035,2279,3327,3754,506,-556,-1016,-866,-1521,-2097,-3074,-3966,-4588,-4826,-5395,-4655,-4990,-3564,-3908,-3198
-2875,-2274,-1330,-376,125,-702,-658,-396,-347,-299,-167,-101,-102,-34,0,-31,-69,-74,-92,-97,-112,-124,-110,-86,-121,-387,-415,-379,-445,-283,-257,-281,-55,-245,-341,-372,364,1674,1982,1785
-72,-52,-43,-36,-68,-12,-75,-86,-91,-108,-109,-104,-208,-432,-391,-295,-443,-437,-926,-854,-975,-640,257,844,1581,2153,2775,1934,-122,-1106,-1075,-1353,-1944,-2762,-3691,-3888,-4079,-4496,-4091,-4140
-172,-56,-344,-513,-848,-486,-343,219,948,1461,1755,2201,1349,-1006,-1247,-569,-419,-912,-2404,-3764,-4714,-5190,-5700,-5000,-5503,-4642,-4597,-3294,-2758,-1856,-538,-49,161,-89,-991,-845,-140,-43,-130,-100
-24,27,-45,-41,-40,-65,-97,-91,-77,-91,-105,-68,-91,-76,-101,-108,-98,-135,-221,-293,-199,-589,-296,-741,-973,-613,-60,1096,1704,1862,2086,2314,184,-1264,-1057,-437,-404,-938,-1731,-2545
-122,-162,-42,-13,-122,-228,-47,7,-55,-117,-141,-116,-89,-19,-72,-106,-123,-100,-96,-96,-99,-115,-143,-153,-138,-128,-164,-301,-544,-640,-951,-994,-953,-609,272,1103,2000,2718,3651,2856
-201,-39,-62,-26,-65,-114,-95,-126,-71,-64,-57,-80,-112,-115,-164,-125,-109,-159,-776,-1476,-1566,-1209,-1410,-1551,-1268,-669,571,798,1399,2022,3067,1977,-33,-709,-606,78,139,81,-213,-178
-118,-89,-114,-105,-118,-92,-113,-74,-67,-81,-61,-99,-97,-116,-213,-405,-672,-1216,-695,-1166,-1137,-1712,-1944,-1535,-1375,-1551,-1505,-636,2113,1553,364,-635,-1144,-934,-1054,-1657,-2317,-3100,-3564,-3556
314,227,-24,33,-74,-58,-105,-69,-88,-141,-230,-483,-772,-933,-1091,-1031,-844,-755,-82,1467,2344,2410,2805,3958,3067,567,-951,-885,-204,117,-191,-454,-434,-411,-277,-228,-142,-474,-1047,-1990
-127,-75,-101,-98,-66,-95,-92,-49,-95,-211,-1322,-2527,-2227,-812,-75,-367,-624,106,864,2065,2148,2591,2699,3310,905,-749,-1024,-314,6,31,-142,-163,-170,-125,-125,-250,-434,-620,-1092,-1684
-80,-84,-109,-58,-78,-84,-64,-109,-48,-56,-43,-166,-585,-1028,-1208,-822,-557,-888,-475,-962,-549,557,1605,1882,1623,1362,2773,1259,-319,-1006,-447,-31,-2,-155,-208,-299,-500,-893,-1673,-2568
-121,-96,-100,-85,-85,-57,-65,-59,-74,-53,-170,-405,-450,-683,-667,-360,-176,-24,622,1644,3257,4154,4524,5829,5003,-577,-1768,-1400,-1313,-1472,-2064,-1672,-751,48,157,-490,-1530,-3015,-4345,-4825
-98,-89,-103,-104,-83,-102,-71,-68,-68,-154,-237,-555,-949,-1025,-721,-25,80,-343,-130,355,1057,1321,1684,1526,3462,2822,-750,-1186,-797,-1376,-2122,-2492,-2728,-2911,-3277,-3508,-3553,-3777,-3644,-3669
-254,-257,-137,-91,-233,-373,5,953,1983,2906,3717,3782,3144,455,-867,-455,-67,-137,-213,-371,-471,-785,-1191,-1536,-2228,-3171,-3923,-4261,-4504,-4281,-4083,-3802,-3571,-3094,-2876,-2547,-2486,-1528,-642,-846
-86,-72,-79,-96,-94,-114,-108,-129,-145,-150,-193,-221,-259,-286,-329,-190,-390,-651,-138,-233,166,785,1946,3316,3496,3049,1700,-189,-1053,-674,-398,-292,-560,-826,-1251,-2075,-2910,-3492,-3822,-4190
-89,-96,-96,-113,-113,-114,-114,-138,-157,-174,-168,-187,-210,-232,-225,-240,-264,-269,-254,-285,-360,-492,-526,-577,-474,-350,478,1643,2381,3093,4186,4291,4042,2080,-471,-1145,-486,-33,58,-160
-125,-187,-53,-92,-85,-71,-87,-95,-85,-82,-101,-118,-84,-107,-78,-126,-148,-117,-125,-110,-129,-132,-249,-537,-1039,-1224,-305,-91,-1147,-1576,-1100,-253,885,2941,4371,4149,569,-1880,-1258,-264
-488,-464,-822,-708,-737,332,2471,4626,4843,4278,2145,-230,-1132,-935,-420,-251,-120,-83,-88,-166,-110,-130,-110,-59,-136,-250,-300,-428,-654,-1103,-1566,-2185,-2865,-3495,-4034,-4529,-4523,-5516,-4288,-4296
-80,-113,299,-56,-28,39,291,1307,2051,2927,4082,4290,4265,1073,-1292,-1280,-508,-189,-24,-51,-99,-76,-12,48,-8,-19,-109,-197,-414,-762,-1490,-2531,-3334,-3958,-4474,-4580,-5004,-4401,-4223,-3709
-304,-183,1299,1498,-169,-638,262,556,1791,3979,4708,4945,4765,2946,416,-229,23,57,15,-41,-52,-112,-64,-87,-80,-111,-95,-93,-68,-79,-70,-89,-186,-385,-535,-844,-1282,-1382,-1719,-1703
-79,-86,-95,-112,-115,-125,-115,-106,-89,-85,-81,-92,-80,-84,-67,-59,3,-23,10,-40,-12,-74,-77,-42,-29,-21,-99,-218,-300,-371,1331,1599,483,434,403,420,707,3310,5273,5454
-122,-84,-35,-94,-27,-105,-49,-77,-22,7,4,-108,-315,-472,-437,870,1879,1427,1322,1558,1245,1748,4138,4134,3949,3724,-109,-156,-320,-105,-179,-145,-45,58,-42,-869,-1664,-2525,-2714,-2666
-46,-17,-41,-21,-355,-562,372,1298,1265,589,376,278,1053,3040,4428,4199,4578,3713,747,65,-432,142,-80,-114,-481,-1018,-1629,-2717,-3261,-2994,-2766,-3162,-2161,-1759,-916,-513,-100,-19,703,1017
-125,-81,-89,-495,-239,199,930,1213,327,199,411,470,1110,3372,4760,4821,4799,3079,393,-346,47,-150,-4,-236,-113,-138,-63,-66,-36,-336,-1096,-2378,-3257,-3569,-3267,-3352,-2203,-2174,-1341,-582
-20,-12,-40,-136,-284,-600,54,1466,1325,523,605,1005,807,948,3153,4567,4336,4757,1478,597,-548,-60,-385,-181,-272,-135,-47,-65,-312,-672,-1052,-1409,-2020,-2049,-2076,-2351,-2771,-2897,-2303,-2185
-56,-62,-74,-70,-67,-60,-80,-60,-64,-49,-102,-48,-41,16,158,8,550,976,1599,716,806,238,369,2263,4122,4579,3847,2557,361,-219,-31,116,-23,-618,-1115,-2441,-3344,-2968,-3570,-3070
-49,-51,-74,-71,-85,-76,-83,-59,-69,-77,-86,-231,-650,118,1032,1518,1092,1039,932,619,1340,2845,3390,4061,4010,2173,-35,-419,-30,87,-227,-888,-1568,-2636,-3317,-3486,-3501,-3133,-2137,-1273
-69,-80,-49,-82,-60,-81,-57,-90,-59,-88,-59,-80,-85,-112,-55,-105,-306,722,790,1524,1195,1251,1167,471,1347,3159,3273,4089,4017,564,26,-270,22,-199,-58,-132,-262,-936,-2180,-3150
-78,-72,-51,-33,-34,-13,-60,-60,-78,-84,-89,-87,-75,-49,16,-325,-569,659,900,2522,1377,342,-646,-521,30,1821,3625,4306,5197,4304,56,259,-443,-164,-318,-203,-218,-118,-20,-61
-101,-125,-94,-98,-44,-70,-97,-95,-72,-64,11,5,-5,-86,-231,-122,287,770,-27,22,129,528,1408,3761,4671,5626,4592,2552,-11,-171,-216,-272,-71,-203,62,86,164,4,-610,-1806
-71,-63,-60,-87,-70,-81,-76,-81,-56,-69,-95,-64,-73,-50,-43,-51,-58,-85,-444,-928,-598,260,183,1092,544,575,418,-241,364,3077,4048,4629,4452,2880,-416,-33,-263,-230,-118,-92
-65,-97,-99,-89,-95,-95,-86,-83,-87,-79,-72,-68,-71,-93,-58,-92,-57,-81,-70,-75,-76,-91,-65,-60,-68,-64,-74,-64,-45,-39,-59,-51,-31,-318,-571,168,381,1274,341,824
-62,-42,-25,-299,-1097,33,-702,-852,-340,249,-48,473,1512,3031,5091,4436,4449,3083,-595,-155,-280,-296,-223,-246,-148,-50,161,389,-112,-1537,-2840,-3354,-2880,-2564,-2516,-1606,-1378,-762,360,626
-92,-64,-93,-68,-87,-62,-49,-7,-351,-501,150,365,1532,514,34,-165,-156,522,2646,3790,3828,4249,3433,2058,-144,-118,-155,-75,-140,-151,-146,75,140,-568,-1839,-2567,-2946,-3289,-2667,-1781
-102,-80,-103,-79,-28,-60,-72,-104,-73,-76,-67,-85,-82,-110,-70,-66,-48,-62,-23,-421,-603,611,636,541,479,219,-336,-641,557,2277,3607,4283,5034,4613,2009,44,-450,-84,-372,-46
-63,-85,-62,-68,-62,-82,-68,-85,-69,-77,-70,-80,-74,-92,-81,-85,-96,-76,-69,-71,-48,-67,-47,-56,-111,-166,-75,9,-625,76,-184,-22,307,-525,177,559,553,1982,3505,4233
-81,-77,-73,-68,-91,-53,-77,-88,-72,-85,-68,-66,-90,-72,-237,-378,-416,512,1623,1689,883,954,466,-234,694,3040,4779,4624,3426,1140,225,-204,6,-242,-139,-101,-62,-34,-46,-77
-75,-85,-56,-50,-81,-50,-53,-44,-67,-56,-49,-61,-25,-132,-102,-289,-519,334,1077,1840,882,423,420,502,736,2958,4407,4858,3865,1556,283,-295,33,-187,-60,-213,-118,-42,-87,-48
-93,-110,-81,-69,-61,-83,-76,-74,-75,-68,-64,-84,-90,-88,-96,-72,-66,-65,-98,-66,-68,-48,-7,-177,-306,131,333,1295,260,648,653,657,2100,4260,5867,4311,3526,62,-194,-122
-32,-400,-1475,-3528,-5575,-7651,-8679,-8293,-7084,-4853,-1415,3843,7850,8721,8721,5103,2253,4776,4764,3354,3706,1277,-619,507,-269,-218,400,264,-121,-140,-57,-50,-15,-76,-116,-78,-44,-45,-69,-84
-137,-100,-95,-79,-96,-129,-120,-110,-43,-149,-1273,-2406,-4802,-5629,-6438,-6800,-6338,-5099,-1665,4727,8636,8721,8721,6142,2405,4433,4822,3216,1140,126,383,489,-83,-181,-159,-214,-112,-104,-107,-44
-77,-63,-76,-84,-79,-69,-73,-77,-85,-85,-96,-142,-568,-2630,-3797,-5164,-5466,-5080,-5908,-5708,-3466,1033,6762,8721,8242,8721,6273,3654,3414,4042,1898,871,584,-117,-148,157,-212,12,97,-7
-72,-86,-78,-78,-120,-113,-75,-62,-72,-61,-87,-414,-2791,-3113,-4327,-5286,-5180,-5729,-6284,-5974,-3286,-445,4384,8705,8721,8721,7920,3349,2715,4128,3193,1548,1731,397,-1028,272,464,58,-128,662
-94,-68,-85,-79,-72,-64,-70,-70,-81,-143,-185,-515,-2155,-3724,-6371,-6715,-7098,-5824,-5622,-4641,-474,1141,2268,5371,8721,8721,8721,6328,1716,2986,5191,4387,1835,221,-1339,-69,240,100,-197,-335
-84,-95,-107,-93,-75,-81,-89,-87,-73,-85,-122,-222,-1895,-2311,-4614,-5383,-5461,-5286,-5599,-5858,-3311,-483,3093,6981,8721,8506,6489,3736,3616,3822,3460,2278,1645,829,-8,-746,381,697,0,-113
-78,-81,-83,-89,-77,-51,-40,-55,-58,-29,-2,-58,-184,-1282,-2755,-5124,-5964,-6050,-5335,-5349,-5600,-4031,-897,1929,6785,8663,8721,8721,4693,1714,3689,3954,2753,2343,1168,113,-1479,124,395,-32
-250,-376,-400,-194,118,354,349,368,50,-707,-914,-721,-482,-309,-390,-528,-341,-369,-443,-462,-324,-104,69,125,209,250,253,45,-258,-841,-2156,-3998,-5834,-6407,-6235,-6208,-5269,-3789,-778,2566
7542,8721,8721,8721,4818,943,3096,4172,2201,1729,556,-301,648,639,-261,-350,-112,-129,46,38,-44,-55,-68,-27,-36,-154,-203,-212,-116,-102,-80,-124,-77,156,457,234,-86,25,68,-36
-54,-91,-137,-168,-167,-107,-112,-114,-57,-68,-52,-60,-40,-54,-51,-65,-65,-74,-106,-109,-127,-203,-902,-2202,-3812,-5341,-6172,-5615,-5399,-5603,-4359,-2520,882,4563,7313,8017,7320,6026,2727,2187
3732,2917,1715,1292,-42,-297,528,162,38,350,179,-13,-36,34,-6,-88,-113,-96,-79,-82,-101,-102,-97,-85,-94,-89,-71,-102,-117,-87,-69,-72,-73,-75,-91,-86,-98,-116,-116,-73
-2032,-4041,-6413,-7192,-6748,-7030,-6682,-4119,1012,6878,8721,8721,8721,7465,3353,2680,3692,2495,1220,417,-1040,609,487,-119,-212,-194,-23,19,29,5,-79,-43,-42,-58,-68,-74,-97,-86,-60,-71
-61,-61,-75,-72,-68,-83,-73,-82,-71,-73,-73,-78,43,-651,-3600,-5416,-7176,-6845,-6963,-6457,-4282,-597,4401,8190,8721,8721,7244,2310,3314,4390,2290,812,1496,-208,-717,-5,122,34,-148,-133
-77,-72,-68,-80,-72,-73,-77,-75,-75,-79,-63,-71,-61,-753,-2269,-5362,-6854,-6800,-6657,-6916,-5310,-1885,4543,8670,8721,8721,7643,3612,3372,4078,2642,1631,1152,632,-1402,-85,146,-75,-171,-114
-71,-67,-75,-88,-92,-88,-60,-75,-74,-68,-152,-1161,-2371,-4999,-7361,-8198,-8145,-7431,-5552,-2137,3229,7331,8721,8721,8433,4634,3364,3791,2707,2333,1414,1050,-1783,-550,185,245,-213,-155,47,36
-74,-81,-72,-86,-68,-68,-63,-69,-69,-1046,-3581,-7177,-7643,-6686,-6357,-6078,-4428,-881,4516,8300,8721,8721,8721,3459,2475,3692,2369,1871,1411,-1560,-394,294,146,-149,-202,-151,-54,22,4,-72
-71,-72,-65,-72,-74,-67,-83,-83,-85,-47,-958,-2673,-4954,-7524,-7162,-7082,-7166,-4920,-2387,1497,6064,8038,8646,8721,7159,3808,3251,3422,1521,1363,614,-91,-461,265,207,-71,-158,-67,47,11
-77,-85,-79,-88,-75,-77,-85,-85,-90,-86,-88,-92,-99,-108,-112,-522,-2279,-4905,-7807,-8741,-8624,-8262,-5818,-2082,4178,8015,8721,8721,8721,3911,1647,4228,4463,2131,-1810,-129,1334,643,-248,411
-173,-286,-322,-128,16,-34,-237,-128,60,18,-118,-149,-267,-727,-1808,-3183,-5300,-6690,-6987,-6074,-5537,-5030,-1668,4414,7493,8721,8721,8592,3469,2575,4160,3049,2200,1566,-865,-44,954,766,169,-258
-103,-104,-92,-99,-91,-84,-76,-81,-73,-56,-76,-69,-67,-117,-460,-1408,-2586,-4934,-5997,-5766,-5284,-5081,-3786,-1185,3240,6436,7747,8721,8386,3944,2877,4152,3202,2087,1599,866,-1763,-3,399,155
-203,-144,-194,-115,-195,-189,-192,-120,-99,-48,1338,5472,5788,413,-7364,-8741,461,8010,8531,6513,4385,2483,603,144,378,214,282,55,61,-140,-100,-65,-132,-173,-167,-96,-81,-73,-134,-62
-91,-110,-105,-105,-99,-101,-88,-83,-64,-85,-86,-70,-98,-89,-107,-135,-221,-219,-413,1692,5158,5198,-3911,-8324,-4691,5127,6862,6530,6451,3211,1115,32,381,142,-247,-316,-302,-148,-152,-40
-102,-99,-104,-100,-76,-94,-75,-82,-91,-109,-120,-181,-333,-439,-632,1973,4747,3180,-4667,-8741,73,6660,6754,5690,4888,2608,365,268,-214,51,-399,-142,-219,-138,89,74,48,-68,-67,-117
-114,-104,-138,-81,-73,-78,-140,-160,20,-76,-162,-154,-248,-118,-227,-3,2784,6645,3064,-6831,-8107,1792,5294,5752,4766,3497,1744,840,334,63,43,-361,-54,49,-213,-38,138,-21,31,-144
-122,-198,-430,-430,-115,2454,6838,1871,-8741,-7383,555,4181,4908,2936,3164,2396,1443,593,-110,-63,65,-701,-63,-106,-8,137,-42,-73,-135,-38,-78,-68,-99,-47,-69,-67,-46,-127,-76,-137
-64,-127,-45,-114,-76,-95,-83,-82,-84,-83,-97,-138,-180,-275,-378,-561,1314,6468,5159,-5591,-8741,-1537,4249,4875,3312,2914,1536,746,349,-182,-41,-302,-279,60,134,-279,-96,-225,-76,-119
-82,-120,-61,-74,-62,-117,-32,-127,-52,-191,-211,-404,-866,-679,1586,5345,3150,-6958,-8402,-961,6419,6429,5295,3232,845,130,-356,261,-8,-439,129,53,68,-69,-54,145,7,124,8,16
-67,-79,-91,-221,-259,-119,-124,-75,-145,-122,-197,150,552,385,1738,4995,2641,-7257,-8298,-1993,3503,3836,3515,3509,2203,793,384,-74,131,-177,-144,-192,146,421,87,-225,-213,-339,-166,-134
-271,-87,-41,-54,-78,-179,-182,-105,-97,-57,-100,-161,-219,-300,-360,-653,-357,2020,4869,4188,-1860,-6628,-7941,1407,5978,4453,3668,2852,1419,177,-211,-228,-64,-398,-75,159,207,-215,-368,-265
-37,-116,-203,-183,-144,-109,-145,-135,-192,-59,-122,-107,-200,-208,-358,-474,-271,-675,-349,1693,5658,3779,-6251,-8741,-2004,4521,4037,3188,3682,3626,1669,467,17,-169,-148,-350,-196,-157,-32,7
-72,-103,-68,-134,-273,-90,-33,-10,-40,-194,-455,-527,-598,523,2071,3617,3742,-1771,-7694,-5529,750,3647,2625,2005,1004,-197,-286,-546,113,-195,-339,-56,-377,-75,-81,7,43,-113,43,-168
-56,-75,-55,-72,-101,-52,-88,-44,-128,-64,-295,-620,-1054,-496,819,3472,5729,-1100,-8721,-8272,1388,5445,3634,1695,1476,1436,570,500,-450,247,-218,-199,-228,94,12,-35,-253,94,-28,-219
-32,-48,10,32,-14,-41,-72,-38,-84,-114,-125,-261,-398,-448,-546,-391,-542,-161,2352,5676,-172,-8741,-4657,4152,5519,4686,4015,3106,-1,-92,-702,-429,-388,-410,-304,170,124,194,-22,76
-92,-28,-102,-42,-111,-77,-77,-78,-60,-104,-102,-171,-252,-258,-825,39,3105,5581,963,-8497,-8741,2422,4601,4468,4019,2454,812,48,-244,-13,-217,-166,-128,-205,-7,-15,-7,-47,-98,-48
-110,-68,-55,-75,-96,8,-96,-32,-144,-225,-473,142,1453,2773,3163,232,-7870,-6945,1094,3505,4303,3294,1308,524,287,116,157,-271,-303,-306,-340,-382,-253,-241,-73,53,-19,71,-18,-42
-82,-69,-124,-63,-92,-104,-114,-88,-42,-77,-37,-64,-77,-77,-99,-80,-16,-71,-2,44,49,131,144,153,418,331,122,-105,-161,-210,-204,-358,-482,-557,760,3619,6195,1796,-8741,-5858
231,-35,-21,-106,-163,-32,-162,-52,-9,-145,-142,-191,-126,-57,-191,-70,-207,-131,-178,-179,-181,-150,-135,-109,-104,777,1133,1220,3088,6194,326,-8741,-4792,2825,4151,4472,5040,3539,1132,-315
-109,-59,-106,-148,-166,-104,-96,-56,-83,-15,-165,-253,-365,-287,1,321,2557,7177,3649,-8741,-7535,1729,3532,3238,3185,3454,1577,-113,-248,-584,-277,-205,-11,211,542,175,236,-627,93,-59
20,-47,-42,-77,-75,-107,-95,-94,-87,-100,-124,-259,-398,-386,-59,2888,5180,2901,-4168,-8741,-1786,4277,3759,4272,4190,2407,459,-294,-322,-541,-664,-357,64,-321,-83,118,-2,-55,-38,-108
-21,-169,-26,-116,-23,-149,-43,-105,-101,-196,-343,-203,-338,-453,-12,865,5170,6613,-402,-8741,-7281,3496,4163,4283,4006,1446,-28,275,244,124,-132,-110,-13,-45,-95,-26,-72,-55,93,-103
-60,-73,-68,-76,-83,-109,-96,-101,-163,-184,-293,-534,-750,-1504,-1652,6,2271,752,419,1381,663,623,765,191,39,72,-16,-615,-1281,-1684,-2996,-3520,-3289,-3975,-1711,896,385,255,-106,721
-61,-31,-51,-84,-79,-98,-116,-103,-58,-10,-85,-71,-200,-323,-159,124,401,356,252,241,252,65,87,300,829,239,-743,-47,-604,-1370,-1500,-1415,-483,-650,-529,187,-1594,-115,-109,-502
-429,-727,-1010,-1772,-2782,-3477,-2344,-1702,388,735,540,661,-99,520,917,-298,-921,-516,-102,-284,-525,-347,14,276,195,9,-105,-170,-199,-260,-382,-490,-320,136,383,-535,-957,-111,-1180,1261
2498,3034,1908,-158,51,-93,-267,-610,-382,-553,-1504,-2693,-2903,-2347,-2020,243,821,-362,-1473,-505,803,1101,325,-525,-376,-27,3,-114,-161,-168,-164,-112,-141,-245,-389,-818,-2382,-2824,-567,613
225,-760,944,633,2691,3173,257,-1370,-1486,-840,-387,-747,-1045,-1338,-2147,-3825,-3773,-3268,-1612,925,1650,-373,-687,-113,542,789,239,-234,-192,-24,-80,-152,-142,-112,-37,-79,-170,-226,-251,-298
-428,-739,-621,-225,-171,-343,-403,-281,-614,-144,813,1018,1507,2297,75,-584,-434,-384,-368,-740,-1532,-3284,-4190,-3914,-3957,-2642,-258,1019,1470,462,-163,235,413,-189,-629,-478,-93,-116,-204,-172
-59,-81,-156,-311,-1254,-1984,-1634,-636,-413,302,1613,621,1063,1938,-111,-969,-781,-349,32,-106,-239,-1229,-3040,-3926,-3630,-2569,-1953,-933,89,74,294,448,-229,-393,-422,-354,-194,-89,-206,-165
-40,-8,-23,-26,-39,-66,-68,-86,-129,-132,-120,-120,-136,-80,129,747,483,-84,317,338,31,74,-562,-654,1318,1528,-317,804,-192,-822,-706,-422,57,61,-22,-373,-1467,-3288,-4650,-5201
-1149,-280,-15,671,1409,1387,665,113,-90,-127,-37,20,-194,-336,-245,-215,-237,-263,-450,-375,-1412,-2067,-83,1575,1559,862,323,800,626,3176,1823,-411,-1194,-598,-378,-518,-1213,-2184,-3111,-3460
-3060,-1540,754,502,232,537,-333,-664,-202,46,21,9,-75,-160,-212,-312,-340,-328,-375,-397,-229,488,1242,195,-311,525,1085,378,190,936,191,-437,179,648,-141,-675,-373,10,-78,-341
-668,-1223,-2305,-3555,-3443,-2746,-2276,-110,866,1628,1277,162,-187,194,233,12,-216,-195,-183,-209,-225,-176,-182,-274,-221,-433,-1250,-546,628,832,721,879,1938,3370,4339,4392,2345,208,-1042,-1447
179,292,514,312,202,168,310,636,547,2638,4005,4657,6292,4386,95,-898,-327,-316,-1182,-2216,-3216,-3557,-3849,-3254,-1825,-1140,-285,636,-157,-169,399,619,470,192,5,-117,-152,-166,-157,-199
54,975,994,630,558,626,31,-146,9,-447,-1221,-1107,-190,-412,374,2208,3756,5155,2893,-130,-459,-537,-588,-998,-2083,-3873,-4638,-4642,-3147,-1324,290,125,-549,232,782,807,299,-494,-213,118
-13,-232,-214,-158,-108,-122,-133,-126,-104,385,-86,-966,-1104,-71,384,-864,-1386,-588,577,3239,3519,4971,2492,-1185,-694,-147,-355,-546,-1268,-2820,-4591,-5344,-5651,-5243,-2806,-858,-561,589,705,659
302,241,-82,-157,-80,-19,-146,-179,-158,-114,-177,-209,-275,-535,-1777,-3118,-468,4293,2921,2321,2719,2306,2318,2551,1762,-1270,-1112,-257,-158,-253,-576,-1168,-2334,-4425,-4488,-3402,-2695,-1382,-1026,-691
-276,273,453,118,159,122,-15,-92,-138,-238,-392,-536,-688,-347,-133,-162,-160,-977,-1330,-1134,-1694,-691,488,901,1869,1692,-368,-1173,-841,-382,-283,-461,-1012,-2182,-3764,-3619,-2315,-2113,-1152,581
418,1519,1624,822,660,-197,-509,-267,104,-25,-252,-192,-182,-398,-887,-768,-231,740,290,-626,-247,-120,-369,416,-664,1204,3070,467,-329,-126,76,-134,-423,-653,-1315,-3008,-3979,-3226,-2416,-1800
-6,-186,-598,783,742,146,336,-555,-511,-258,-73,-140,-497,-1114,-1825,-2462,-3305,-2668,-1041,-2876,-1681,-1280,-766,-833,522,-903,-777,-185,-106,-171,-411,-782,-1483,-2492,-3560,-3617,-3274,-3286,-2099,-672
-75,695,797,642,461,-1211,-1367,561,-373,-75,271,289,61,-243,-561,-833,-764,-600,-1158,-1410,-1220,-578,-544,-1002,-392,404,-415,180,55,-287,-325,-224,-289,-641,-1587,-2997,-4505,-4639,-4953,-3592
-1920,-475,396,1253,1285,865,-481,-134,152,204,125,-139,-452,-663,16,11,-698,-698,-418,-1126,-1619,-524,115,2777,3271,1506,-728,-445,-22,-461,-458,-262,-367,-470,-687,-1113,-1912,-2454,-2922,-3138
-125,-99,-77,-52,-52,-68,-63,-64,-67,-71,-122,37,633,251,81,138,-176,-151,310,785,2338,3349,3317,4858,6519,903,-1012,689,-510,26,214,159,-1909,-2594,-4089,-4933,-4860,-4118,-2983,-2967
-746,247,863,579,-82,-178,575,23,-632,-207,413,312,-105,-432,-260,639,3222,5374,6312,4797,2729,179,-614,-164,-195,-360,-1665,-3306,-4444,-4450,-3830,-3210,-1509,-474,181,175,452,-83,-624,-329
-202,-257,-191,-145,52,96,76,-73,-163,-145,-104,-51,78,62,34,218,241,1251,3649,5867,6918,7913,3063,-445,-1109,-73,-29,372,616,977,427,-2437,-4092,-4156,-3562,-2998,-2363,-785,617,600
339,317,-66,-892,-856,-86,267,37,31,52,-185,-180,41,209,-1220,-1430,366,1676,737,624,1336,1574,4067,5144,4728,5238,-733,310,-681,-560,-9,109,518,-381,-1443,-2457,-4125,-5353,-4290,-2586
2631,2437,1494,1524,3182,3467,4761,6484,-1535,1920,-558,-469,-191,347,330,-1171,-2860,-3923,-3863,-3629,-3032,-2265,-1173,-381,15,236,214,78,56,16,314,570,627,563,122,730,1795,1178,-658,-1899
682,2564,4169,5510,5786,3534,1427,-890,135,-507,645,725,-1573,-3385,-4140,-4237,-3721,-2530,-1514,-789,41,410,257,16,44,144,155,146,126,186,227,571,1495,2373,1546,-47,-173,642,1215,2748
3821,2729,77,-275,66,-164,-654,-2634,-3890,-3807,-4170,-3197,-2821,-1464,-1048,-374,270,211,153,142,67,44,-49,-22,-200,-303,579,2100,1402,-426,-1249,-1724,-901,403,1241,2146,2802,4863,5565,6850
-2425,716,-524,-184,-224,-129,131,-713,-2154,-3148,-3544,-4382,-3899,-2783,-1694,-574,-712,-255,359,437,115,-14,87,22,-24,31,-48,-214,217,798,1519,1009,-96,-530,4,2159,4089,5001,5664,6206
339,-580,-1234,-637,654,2057,2101,3972,6299,6895,650,1797,-528,-734,-316,-315,-142,-267,-1537,-2883,-3851,-4618,-4382,-3452,-2126,-612,69,238,275,133,-63,-30,11,29,-7,97,-26,-205,-540,602
30,38,29,-23,5,173,167,52,-10,10,35,6,75,31,113,-217,312,1752,742,-511,-1728,-636,2435,3396,3849,4817,4976,4248,-1056,-61,-997,-125,-145,-104,10,-38,67,516,-383,-2418
-3100,-3597,-3894,-3373,-2432,-1867,-1434,-747,-157,-78,70,129,116,73,-29,-38,-34,-49,-38,-22,-28,-53,-29,-130,-35,1540,2043,852,-1037,-1459,-1006,-322,689,1519,2617,3994,5461,6441,-806,1529
-86,1318,2285,4257,5345,5904,7496,-1112,234,-491,-491,28,-25,-168,-1122,-2704,-4019,-4878,-4841,-3269,-1489,-447,-315,1,156,-91,-86,140,-132,-419,-442,-298,-94,771,1751,1477,219,-1332,-1840,-894
-1112,-598,-532,-1187,340,3504,5802,6455,7606,-1023,2064,-93,-166,-22,596,-104,-1634,-2778,-3464,-3927,-2915,-2273,-2053,-828,-132,-404,-501,-193,93,241,270,-37,669,2310,2072,691,-707,-1193,303,2644
3902,4837,4711,7226,629,-150,-288,-213,-131,235,-355,-1369,-2439,-3133,-3183,-2994,-3419,-3719,-2512,-1388,-1052,-733,-265,-44,-35,-2,-32,-88,-60,133,316,794,1543,1355,360,-583,-416,1561,3849,5623
16,42,41,12,-7,-2,13,1,-39,-98,-151,-86,-39,50,138,109,41,-78,-89,-113,-12,-639,296,1969,737,-1448,-1477,-880,339,1758,2916,2985,4598,5833,-8741,-4638,2562,860,-707,226
359,776,985,-525,-2124,-2161,-2722,-3365,-3101,-2255,-1269,-747,-25,488,512,419,131,8,-32,-75,-155,-153,-31,1047,1239,833,-105,-678,-780,-346,-367,-125,1102,2602,3237,4327,5564,4591,-237,1740
1582,2839,5497,5982,6703,-1327,297,-380,-29,64,-56,38,-1038,-2894,-2849,-2685,-2770,-2311,-1790,-1363,-615,-198,156,472,524,359,222,83,-72,-239,-252,-202,-49,93,207,423,-167,89,918,590
-39,-611,-213,193,21,-278,-903,-1037,-1209,303,1504,1451,2825,4958,5732,6110,4437,-1108,436,-623,-386,-313,-304,-1096,-1517,-1632,-2099,-2661,-4207,-4266,-3743,-2634,-1408,-446,316,654,808,845,459,-125
-633,-426,-71,68,3,-40,97,429,370,1026,1991,1169,-206,-1461,-1562,-381,829,1997,3926,6287,6538,683,291,266,-802,-516,-604,-317,-197,-279,-800,-1979,-2440,-2898,-3423,-2760,-1719,-920,-40,431
636,381,-496,-360,59,130,-52,36,226,227,169,128,179,-6,-125,-120,-50,324,181,550,1971,3209,4560,6077,7684,7732,-101,-137,-1369,-476,-323,-221,-138,106,-4,-1184,-2124,-2926,-3681,-3752
-19,-88,-235,-236,-270,-278,-603,-991,-1921,-3100,-3956,-4540,-4139,-3474,-3044,-2270,-2147,-1581,-407,1303,2739,5091,8721,8721,8721,6286,6326,6419,5362,2712,487,-55,191,-608,-186,104,17,98,36,-71
-85,-109,-204,-103,38,80,23,-51,-118,-166,-172,-74,-28,-49,-32,-26,27,36,-2,-32,35,-16,-754,-2186,-3021,-3476,-3569,-3286,-3399,-2835,-2500,-1518,-387,1202,1516,2303,8346,8721,8709,6573
5755,4810,4484,3774,1520,219,-846,-529,54,235,-50,-578,-194,199,127,-131,-120,-43,-32,50,79,-30,-124,-129,-89,-87,-92,-97,-121,-96,-237,-1184,-1474,-785,-1128,-569,-479,-643,-670,-1063
-1180,-670,-307,-625,512,2889,4512,8721,8721,8721,7764,6446,4982,3630,2341,1105,630,334,254,147,395,364,-307,-272,66,23,-134,-233,-287,-390,-445,-435,-356,-266,-80,-58,-28,105,166,-659
-1858,-2467,-2932,-3318,-2859,-2280,-1591,-518,431,813,2537,4620,8670,8721,8721,8296,6986,6025,4574,2989,1635,206,-284,99,335,231,-49,-638,-141,368,115,-275,-341,-350,-478,-394,-212,-347,-560,-557
-757,-2207,-3054,-3756,-3548,-3505,-3207,-3471,-4102,-2804,-776,2242,4760,8721,8721,8721,7788,7174,6439,4897,2678,1590,135,211,363,274,141,-184,-664,-363,-125,-246,-298,-225,-274,-328,-378,-125,63,-269
-331,-156,69,-1325,-3734,-5108,-5093,-5265,-5175,-4851,-3569,-1180,2160,6094,8721,8721,8721,7927,6090,7102,5864,3893,1286,500,-604,-130,-362,-745,-412,-49,135,57,42,-39,-141,-222,-181,-84,31,-86
-516,-1099,-1296,-1184,-1035,-782,-114,1469,924,-540,-1143,2315,8141,8721,8721,8721,7733,5303,4511,3802,3046,2553,1412,465,408,-26,-183,-746,-421,333,435,-51,-88,-316,-662,-1101,-1372,-2026,-2268,-2473
-2454,-2167,-1793,-1240,-928,1823,7288,8117,8721,7632,5531,4620,3820,1023,372,1005,411,211,-19,-139,-49,0,89,102,41,15,4,29,149,67,-324,-1093,-1679,-2214,-2322,-2102,-2045,-3104,-3348,-1542
-1043,-1375,-1715,-435,3435,8721,8721,8594,8721,8324,7982,5531,2632,382,-798,330,203,-31,318,575,-507,-398,85,-103,-681,-715,-243,-15,0,-1210,-1461,-3423,-4037,-4948,-5651,-6455,-6033,-4799,-3932,-2300
-1463,-692,1090,4010,8454,8721,8721,8721,8721,8692,7679,4256,1888,278,-329,-221,-761,-841,-383,-115,24,-47,-163,-212,-230,-128,-16,13,-1,-34,-433,-729,-2194,-3243,-3341,-3593,-4416,-5695,-6267,-5635
-3858,-866,2149,5729,8721,8721,8721,8721,7432,5863,4222,3618,2145,477,-153,-22,-401,-496,-170,-2,-175,-349,-634,-894,-733,-952,-1577,-2092,-2185,-2941,-2664,-1981,-1013,-1577,-2009,-2409,-2324,-2286,-2590,-1826
404,3030,7050,8721,8721,8721,7482,6043,4446,3176,2378,1541,692,367,273,35,-274,-310,-219,-189,-259,-240,-226,-273,-230,-231,-192,-312,-349,-643,-424,-2749,-4623,-4845,-3894,-3057,-3245,-2966,-2442,-1439
-637,-1084,-967,401,3624,6400,8721,8721,7844,6333,5882,6002,5405,3945,2845,1005,-83,-299,-238,-173,-723,-649,-24,-59,-360,-283,-208,-196,-159,-326,-411,-951,-1318,-2225,-2018,-3287,-4662,-5309,-5198,-5014
-3648,-2681,-2377,-1102,413,1878,4792,8721,8721,8721,8721,6868,6565,4839,3699,2733,1354,276,-257,-466,-499,-617,-285,-172,-204,-49,-62,-292,-1150,-3178,-5145,-5202,-5049,-5855,-6221,-5668,-4955,-3821,-1615,374
1736,3309,4134,6911,8721,8721,6378,6439,6092,5872,4591,2478,-16,-896,-467,-431,-343,-433,-1574,-2165,-2823,-3326,-3379,-3422,-3832,-4200,-3600,-3590,-3537,-3692,-3474,-3563,-3791,-2794,-1314,1288,2962,5259,8721,8721
8721,8217,6549,5657,3883,2517,2282,472,-317,-296,-251,42,348,130,278,-422,-1166,-1681,-2592,-3635,-5053,-6134,-6151,-5927,-6068,-5202,-3630,-2366,-839,773,1586,1655,1924,6823,8721,8721,8721,7912,7045,5665
4229,2837,1653,498,-229,-349,43,353,217,-127,47,-27,-381,-463,-858,-1398,-1328,-1689,-2653,-3122,-2397,-1542,-922,-1472,-2165,-3100,-3664,-3120,-1528,141,1924,8671,8721,8721,8721,6640,5893,5800,4375,4159
2994,542,599,260,-321,-493,-496,-346,-144,-310,-628,-1394,-3449,-3594,-3668,-4322,-5207,-4318,-4605,-4336,-3996,-3498,-2776,25,4651,8721,8721,8721,7572,8677,8574,5837,2901,1329,610,824,712,703,930,1203
859,139,78,-200,-195,-71,-474,-407,183,-214,-1884,-4744,-5907,-5046,-3863,-3258,-2477,-2929,-2555,-2518,-1305,-144,1954,7248,8721,8721,8017,6098,5529,5567,4973,3953,2339,2000,1254,-242,-233,-381,-154,20
-5,82,80,-61,-99,-88,-89,-129,-152,-194,-184,-93,-28,-39,-104,-188,-227,-457,-1633,-3909,-4578,-1860,-577,-8438,-812,729,-1036,-2612,-7413,-3803,1492,1552,1514,2551,1344,441,602,819,648,310
101,514,679,418,65,-130,-167,-135,-156,-124,-160,-116,-100,-98,-117,-163,-203,-411,-477,-611,-665,-595,-323,3701,8550,-2906,-3049,1546,-3559,-5127,-1674,1780,1184,370,653,558,491,-74,-105,137
-65,-115,40,101,45,50,92,89,73,124,-39,-136,-305,-319,-348,-473,-633,-556,232,7433,8064,-3812,-3270,1261,-1788,-3737,-8181,-4346,1492,405,39,108,589,726,510,53,-37,156,209,82
-119,-176,-249,-153,-67,-83,-130,-224,-274,-333,-469,-496,-381,-217,-127,-291,-206,5917,8721,-6826,-854,1108,-3722,-8625,-4972,2400,427,487,963,596,461,801,921,542,-110,-7,98,-85,-120,-29
-72,-130,-129,-175,-168,-126,-115,-226,-186,-59,-73,-216,-280,-163,486,8721,6378,-6906,-1559,-443,-5711,-2052,3340,214,-525,374,579,295,385,454,218,47,140,174,32,73,137,57,81,39
-154,-141,-204,-120,-58,-21,-66,-165,-238,-367,-451,-543,-643,-806,-673,2112,7503,5388,-5107,-2267,-4880,-6646,1556,2782,38,-104,184,34,158,211,-108,-147,-198,-200,122,379,321,6,84,130
26,-32,8,73,44,-70,-127,-146,-117,-145,-489,-1008,-449,8721,8721,6234,-8078,-8741,-8165,-3414,4294,958,-1433,-436,396,220,241,130,233,441,491,269,343,407,202,1,-23,-35,60,25
45,-9,-82,-71,-85,-81,-108,-148,-109,-136,-154,-139,-152,-383,-2471,-5418,-3551,-186,2164,773,-314,-1313,-5166,-3445,6447,3279,-26,356,730,906,259,-111,-104,76,132,146,-33,82,40,-89
-193,-172,-47,25,47,8,-91,-114,-69,-136,-315,-540,-578,320,8721,8721,783,-8741,-7307,-8555,-5600,575,2698,1400,151,62,-71,258,366,337,115,38,158,135,192,106,12,3,56,66
-51,-43,6,-24,-30,-11,-4,-19,4,137,827,3156,8721,8649,-3407,-6370,-7426,-2074,4430,1144,706,13,470,472,13,84,-25,35,188,167,25,5,-9,11,4,-37,-48,-63,-80,-40
-14,-22,-45,-39,-77,-182,-97,-59,32,262,1125,7853,7197,-3302,-5864,-3646,-6012,-1296,2042,417,183,514,474,334,347,143,-53,30,96,20,-88,-50,-21,71,93,66,69,60,-67,-72
-36,-62,-101,-86,-2,-89,-112,-112,-99,-75,-32,-23,-31,-43,-99,-200,-280,-317,-302,76,3468,5874,1604,-6716,-3962,-3820,-934,2379,464,-34,455,164,105,90,43,107,167,173,108,92
11,9,37,97,168,181,-34,-54,-12,-56,-128,-155,-160,-224,-394,-723,-162,4309,1811,-2351,-3862,-3293,-1188,3241,1504,549,121,331,194,94,18,-146,-2,124,119,79,200,232,145,49
-154,-106,-70,-60,-48,-60,-58,-116,-120,-187,-252,-325,-250,2681,5984,5361,-3495,-5241,-7139,-3655,2509,717,-632,222,777,386,377,-5,-41,156,88,99,68,13,50,76,59,27,-20,-76
-141,-107,-143,-128,-88,-117,-448,-801,1138,3814,2580,-3660,-5350,-6194,-1513,3652,891,-972,-547,434,410,340,167,26,78,177,202,84,12,47,-12,-76,-101,-62,-129,-81,-90,-71,-72,-60
-63,-29,-7,-25,-111,-124,-84,-54,288,4030,4094,-505,-6834,-7170,-3695,5685,446,-766,-375,80,35,-173,-179,42,138,103,-38,18,17,35,19,3,5,-15,-36,-43,-65,-102,-111,-180
-250,-283,-264,-286,-99,344,1318,7844,7115,-2367,-5418,-4233,-3322,789,857,24,358,462,206,195,156,-134,52,45,-79,-110,-142,-81,-120,-131,-41,51,25,-19,-48,-81,-87,-152,-97,-100
-164,-184,-219,-214,-110,-142,-179,-223,-245,-231,-114,101,3483,8721,4701,-6570,-4813,-6515,-1129,342,-108,325,361,238,327,261,62,130,151,109,72,35,60,27,-13,-57,-43,9,-13,-29
-59,-76,-40,-58,-67,-59,-57,-57,-84,-187,-152,4568,5696,2959,-5855,-5713,-3982,936,648,-284,-50,-78,-15,24,-80,-44,29,-7,-76,-113,-38,16,33,-35,-22,-97,-131,-130,-84,-81
-95,-68,-82,-82,-32,-48,-63,-74,-88,-53,513,6092,5131,-4130,-2490,-2852,615,2969,607,398,264,423,251,49,-4,-11,49,110,134,47,-34,-36,-61,-97,-108,-111,-114,-100,-81,-91
71,10,33,-48,6,81,11,37,-99,6,-42,-74,-28,-21,-367,-775,-484,-89,175,163,2,-204,-183,-15,57,42,-53,-485,-638,-214,340,318,-84,-241,212,1573,2931,3203,1640,2627
3145,480,-569,-2398,-3351,-2647,-1559,1207,5150,6385,2530,-891,-1305,-1265,-247,227,-287,-366,-140,-67,-148,-263,-597,-2601,-2006,1378,2205,3905,3137,2320,4601,-1258,-1264,-4271,-4474,-2500,79,2894,4007,5120
3365,-53,-1843,-1599,-753,-547,-405,77,338,170,120,200,199,41,-63,-218,-358,-680,-731,-1257,-1358,110,1590,3577,4806,5712,3032,-1429,-873,-3536,-4996,-3165,-1208,1420,5236,5341,3060,654,172,-307
-709,-558,-404,-200,-42,77,75,40,53,32,-65,-156,-178,-600,-728,-1473,1060,2478,4373,3622,5746,1539,-2368,-404,-2032,-2948,-3693,-4475,-4256,-861,3573,4751,4087,785,-575,-416,-354,-399,-536,-331
0,153,114,-48,-150,-203,-234,-343,-373,-370,-1629,-221,898,3378,4668,3850,4539,-676,-646,-1339,-2715,-4384,-5411,-5241,-2475,3391,4006,3535,1109,-374,-189,-208,-485,-570,-337,-31,-4,72,109,91
28,-93,-562,-1111,-400,-1475,-307,1435,3407,4211,2971,4883,321,-1306,-830,-2579,-4840,-5313,-4122,-2005,2177,4315,3598,1249,-559,-288,91,-209,-385,-154,125,23,-37,-7,11,14,52,-52,-214,-1901
-378,1016,2908,4346,4066,5143,51,-871,-1092,-3089,-5190,-6521,-6061,-1761,2756,4864,2657,-130,306,516,183,-247,-387,-185,72,166,177,32,-120,-51,55,-56,-191,-219,-318,-563,-831,-352,-1634,306
1955,4014,5265,4195,4229,-1554,-712,-1688,-3302,-4593,-5229,-5423,-3321,1549,4386,3674,1160,731,-12,-339,-158,-246,-243,-130,-8,-124,-174,-175,-90,-103,-37,-16,-88,-217,-342,-679,-1043,-412,1047,2470
4248,4846,3115,5455,-435,-163,-1023,-2032,-3780,-5456,-5939,-5247,-1661,2721,3510,1165,134,271,422,85,-378,-488,-66,202,100,-56,-50,-28,-6,22,1,-2,-168,-407,-848,-1593,-338,1213,3546,4836
4015,4134,-926,-230,-838,-2037,-3721,-4921,-6032,-6197,-2576,1512,3013,2185,-166,149,767,407,-191,-355,-208,10,80,-21,-124,-124,-24,-30,-128,-234,-340,-471,-230,-801,26,1137,1726,4276,4608,3019
5139,-934,-1205,-2188,-4201,-5037,-4359,-2540,1186,3263,3030,-54,353,1042,794,-87,-658,-534,-131,-11,-50,-125,-87,2,-31,-23,-131,-245,-283,-257,-247,-607,-1271,-40,1243,4312,5515,4180,3759,-542
-170,-1810,-4019,-5492,-5253,-4116,512,3323,4139,805,-947,409,882,73,-554,-477,-26,185,-173,-125,84,61,98,19,-230,-138,-123,-429,-735,-1114,-864,1795,3769,4314,5186,1097,-1804,-1154,-2726,-3971
-4315,-4340,-3325,1467,4794,4325,-637,-1008,191,899,282,-482,-543,-153,175,189,-101,16,162,228,160,-13,-134,-610,-672,-1382,16,1396,3148,4960,4654,5602,-1210,-1112,-997,-2645,-4371,-5114,-5570,-3979
1680,4394,4151,-847,-1217,475,1239,39,-841,-754,-346,170,413,303,44,-131,-116,-61,-18,-59,-89,-397,-457,-249,2194,2738,5717,4619,5194,263,-2271,-572,-2081,-3685,-4911,-5744,-5539,-1343,3839,4684
665,-997,388,1373,208,-617,-144,578,-131,-386,-198,-4,181,89,-106,-126,-214,-953,-1461,-1191,842,2429,4686,5186,4941,2705,-1380,-649,-1597,-3611,-5601,-6924,-6485,-2123,2739,3918,1472,-728,854,1643
506,-771,-938,-235,258,211,-67,-409,-30,322,243,58,9,36,-126,-1137,-2082,-851,1148,2833,4480,4512,4301,1892,-928,-449,-1103,-2923,-6129,-8145,-3039,3563,6312,3856,-2041,-24,1553,1390,9,-529
-187,324,-130,-264,-11,27,19,9,-185,-282,-242,-222,-300,-628,-1224,-1456,59,2802,5508,6503,5956,4989,-2092,-206,-856,-2776,-4583,-6092,-6981,-4799,1671,4158,4999,198,-1109,127,327,174,-123,141
-29,-176,-12,-25,1,8,52,93,65,-172,-1095,-2091,-1558,249,1910,2900,5098,5337,7594,-771,-2551,-934,-3630,-5735,-4905,-1119,2965,3683,2760,111,224,712,595,-149,-502,-176,155,153,-26,-90
-72,33,71,-137,-553,-913,-1194,-1713,-908,263,1536,3157,4371,3982,4108,-1983,-987,-1049,-1850,-3072,-4539,-6145,-5144,808,3770,4257,485,-1848,-503,694,435,-69,-178,17,100,84,-25,-47,92,93
32,-11,-74,-54,-428,-1253,-1690,-1127,2019,3868,5556,5478,7116,41,-2391,-611,-1732,-3671,-5685,-7802,-8058,-2395,2568,3788,1544,-1519,-68,676,634,122,-153,44,238,-160,-292,-38,106,230,179,-51
-60,-81,-69,-88,-77,-84,-87,-82,-88,-84,-75,-76,-64,-80,-76,-118,-194,-273,1171,6439,8721,8721,4721,684,1278,-3726,-8651,-8741,-7087,-5641,-2951,1758,2034,626,282,704,615,-400,-498,57
93,-76,-48,-39,0,-7,-96,-74,-113,-89,-796,-283,4718,8721,8721,3465,2062,2313,-5409,-8741,-7132,-3123,-231,279,641,732,528,505,431,-393,-548,-92,36,-5,25,74,29,-65,-95,-111
-111,-95,-74,-39,-35,-64,-160,-146,-772,2035,8439,8721,8721,-1580,2944,-2496,-7735,-8126,-5996,-2202,-557,423,142,164,433,913,826,477,-408,-689,-251,-31,-30,-27,-24,-37,-69,-67,-51,-48
-53,-242,-403,-500,-472,788,4839,8721,8721,4024,466,1699,-1700,-5692,-7760,-7093,-3884,-1494,137,607,309,742,894,911,608,142,-122,-126,-119,-118,6,65,98,59,34,0,-160,-348,-336,129
915,4535,8721,8721,4642,202,349,-1310,-3937,-6446,-7407,-5571,-1606,-508,151,409,756,934,829,710,578,-337,-320,-25,-157,-201,-79,-59,-78,-76,-10,-18,-76,-92,-47,136,798,2955,6900,8721
121,55,32,-7,-28,-56,-43,-79,-92,-72,-85,-85,-70,-91,-167,-113,-602,-526,3997,8443,8721,4580,1127,-422,-5438,-8414,-7023,-4170,-2013,-1485,182,882,816,525,480,346,186,-115,-164,-38
-105,-125,-43,-31,21,42,-50,-58,28,28,6,-23,-173,-138,-257,-374,357,4312,8721,8721,6167,-1014,-461,-5470,-7967,-6742,-3515,-1692,-1126,255,894,819,940,938,619,339,-333,-194,64,-24
-3,0,-74,-65,-37,-52,-79,-87,-83,-79,-40,-114,-85,-91,-56,-58,-37,-57,-19,-49,0,71,-84,-66,-148,-315,-659,-706,-85,-13,-87,-210,-635,-1063,-1104,-935,1109,6111,8721,8721
7596,-544,1806,-4241,-8741,-8741,-6554,-4216,-2634,-687,901,968,742,650,648,603,438,-97,-35,105,-113,-190,-214,-261,-370,-285,-258,1571,7648,8721,8721,1584,1454,-104,-2650,-6762,-7128,-4595,-2224,-1493
-444,691,1091,990,612,385,210,127,-52,-92,-205,-256,-243,-231,-176,-167,79,-376,1806,7345,8721,8721,2578,280,-104,-2346,-5809,-6561,-4605,-2536,-1311,-264,768,989,548,342,406,395,212,45
-30,-95,-63,-62,-88,-47,-27,-10,-2,-27,-55,-159,-377,-212,-218,2017,8721,8721,358,1223,-3306,-8214,-8741,-7298,-2812,-1108,-106,55,539,1039,1094,633,340,229,114,-105,-291,-200,-191,-167
-87,-27,39,37,18,56,-18,-41,-84,-59,-29,-2,-59,96,-737,4942,8721,8721,5072,532,715,-2672,-6459,-7511,-5967,-3681,-2042,-398,736,813,524,353,376,379,150,-349,-211,56,-10,-162
-74,7,45,-20,-117,-113,-59,49,-15,-223,-1020,-73,6715,8721,8721,4001,254,1775,-1371,-4383,-6178,-6847,-5107,-3294,-748,954,868,501,540,345,132,0,-29,-132,-111,-39,-17,-104,-88,-77
-47,-25,-52,-25,-44,0,-113,-374,-1323,2962,8539,8721,7751,367,1686,-785,-4637,-7272,-6665,-4112,-2295,-521,243,1041,1083,715,320,-214,-336,-59,70,-2,-86,-71,-37,-7,-60,-104,-84,-56
-64,-43,-43,-53,-43,-51,-37,7,-93,-673,-1290,-837,6172,8721,8721,3440,2277,490,-1637,-4902,-7346,-6771,-4399,-2322,-361,863,1322,888,186,-160,-146,-24,101,-22,-193,-108,-82,-80,-57,-60
-65,-60,-68,-53,-53,-66,-72,-31,-18,-198,-705,-350,6187,8721,8721,3541,195,-37,-1623,-5590,-7587,-5758,-2892,-1927,-335,842,774,370,168,166,-127,-389,60,175,-95,-101,19,-50,-100,-70
-41,-26,-39,-70,-76,-49,35,129,-125,-486,-1618,1112,7959,8721,8567,2738,795,175,-2144,-6428,-7534,-5241,-2698,-1213,199,786,778,939,708,-355,-626,-232,42,186,89,-41,-48,-95,-95,-64
-61,-72,-75,-52,-47,-14,-28,-29,-61,-12,-830,264,7121,8721,8721,4309,-374,-35,-1173,-4712,-8060,-7550,-4602,-3450,-1333,683,1004,645,349,343,248,-77,-277,-94,-36,-62,-52,-60,-92,-105
-86,-86,-83,-89,-84,-65,-57,-24,31,-7,-734,-1383,5348,8721,8721,6371,1094,144,-639,-3225,-6645,-7757,-6091,-4086,-802,854,1249,811,318,175,-1,-88,-106,-92,-53,-28,-105,-126,-40,-44
-20,-2,-61,-88,-87,-75,-85,-116,-93,-15,246,57,5958,8721,8470,5038,-232,-371,-1361,-4336,-7092,-7659,-6379,-3247,-224,1101,810,527,579,447,14,-218,-77,4,-62,-97,-76,-79,-114,-121
-73,-76,-81,-77,-80,-64,-77,-54,-48,-84,-108,-162,-72,-63,-107,-161,-110,-440,-2,-431,-1492,-3899,-6595,-7592,-7833,-7570,-5640,-920,2989,8035,8721,8721,6664,8721,7210,3859,3529,538,-1379,-1083
681,517,-459,-853,-842,-595,-138,-30,-120,-245,-136,-134,44,260,366,213,316,164,-797,-1290,-3470,-8517,-8741,-8741,-8191,-5838,-1408,2899,8534,8721,8721,5473,6602,8324,8141,4085,-329,-1193,-1079,-730
-1117,-828,-42,359,-382,-336,-122,-17,40,-17,-73,-162,-69,691,78,-2855,-6224,-8175,-7778,-7556,-7079,-6057,-1958,1525,7755,8721,8721,8721,7578,6555,4957,3327,678,-646,-475,-934,-704,-476,17,-105
-242,-20,37,8,-47,-103,-81,-51,-33,-43,-70,77,-145,-580,-2248,-6042,-8741,-8741,-7872,-6880,-5713,-2115,2094,8529,8721,8721,8318,8562,7841,5889,3749,716,-746,-364,-156,-1093,-675,-267,-211,-214
-87,11,153,271,311,260,104,250,202,69,-247,-827,249,460,-2347,-5822,-7986,-7894,-8149,-7328,-4854,-492,3404,8721,8721,8721,8721,8721,7896,5128,2336,419,-14,126,173,-712,-618,2,-35,-291
-187,83,304,263,118,-101,-91,198,471,14,-231,-861,-2564,-2935,-4509,-7437,-8741,-8741,-8251,-7169,-6056,-2838,1928,8721,8721,8721,5818,7469,7030,5562,3245,-92,-1002,238,256,-108,-379,-355,-400,-411
-394,-253,-83,-86,-92,-51,-130,-165,-150,275,1188,743,-1302,-4286,-7385,-8741,-8741,-8027,-7002,-4916,-1067,3214,8721,8721,8721,7788,7496,6344,5782,4395,1119,-218,43,620,53,-707,-622,-319,-141,94
298,127,-76,-174,-213,-302,-274,-182,-146,-381,-1062,-1537,-3022,-5306,-8002,-8741,-8741,-8170,-7311,-4974,154,3614,8721,8721,8721,8169,8217,7253,4771,3673,2122,237,-628,-146,-214,-269,-507,-687,-440,-96
248,384,227,27,-226,-318,-281,-247,-239,-186,-391,-42,-1511,-3755,-6908,-8586,-8741,-8501,-6470,-2117,2026,6548,8721,8721,8721,8292,6704,4120,6065,3837,582,-957,-1240,-413,54,-350,-672,-83,422,-344
-292,185,79,150,213,65,-198,-317,-195,-27,121,-317,-789,-2849,-5913,-8741,-8741,-8741,-8741,-6926,-3295,1668,5908,8721,8721,8538,7287,8074,7352,6756,3409,81,-1904,-1495,-445,-118,-237,-369,-20,16
286,583,574,237,27,-52,-42,-90,-232,-489,-590,-955,-2196,-4326,-7460,-8741,-8741,-8741,-8137,-5638,-1751,2731,8721,8721,8314,5764,8721,8500,5459,2648,506,-414,-1193,-522,20,7,-161,-439,-497,-363
-71,73,73,19,2,0,77,52,-3,-54,-277,-565,-722,-2000,-4347,-7104,-8643,-8741,-8741,-7189,-3708,-145,4380,8721,8721,8721,8339,8721,7742,4192,1431,531,150,-619,69,134,-202,-321,-515,-427
-257,-11,96,-20,-85,-133,-132,-56,-124,-231,-2,-382,-951,-2794,-6853,-8741,-8741,-8490,-8134,-5729,-540,4081,8721,8721,8721,8721,8721,6428,3641,2126,641,-372,-958,-764,-122,-472,-914,-593,291,600
289,-135,-278,-124,58,-75,-198,-107,159,12,-610,-571,-2488,-5117,-8057,-8741,-8520,-8741,-8352,-4336,1876,6440,8721,8721,7469,7192,8721,7620,4622,1316,-294,-1169,-1026,-468,-166,-163,-163,-253,-172,-126
28,60,-10,-141,-255,-191,-108,-104,-62,-396,-1094,-1784,-4128,-6865,-8590,-8741,-8741,-8741,-7257,-2385,1541,7993,8721,8721,8721,8721,6515,3460,3320,860,8,-442,-1255,-655,41,5,-245,-107,82,-222
-263,-129,-99,-23,-33,-19,-90,-163,-97,-3,-164,-973,-2182,-3904,-6705,-8741,-8741,-8741,-8741,-7962,-509,3300,6252,8721,8721,8721,8642,8519,6298,4169,1836,-40,-938,-878,-420,48,125,-35,-39,-215
-116,117,355,409,558,487,0,-164,-440,-869,-2954,-3675,-3203,-5214,-8245,-8741,-8741,-8741,-8741,-6448,-139,3900,8248,8721,8721,8721,8721,7402,4449,2618,968,-824,-1154,-635,-139,-37,-207,-182,-40,20
117,295,500,447,138,-2,-35,-202,-519,-492,-680,-1475,-3415,-5666,-8417,-8741,-8138,-8246,-7353,-4860,-1385,2715,8721,8721,8721,7669,8721,6790,2859,1724,1007,-339,-177,156,-184,-88,-254,-242,-230,-112
-204,-287,-126,-69,-75,-84,-116,-355,-532,-924,-2322,-4366,-6208,-7326,-6795,-6822,-6835,-6228,-5729,-2920,3110,8721,8721,8721,8721,8721,7628,2726,1101,176,-1416,-1259,-115,-77,-53,124,96,44,-144,-219
-73,-318,-412,-201,-32,-72,-73,-85,-71,103,-34,-1753,-3530,-5339,-7529,-8417,-8664,-8210,-6230,-3718,-1330,2530,8721,8721,8721,7578,8721,8721,5150,1672,-24,-1592,-817,-25,-225,-396,-461,-409,-133,103
-1390,546,-42,-117,-34,-79,49,111,543,477,89,42,0,10,18,23,117,180,25,-228,-230,-292,-345,-169,-195,-378,-393,-276,-422,-608,695,8721,8721,-2509,-3047,-124,-731,-1260,-3410,-5487
2653,8721,6957,-2516,-3104,-5619,-1814,8028,8721,8721,-5103,-5738,-7074,2068,1497,123,631,1291,437,5,320,426,288,-181,-135,113,158,-292,-223,-118,-126,-150,-360,-553,-417,-354,-384,-522,-816,-751
-734,954,8721,8721,-2946,-7377,-6285,-850,5370,8721,5330,-6664,-5881,-292,1339,-1,627,564,76,-69,254,334,-87,47,-158,-273,250,-89,90,175,118,111,308,423,516,98,-341,-49,317,-42
-205,-1625,-2724,-1731,168,8525,8721,-934,-6364,-8741,-5627,5779,8721,8721,-3438,-7459,-8507,331,663,-64,585,924,188,-245,-641,-103,-110,-150,-97,-9,-67,-19,1,-39,-49,17,-146,-97,-83,-125
-55,-117,-106,-41,-41,-19,-56,-37,54,-214,-937,-775,-11,26,-174,63,25,-1708,-1922,8721,8721,6478,-6095,-5168,-3303,-274,4841,8721,-408,-4188,-6829,-2548,1589,527,607,673,357,-7,47,189
189,-223,-15,114,-123,-34,-40,-148,12,13,40,-233,-1820,-1388,8195,8721,-1277,-3860,-5797,1316,5412,8721,-1489,-3227,-6909,-4360,1466,334,-71,564,389,-111,-166,441,827,-149,-569,89,119,-13
-28,-70,25,-81,-81,-70,-149,-49,-105,-139,-187,-247,-427,-1159,-978,6983,8721,2859,-3802,-6042,-4094,5216,8721,1896,-6093,-7295,233,872,204,980,914,1113,833,15,-351,-363,-10,-259,-59,35
93,253,118,-135,61,179,117,-117,-349,-267,-883,-1719,2047,8721,5517,-5307,-7089,-7776,4956,8721,7405,-6829,-8007,-5137,1913,-44,120,379,824,179,-54,11,392,374,46,-15,-32,-50,-101,-189
73,59,14,30,-40,-78,-231,-636,-1291,-1823,6187,8721,8721,-3499,-3277,-4349,6612,8721,5696,-7061,-6697,-7428,3740,577,-114,992,808,246,-227,223,496,441,501,208,-260,-223,-64,-233,-58,-7
-176,-202,-62,-79,-130,-171,-181,-383,-533,-1044,-1371,-1234,364,8721,8721,-4032,-5084,-7000,1946,5644,6432,-4758,-8088,-8741,1059,1627,667,551,490,392,222,47,147,79,-305,-432,67,410,262,129
-230,-50,473,402,12,-108,-17,97,150,-805,-4116,-1983,8721,8721,161,-5534,-5535,174,7491,8721,6721,-5176,-7524,-8741,-940,1229,-257,130,-197,-79,458,90,-59,119,87,52,-190,-61,72,-145
-73,-46,-137,23,-97,-119,-233,-263,-534,-584,979,8721,8626,-3916,-8290,-8741,2758,8721,8721,-924,-8271,-8741,-2550,2098,-338,-223,0,72,48,-55,-101,-75,-149,-24,189,236,158,-5,-95,-72
-7,-39,-171,-282,-526,-646,-332,-370,535,8721,8721,605,-8304,-8741,-541,7074,8721,694,-8035,-8741,-6363,977,-303,-298,351,-304,25,-160,-241,-49,-204,151,321,111,-146,-16,-11,6,-43,38
43,-49,-108,-85,-150,-125,-80,-48,-82,-85,14,192,450,1763,8721,8721,-1816,-8741,-8741,-6336,6078,8721,7395,-8741,-8741,-4705,1941,-498,59,194,375,511,27,-10,217,320,298,15,-59,-16
146,185,-123,-59,-120,-121,-148,-45,268,2659,8721,8721,-5494,-8422,-8741,909,6846,8721,2700,-8741,-8741,612,1291,-692,296,353,399,358,-78,48,122,-135,-6,-213,-47,157,43,-150,-56,-85
11,-119,-473,-387,-153,-273,-216,-468,-839,-657,1230,8721,8721,-7549,-8741,-8546,858,7954,8721,-434,-8741,-8741,-4243,2025,-525,33,456,134,91,27,-206,-45,32,-113,29,-99,-65,47,-78,-66
0,-24,33,-61,-4,-155,-102,-252,-477,-407,-299,2507,8721,8721,-7107,-8741,-8741,1263,8570,8721,-7465,-8741,-7672,1932,-325,-450,54,200,31,347,50,-218,72,185,-92,-210,102,-20,-5,-21
-250,-28,-47,-146,-165,-241,-377,-668,-789,-827,-182,6466,8721,-1423,-5867,-8741,-6588,4798,8721,6245,-7935,-8741,-8741,1897,56,-394,170,163,235,187,248,280,346,274,-7,-130,-173,-120,-159,-147
-122,0,28,38,-289,-513,-771,-1246,-1956,-1031,8443,8721,2688,-7338,-6656,-3726,4183,8721,4310,-7472,-8455,-7945,897,598,-578,651,674,510,259,-298,-204,-61,-65,-73,-93,-103,-67,-62,-58,-26
-59,-145,-249,-219,-153,-146,-215,-237,-319,-561,-1291,-1797,1289,8721,8721,-6130,-8741,-7566,1615,7365,8721,2701,-8722,-8741,-6304,543,-333,793,112,192,59,112,267,-115,-319,-66,-39,-70,13,-21
