-252,-1123,-3763,1987,4092,1540,-2472,-6795,476,3525,1069,-2742,-6958,46,2897,1717,-1774,-7031,-2944,2616,2789,-510,-4997,-3499,3345,4642,-68,-2807,-2711,376,198,128,-1279,-2872,57,661,337,-1592,-3850,666
1134,-859,-2508,-2493,-719,-1277,717,-206,-1667,672,197,74,-1646,-2727,881,130,616,-658,-2921,508,850,445,-922,-4669,-1519,2072,-443,-2752,-2122,1015,146,145,-2276,-3568,1023,1183,363,-776,-4052,-2724
-1943,-1086,-2533,-893,3052,3416,-1203,-5846,-1961,2112,2244,-1747,-5235,-4128,2718,3755,-1123,-3987,948,3198,502,-1784,-5353,686,3702,821,-2700,-1711,664,1449,-149,-4120,-6690,364,4922,2714,-3298,-3233,699,1798
-1032,-4943,-5754,641,2329,-113,-3803,-4543,2381,3877,424,-3100,-4117,1027,1943,84,-2873,-4595,-1019,-643,935,-2900,-5531,320,3557,1765,-2242,-4381,-593,-925,-744,-330,-4719,-4944,1608,1769,1007,-2530,-3159,3409
930,-1881,-6617,-5957,2313,2880,-404,-4710,-4393,2832,2135,171,-1878,-5099,-1981,3042,1963,-2478,-6542,-4134,-277,-324,-1623,-4512,-3061,502,-443,-777,-3722,-5231,-1809,-1935,128,262,-3591,-1075,789,51,-844,-2658
-103,-110,-90,-69,-109,-359,-1519,-7986,-6633,2119,978,-3217,-8128,-2755,1510,424,-989,-8781,-3529,7894,5207,-3163,-7036,872,3300,-1039,-7842,-8781,526,3589,1950,-4249,-8781,-5252,4015,2818,-2806,-8781,-5935,5768
4050,-3091,-7995,-526,3035,1336,-3151,-7317,-207,4888,3157,-1853,-7862,-6456,4616,4025,193,-4370,-682,3950,1631,-1290,-4983,-2933,1575,915,-1593,-6538,-2631,4596,2682,-2220,-6088,287,2565,378,-2953,-5431,870,3922
1999,202,-1366,1875,-2417,635,-3466,-3630,1942,-1439,-331,-577,-3617,-69,5614,2258,-418,-2864,-5045,-2074,4474,1016,359,-2499,-6933,-2977,4328,2714,-376,-2501,-3762,1153,2710,304,-615,-3110,-5643,-1038,3971,2721
6350,4701,-893,-6154,-3825,2132,4645,2875,1611,-3799,-7400,-5928,3364,4586,464,-1676,-1915,-176,3607,-28,-92,-649,-1687,-833,1688,-2658,1028,-352,-3230,-2948,1508,-1210,63,-1781,-3286,1314,2658,-1768,-448,-2215
-80,-70,-71,-72,-61,-52,-48,-47,-112,-176,-234,-287,-313,-339,-360,-302,-220,-165,-158,-223,-319,-160,-89,-116,-121,-195,-264,-529,-2680,-3397,2612,680,-601,-1877,-1398,4453,369,-702,-4012,-4190
2620,-438,1508,-1795,-340,4411,1494,-432,-3629,-8716,-845,3945,997,-1951,-3021,2954,1443,-316,-2757,-6693,45,6880,2313,-393,-4101,-2140,4985,1272,-246,-3325,-2932,2975,531,-2298,-6331,-4575,4264,2049,-616,-6456
-645,-601,-462,-362,-247,-186,-142,-73,-8,29,53,96,159,315,375,603,-902,-7104,-8781,-8781,-4940,-882,948,2849,2014,2217,1935,1510,750,278,-216,-665,-794,-760,-639,-434,-273,-184,-92,-4
-185,-692,-773,-591,-681,-946,-1274,-2319,-2913,-3264,-3749,3820,8681,8367,1523,-2249,-2191,-521,492,846,853,522,-71,-965,-2213,-3188,-3475,-3442,8681,8681,8333,-490,-3418,-1092,-124,-263,-395,-420,-560,-734
-843,-1339,-1693,-2666,-3484,998,8681,3323,-2391,-1839,-569,-594,-573,-601,-656,-372,-369,-849,-1487,-2275,-2634,-2809,-283,8681,8681,6445,-1813,-3152,-1139,-452,-161,-53,-297,-482,-662,-883,-1371,-1910,-1987,-1809
-1350,-1378,-1508,-761,25,137,16,-189,-472,-591,-510,-88,719,4295,7270,3008,-4200,-8781,-8781,3643,7992,3742,-4226,-4786,2805,8459,5020,-3399,-6103,5314,5592,-2178,-4585,-5315,-1435,2842,691,-625,-1869,-4367
7815,4182,-458,-2148,-5611,5428,1615,-517,-1412,-532,3518,465,-2025,-3075,-3946,6908,4261,-462,-2709,-5109,4105,4518,697,-4020,-5089,302,4322,4266,-3463,-5756,-4993,7165,5238,-832,-3368,-2762,3894,2144,-961,-2476
-1973,3659,3013,-908,-3023,-4427,1250,2828,-259,1286,307,4801,8681,5907,-1515,-5090,-4220,4869,3017,-431,-2453,-5474,4793,4305,1417,-506,-3312,5895,2209,-638,-983,-3746,4537,6259,3276,-2893,-5598,1506,7331,3248
-1342,-3639,2780,3622,-139,-1376,-3388,2513,3044,50,-1490,-2232,-662,4906,2344,-383,-1279,-3402,3954,3012,162,-2080,-4345,4990,6861,3223,-6117,-8781,-8781,3683,3402,884,637,276,4815,3712,-2057,-2644,-2090,2883
3883,-230,-3651,-3479,4227,3987,-1316,-2759,-15,5506,2022,-1937,-2948,24,5864,2299,-1225,-1452,689,5989,3014,-2214,-4785,-2021,5859,3068,-611,-2777,-415,1509,890,-2648,-4415,-843,7515,2671,-1952,-4311,-459,6096
4772,-1979,-5607,-4250,5606,6610,-1129,-3199,247,4037,-3119,-4438,-3422,5973,6643,-31,-4646,-5606,3217,8592,4258,-3718,-5171,2221,6641,3038,-3450,-4013,-3371,6937,5261,194,-5969,4364,978,-1532,-671,697,-441,5991
-23,-32,-34,-12,26,54,73,51,70,-37,-179,-229,-169,0,106,142,172,229,469,962,1890,-2361,-7810,-8781,-8781,-8781,-8781,-3831,-2248,-229,723,324,47,-52,-65,-243,-193,-92,-108,-78
-11,-1,5,-3,-3,-8,-10,-28,-39,-53,-42,-39,0,162,1465,1940,-3793,-8781,-8781,-8781,-8781,-5955,-2242,-1306,113,609,1254,2320,3868,4822,5664,6983,6331,5054,3950,4534,2046,-896,-1730,-764
-8781,-8781,-8781,-8781,-4332,-535,453,1001,760,1149,2574,4595,6109,8681,8681,6736,3744,4393,2220,-1463,-2293,-1148,-241,-179,-370,-529,-608,-583,-393,-181,-29,101,199,241,236,209,145,75,-35,-77
-178,-144,-97,-35,20,86,144,142,130,46,-81,-147,-92,-30,-30,-1,73,265,1210,721,-3783,-8116,-8781,-8781,-8781,-8428,-4534,-1903,-275,451,628,891,2280,3973,5248,6257,8319,8382,5163,2711
-51,-59,-55,-52,-36,-19,81,36,84,-1322,-5324,-8781,-8781,-8781,-8678,-5413,-2750,-1698,-591,4,101,145,404,1454,2825,3695,4544,5476,6147,5516,3370,3027,3183,1312,-743,-1391,-920,-575,-622,-592
74,339,1578,539,-4982,-8781,-8781,-8781,-8574,-5883,-1684,-1272,-962,-84,622,1072,1425,2553,4578,6095,7961,8681,6696,3496,3320,1705,-819,-1574,-902,-284,-239,-411,-654,-752,-680,-424,-100,132,247,250
1,27,34,270,1227,-797,-4284,-7473,-8781,-7563,-5755,-1565,-1376,327,2127,3248,4464,5918,8373,8681,6608,3675,5787,1243,-2983,-2932,-1180,-270,-231,-472,-601,-527,-375,-184,-1,98,153,154,146,109
-44,-44,-61,-70,-57,-46,-14,-21,-37,-55,-60,-43,-64,41,639,-321,-2832,-5764,-8264,-8781,-8767,-7775,-4592,-1782,-1281,-198,1005,1748,2688,4223,5342,7760,7511,5388,3052,2021,-314,-1681,-1140,-435
-41,-67,-92,-83,-46,-11,17,14,0,-47,-98,-97,-80,-44,92,1678,167,-6024,-8781,-8781,-8781,-8359,-4819,-1631,-814,716,957,1584,2670,-498,5527,7173,6380,4934,3637,1190,-1190,-1681,-943,-491
-88,-156,-210,-266,-334,-403,-405,-355,-283,-218,-173,-133,-43,36,123,227,396,1295,3599,170,-5793,-8781,-8781,-8781,-8781,-4867,-1217,-389,771,1299,2076,2607,3306,3670,5089,4175,4252,4530,2785,-371
-10,10,33,60,81,94,82,50,-4,-36,-36,-9,-2,-3,363,2704,-312,-6367,-8781,-8781,-8781,-8391,-4774,-1692,-889,-547,-86,554,1705,3008,4560,5541,6512,5441,4257,2808,1740,-246,-1763,-1721
987,1019,-2788,-7835,-8781,-8781,-8781,-6400,-1866,-541,561,1207,2023,2824,3385,4742,5273,6041,5694,3947,2449,-399,-1973,-1659,-832,-453,-374,-504,-545,-483,-371,-172,43,863,326,389,306,191,79,8
-59,-46,-31,-21,-13,-16,-10,-9,-7,-7,-17,-29,-42,-41,-63,-86,-60,98,1408,2837,-4464,-8164,-8781,-8781,-8781,-7419,-2762,-431,-112,637,2567,4148,5364,7608,6518,5087,3487,2398,932,-720
-313,-260,-88,55,246,266,-47,-27,128,140,258,219,-5,-168,-180,-116,-45,35,77,124,357,1476,369,-4609,-8781,-8781,-8781,-8781,-6092,-1849,-615,472,557,1308,3414,4006,4215,4122,3660,5417
360,-4826,-8781,-8781,-8781,-8781,-4741,-1334,-312,753,1182,2581,4004,5580,7426,8681,5425,4163,4087,650,-2047,-1780,-722,-435,-526,-521,-464,-408,-255,-116,7,56,59,29,50,66,66,51,4,-15
-40,-41,-28,-12,-2,10,16,10,54,86,236,1128,2610,-1641,-6396,-8781,-8781,-8781,-8059,-3247,-562,349,2254,4100,5511,6889,8681,6654,4150,4000,2059,-740,-1715,-1059,-486,-500,-509,-512,-550,-466
335,1458,-1420,-6548,-8781,-8781,-8781,-6735,-1214,-857,1224,3139,4624,6374,8627,8681,4881,4002,3117,-472,-2653,-1853,-603,-338,-485,-419,-428,-442,-243,37,222,211,136,161,222,249,222,133,16,-76
-102,-66,-3,96,600,1883,-2165,-6542,-8781,-8781,-8781,-7129,-1480,584,2516,3947,4774,5579,7712,8660,5483,3116,4196,1017,-2058,-2225,-993,-301,-177,-305,-484,-448,-342,-152,38,157,166,118,65,58
-7044,-8781,-8781,-8781,-6639,-1934,-174,1367,3641,5282,6486,8681,7761,5060,3880,1648,-449,-1385,-978,-328,-411,-451,-452,-341,-99,94,189,186,143,89,21,-94,-153,-89,0,22,-6,-59,-67,-50
31,32,41,38,65,77,95,122,122,108,360,1179,1427,-4222,-8781,-8781,-8781,-8781,-3702,-495,1132,3386,5287,7072,8681,8681,5876,4319,1812,-926,-1511,-475,-160,-426,-687,-858,-922,-807,-521,-165
-65,-53,-36,-18,-4,-15,10,110,177,291,442,529,595,634,668,762,553,174,-1025,-2741,-3110,-3643,-3606,-2226,-1091,-454,-301,325,586,852,1183,1882,2974,4734,5863,6975,6974,3448,-90,-613
324,357,340,343,-220,-1095,-1322,-2065,-2952,-2485,-1446,-858,20,-283,1394,761,1189,2002,3014,4302,4714,3592,3412,3100,1400,135,-107,26,-257,-620,-722,-870,-888,-811,-620,-403,-173,47,152,194
205,177,124,57,13,-53,-99,-140,-129,-107,-65,-35,0,27,46,43,25,15,11,0,-14,-34,-36,-42,9,42,18,78,-56,-942,-1682,-2303,-1861,-359,218,308,105,711,687,388
1301,3250,5573,5966,5358,5054,4347,1804,-504,-1157,-554,-380,-575,-714,-951,-1111,-1007,-833,-604,-121,220,472,676,934,440,-864,-2049,-2580,-2474,-1521,-799,-342,-45,-288,1068,829,1263,2554,4120,4954
5494,5762,5102,2602,-241,-1263,-898,-399,-314,-438,-434,-423,-359,-255,-173,-30,177,297,332,321,243,353,-375,-1890,-2940,-2888,-2389,-492,411,499,823,234,1138,1426,2062,3339,5354,6606,5429,5467
9,-17,-45,-58,-60,-54,-34,-8,7,16,9,13,11,-508,-1617,-3455,-4136,-3795,-2312,-1179,-398,-123,712,956,1331,2904,4894,5997,5803,5163,4324,2190,74,-841,-791,-572,-492,-348,-309,-317
-7,-21,-39,-47,-52,-59,-54,-43,-23,-7,19,189,-216,-2038,-3955,-4696,-3837,-1584,-43,-472,715,1235,1619,2673,4179,5733,4959,3830,3876,2801,1125,-42,-493,-489,-385,-350,-382,-500,-576,-491
-57,-56,-55,-64,-52,-24,-19,-1,10,95,288,335,556,-123,-1271,-2787,-3288,-2098,-240,436,-156,590,1029,715,1068,1753,2825,3951,4039,4062,4095,2357,301,-703,-654,-544,-483,-512,-546,-557
22,22,22,21,14,9,-17,-27,1,56,159,223,292,307,375,190,-127,-1489,-2631,-2679,-2488,-2143,-1032,-277,70,1027,1709,2574,3688,4716,5451,4331,4513,4485,1941,-800,-1477,-1016,-579,-269
3,-3,-33,-44,-49,-36,-28,-24,-15,-7,-17,-44,-189,-319,-293,-461,-907,-2220,-2676,-1905,-1000,-162,340,-453,1455,1423,1904,2886,4103,5030,4475,3516,2939,2026,1055,293,0,-23,-250,-523
116,72,35,-18,-40,-68,-84,-132,-152,-142,-96,-32,186,-475,-1425,-2284,-2010,-830,137,886,350,724,1206,837,1173,1651,2226,3484,4163,4820,4235,2337,-22,-865,-688,-520,-423,-438,-510,-543
7,9,-13,16,75,114,128,120,94,86,82,93,87,68,61,56,83,138,394,125,-1322,-2574,-1964,-479,577,325,348,-348,1230,785,1334,2546,3836,4507,3611,2988,2666,1716,747,153
-31,-24,-32,-23,15,31,53,56,50,48,40,20,8,7,127,235,-599,-1849,-2455,-2328,-1964,-1310,-522,-872,868,2097,1961,2856,4434,5346,5146,4499,3568,1759,126,-595,-472,-451,-636,-796
94,128,133,76,85,100,51,7,-111,-395,-957,-1797,-2707,-2570,-1322,-203,-731,765,1276,2922,4797,5924,5272,4361,2704,377,-453,-466,-488,-366,-253,-203,-175,-201,-179,-78,-34,-41,-29,-64
-192,-149,-119,-69,-8,55,78,98,112,101,142,142,147,38,-115,-697,-1971,-3554,-4288,-3177,-1235,-313,701,549,1270,3066,4748,4814,4257,2991,946,-575,-872,-776,-457,-287,-166,-154,-152,-97
-56,-40,-1,39,67,29,-22,-70,-68,-32,26,104,161,295,164,-113,-3338,-4410,-3731,-1834,-530,189,1093,1741,3685,5678,5386,4132,3367,2144,768,-390,-617,-382,-306,-386,-419,-370,-332,-270
215,-57,-761,-1836,-3220,-3290,-1960,-970,-407,1448,1420,2581,4909,5700,4397,3686,2668,1008,-137,-470,-230,-55,-52,-200,-342,-316,-316,-274,-168,-108,-67,-46,7,42,51,36,39,25,8,-7
-41,-46,-40,-27,-17,-8,-5,-8,-7,3,-3,-22,-36,-42,-27,-4,-11,0,31,45,38,90,-477,-1804,-2667,-1703,-556,177,-740,1827,2178,3422,5496,6532,5113,3996,3008,1299,-45,-539
-1530,367,1181,1449,412,2470,1152,1503,3098,4678,3793,3708,3007,1521,-11,-506,-245,-249,-359,-476,-510,-500,-529,-427,-240,-123,-36,38,66,79,79,57,27,0,-37,-71,-69,-59,-64,-52
-29,-42,-51,-56,-59,-49,-26,9,31,35,25,1,-15,-29,-29,-31,-31,-19,-10,-9,18,70,130,409,591,-832,-4111,-3984,-2349,-756,-1177,1380,1464,2455,5421,7154,5080,4746,4037,438
-277,-309,-239,-165,-122,-71,-14,71,94,29,-65,-137,-139,-65,-44,-122,-233,-222,-144,-5903,-8781,-8781,-8781,-8781,-8781,-8426,-1755,4170,8148,8681,8681,8681,331,-91,3229,1523,-278,-533,287,988
-64,-60,-70,-69,-98,-205,-334,-374,-394,-1787,-5559,-8781,-8781,-8781,-8781,-8729,-1620,5034,7860,7566,6900,6178,5422,-2319,-969,-710,91,210,1194,2172,2604,2447,1834,381,-859,-1254,-1195,-1312,-1391,-1237
51,-52,-1449,-5222,-8574,-8781,-8781,-8781,-8781,-8781,2678,8498,8681,8117,7624,6458,-672,-2219,693,2039,2489,2169,2079,736,-404,-786,-695,-442,-427,-639,-844,-979,-965,-745,-391,-31,225,411,495,486
-310,-5438,-8781,-8781,-8781,-8781,1106,8093,8681,8527,7891,-20,-2483,-202,1590,1855,1067,798,519,406,640,384,-285,-858,-1218,-1271,-1159,-968,-754,-526,-297,-21,275,486,633,638,421,176,-6,-89
-6525,-8781,-8781,-8781,-8781,-2350,4585,8681,8681,8681,5243,-3645,-1696,655,1451,1187,744,806,899,763,309,-361,-957,-1339,-1452,-1315,-1051,-776,-533,-295,-53,162,334,444,433,389,372,312,201,23
-803,-4094,-8781,-8781,-8781,-8781,-8781,-6423,-2358,4207,8681,8681,8681,8681,3711,-2281,-1363,-214,-331,-764,1616,3745,3386,2034,1511,901,433,170,-215,-417,-541,-668,-961,-1354,-1520,-1376,-927,-449,-54,313
-102,151,294,329,357,86,-619,-3567,-8781,-8781,-8781,-8781,-8781,-7970,-2119,5788,8681,8681,8681,8681,8261,-2359,-910,729,445,-184,117,3,35,-83,-110,-173,-237,-355,-610,-446,410,1717,2231,1703
-80,-1225,-6341,-8781,-8781,-8781,-8781,-8781,-2577,4897,8681,8681,8681,8681,-119,-2622,502,528,7,-73,-369,-280,-396,-585,-1053,-1406,-700,748,1761,1943,2350,2390,2232,2118,1929,1783,1363,523,-277,-659
99,127,143,180,149,129,-9,-191,-237,-177,-105,30,117,111,55,15,21,31,10,-69,-167,-269,-581,-2895,-8781,-8781,-8781,-8781,-8781,-6008,1907,7599,8681,8681,8681,-247,-2013,737,873,100
-163,-123,-84,-137,-223,-128,-160,-242,-4,769,1664,2562,3068,2750,2248,2185,2026,859,-181,-520,-448,-250,-273,-574,-784,-839,-760,-514,-227,9,173,258,299,291,272,260,211,124,48,-62
330,172,-11,-151,-380,-1448,-5577,-8781,-8781,-8781,-8781,-8781,-3918,2289,8306,8681,8681,8681,-643,-2240,35,144,-63,-135,-26,-188,-526,-1558,-2034,-833,1736,4507,4719,3613,2783,2359,1798,967,174,-216
-8781,-8781,-8781,-8781,-6417,-1748,5385,8681,8681,8681,6032,-870,-410,442,-400,-591,-397,-614,-695,-118,923,1595,2125,2822,2926,2689,2431,2227,1597,206,-840,-1127,-869,-521,-451,-627,-820,-788,-564,-263
-8781,-8781,-8781,-8781,-8781,-3787,4640,8681,8681,8681,8681,600,-376,285,4,-481,-1042,-1226,-828,1109,3570,4300,3411,3085,2691,2168,1247,288,-119,-313,-378,-568,-737,-831,-823,-692,-494,-273,-163,-123
-13,33,88,153,136,89,-101,-290,-609,-2521,-6251,-8781,-8781,-8781,-8781,-8781,-2672,4989,8681,8681,8681,6944,1256,-271,287,478,120,-643,-1390,-1158,215,2547,4640,4890,4498,4148,3521,1956,483,-172
-8781,-8781,-8781,-8193,2355,8343,8681,8529,854,4782,-1832,-1107,-70,-908,-862,-495,-552,-355,-320,-192,-318,-838,-964,-197,2003,4120,3560,2413,2257,1927,1572,991,341,-16,-277,-491,-619,-719,-780,-807
-20,-12,-14,-17,-22,-22,-30,-185,-3200,-8626,-8781,-8781,-8781,-8781,-7843,1031,6025,7785,8681,7760,2510,-2423,300,29,-452,-100,-129,-231,-238,-526,-887,-1460,-1621,-598,834,1619,2108,2760,2816,3002
3,14,33,56,-519,-3202,-7913,-8781,-8781,-8781,-8781,-8775,96,5776,6780,7878,7740,7560,648,-247,289,-23,-238,-205,-135,-182,-655,-1281,-1751,-1673,-774,437,2647,4869,5522,4996,3846,3416,2363,1023
7,17,85,-700,-5383,-8781,-8781,-8781,-8781,-8781,-4872,4078,7673,8681,8150,7533,1169,-2109,282,267,-212,-217,-80,-358,-997,-1896,-2030,-276,1498,2310,2906,2927,2952,2547,2320,2269,1725,637,-223,-564
-35,-30,-28,-95,-3285,-8390,-8781,-8781,-8781,-8781,-7303,-565,6402,8428,8681,8681,6264,-658,379,183,-313,-480,-255,-192,-33,-415,-1463,-2255,-1524,531,3004,4382,3784,2716,2582,2416,1399,259,-235,-222
-88,-68,-34,-25,-19,-15,-10,-20,-23,-14,-14,-22,-19,-27,-27,-24,11,-86,-1148,-4059,-7450,-8781,-8781,-8781,-8781,-8781,-4812,-137,5887,8681,8681,8681,6115,-2018,429,1309,593,149,-33,-79
-25,-19,-31,-40,-39,-16,-19,7,10,44,89,243,262,485,640,465,-404,-2332,-5331,-7725,-8781,-8781,-8611,-7403,-5805,-3482,-771,332,0,-241,77,372,493,535,681,606,382,906,1097,1503
-59,-24,0,3,-19,-31,-11,-23,-17,-13,10,42,53,64,-219,-1803,-4210,-6707,-8233,-8781,-8781,-8156,-6661,-3369,-888,75,-181,-142,99,617,902,1381,1655,1737,1740,1893,2183,2640,3168,3321
3463,3054,1707,717,528,299,71,-96,-97,-159,-111,-73,-70,-61,-34,25,-4,22,9,24,21,-5,-3,-44,-218,-100,153,249,243,291,436,-95,-1034,-2731,-4119,-5695,-6830,-7363,-7343,-7087
-28,-48,-48,-56,-61,-81,-38,19,33,-1,-31,-15,13,108,273,266,72,-416,-1616,-3890,-5854,-7689,-8324,-8143,-7634,-6665,-4957,-2674,-825,-225,-40,-82,96,582,474,821,407,217,81,922
-55,-72,-379,-1815,-4132,-6089,-7170,-8119,-8088,-7654,-6987,-5612,-2866,-1044,-265,212,408,572,882,1214,2112,2027,2075,2710,3286,3648,4314,3875,3211,2871,1478,238,-385,-548,-596,-502,-452,-345,-252,-44
65,100,85,46,14,5,11,-32,-24,-18,-47,-43,-44,-19,6,3,21,45,86,133,103,-415,-1497,-3920,-5765,-7636,-8258,-8202,-7276,-6053,-4872,-2942,-838,-371,-190,72,366,429,340,547
-116,-55,-45,-105,-40,-47,-161,-180,-152,-40,19,89,109,98,86,45,9,-18,-64,-48,-72,-69,-46,-39,-22,-24,-2,55,121,308,61,-1296,-3904,-6866,-8716,-8781,-8781,-8107,-6497,-3202
107,126,95,62,-10,-6,-26,1,-13,-36,-8,0,0,-16,-19,-15,-78,-176,-138,393,1156,436,-1458,-4050,-6643,-8435,-8781,-8765,-8270,-6756,-5182,-2220,-446,210,-86,74,210,352,125,-4
17,-34,-34,-43,-37,-39,-10,-6,0,5,-8,5,-1,-28,-8,72,135,251,-196,-1201,-2356,-3953,-5206,-6896,-7474,-7420,-7112,-6561,-5535,-2961,-766,74,138,70,323,458,725,779,800,742
27,-15,-40,-6,-113,19,-152,-20,-24,-13,99,223,324,585,226,-1466,-3939,-7055,-8781,-8781,-8781,-7942,-6567,-5296,-2551,-121,679,63,-198,183,349,117,20,-69,-55,41,73,2,139,218
-18,-15,-54,-62,-50,-61,-36,-38,-67,-249,-110,454,960,990,-896,-3032,-5492,-7763,-8781,-8727,-8255,-6976,-5928,-3725,-1215,-187,-36,-36,75,247,165,71,13,59,37,72,-19,5,-15,74
-29,-48,-25,-21,-22,-19,-11,-46,-30,-32,-64,-40,45,191,494,682,191,-1163,-2793,-5073,-7058,-8384,-8407,-7894,-7013,-6066,-4635,-1738,101,150,-58,42,234,190,84,35,35,78,116,280
-37,-43,-34,-30,-39,-24,-30,-17,-12,-37,-22,133,230,294,371,94,-1382,-3829,-6994,-8748,-8781,-8408,-7010,-5328,-965,-512,-16,104,-11,111,-109,-209,-103,17,285,232,682,1338,1509,1376
-25,-22,-7,-5,-5,-17,9,-30,-30,7,31,16,125,136,-408,-542,-1840,-4334,-6267,-8023,-8367,-8312,-7207,-6020,-5076,-1550,-621,300,340,363,379,682,741,482,350,551,586,792,1448,2343
53,99,-143,-823,-2605,-4817,-7114,-8711,-8781,-8534,-6487,-4430,-1749,-268,-504,-262,-113,53,195,32,-39,-57,-54,88,314,574,567,622,701,1281,1724,1948,2272,2386,2704,3606,3814,2388,1012,332
11,6,3,8,-8,-24,-24,-26,-15,-4,-3,19,48,73,136,303,-121,-1447,-3970,-6239,-8371,-8781,-8781,-7838,-5080,-2944,-1189,-401,-366,-242,4,169,179,166,335,625,595,435,387,355
-67,-73,-87,-77,-80,-84,-101,-104,-97,-98,-106,-98,-106,-116,-119,-111,-117,-114,-92,-52,117,284,393,221,-773,-3341,-6134,-8046,-8781,-8561,-7660,-6616,-4354,-1656,-430,-174,-161,20,242,184
-13,-62,-70,-85,-40,-20,-21,-2,-8,-19,-35,-25,-30,-16,-8,2,5,-20,-28,-12,-23,-35,-18,90,197,525,361,-1706,-3667,-5672,-7111,-8643,-8781,-8409,-6000,-2817,-820,-1193,-555,-90
-756,-1986,-3921,-5651,-7142,-8037,-7973,-7521,-5475,-3193,-1069,-793,-370,-295,-148,81,112,63,-19,-46,104,6,20,26,0,-33,-66,-89,-46,-141,-108,-215,117,-155,-69,-311,594,-75,1314,1360
172,130,-114,-827,-2329,-4783,-6404,-7809,-8571,-8238,-6776,-4971,-2544,-563,-433,-301,-213,10,193,191,-12,-49,23,74,2,64,-41,-32,-87,28,96,107,477,604,918,1080,1959,2028,2018,2391
21,-1131,-2314,-3359,-4089,-3296,-436,918,763,758,965,821,673,434,817,-105,-10,-79,5,-51,-39,-51,-19,5,11,-17,-19,-2,26,1,-7,38,77,35,132,44,29,86,353,558
-29,-51,-47,-66,-68,-69,-51,-61,-42,-36,-12,-25,-21,-51,-89,-72,-39,2069,2,-18,-42,-49,1,71,43,61,71,80,-264,-1382,-2604,-3550,-3855,-2388,376,1754,1259,578,530,577
-126,-85,-77,-81,-31,-59,-32,-28,-18,-46,-88,-57,-166,-317,-1527,-2547,-3367,-3876,-4078,-1796,-132,1453,1371,1327,893,1727,521,908,-168,38,-37,1,86,104,78,-65,94,286,974,1324
2577,-110,-151,-379,-606,-1793,-2454,-3195,-3840,-3828,-1845,889,1169,1010,778,1044,648,659,825,814,45,152,56,128,161,119,70,386,858,1655,2689,2490,2680,2672,2633,2821,2423,1672,861,168
-111,-117,-245,-297,-688,-1830,-3148,-4116,-4244,-2693,816,1599,1276,1123,676,754,292,832,262,340,65,-49,-10,-19,29,18,-12,9,46,-65,-332,-126,809,2135,2756,3476,2783,2647,2376,1969
-22,-28,-42,-63,-283,-642,-1883,-2965,-4097,-4307,-3234,523,1319,832,742,681,815,545,386,1140,102,87,-203,-45,-80,-48,-28,38,-7,-22,-120,-65,77,126,639,906,1470,1789,2264,2618
-48,-39,-49,-41,-39,-31,-42,-28,-37,-35,-54,-41,-42,-165,-695,-1625,-2675,-3609,-4394,-4408,-2574,123,1429,1624,801,843,270,559,481,83,81,-60,-107,-194,-137,-354,-83,383,965,1858
-32,-40,-36,-42,-37,-37,-42,-46,-53,-64,-92,-447,-847,-2090,-3113,-4375,-5066,-4053,-119,1204,1409,1587,1503,1476,1296,836,329,-56,117,100,-214,-400,-541,-284,549,1187,2447,2843,4282,3598
-36,-42,-33,-44,-30,-41,-41,-41,-30,-48,-33,-57,-55,-76,-110,-349,-1015,-2544,-3616,-4491,-4347,-3177,-1911,742,3068,2409,959,479,177,-2,525,-10,-25,-143,-67,37,-131,-427,-17,228
-33,-36,-23,-19,-33,-24,-39,-24,-37,-42,-59,-70,-66,-76,-209,-619,-1362,-2600,-3457,-4462,-4656,-3049,860,1803,1295,1234,1282,1222,1396,1132,-579,592,-173,108,-209,-10,-82,-43,-17,-5
-33,-75,-56,-65,-11,-20,-47,-38,-68,-67,-70,-51,-57,-328,-526,-2435,-3641,-4530,-4831,-1782,1740,2480,1252,540,239,350,224,274,-403,339,-128,20,-94,-36,30,-27,-7,-99,-366,-300
-32,-39,-31,-29,-22,-19,-30,-36,-35,-34,-35,-27,-59,-50,-74,-73,-83,-180,-385,-959,-1976,-3312,-4052,-4082,-2818,-1160,827,745,1112,840,207,112,107,434,-616,544,-116,-118,2,-21
-48,-53,-55,-56,-45,-42,-39,-43,-51,-48,-50,-51,-67,-64,-64,-79,-50,-39,-24,-25,-36,-58,-60,-60,-51,-33,-28,-46,-47,-50,-40,-45,-71,-255,-1164,-2709,-3573,-4443,-3993,-1702
-60,-59,-166,-558,-1385,-3474,-4787,-5365,-4269,-1926,1068,2254,1882,878,689,390,251,542,-440,797,-56,45,-58,98,65,24,66,185,6,-395,388,1032,1731,3031,3248,3186,3209,2654,2098,1895
-44,-35,-33,-30,-50,-55,-63,-250,-654,-1557,-2174,-3065,-3800,-4233,-2760,511,1658,1406,796,374,198,416,440,973,-294,291,-226,-26,-57,44,90,104,111,-361,-46,949,1334,2071,3893,4325
-43,-20,-47,-51,-51,-42,-34,-33,-20,-26,-38,-61,-65,-77,-67,-81,-97,-111,-95,1,-731,-1685,-2562,-4106,-4434,-2988,-405,1126,1413,1209,1057,1260,1177,915,695,545,286,-30,-233,-110
-41,-66,-57,-62,-55,-54,-45,-47,-31,-28,-38,-36,-41,-39,-42,-55,-48,-44,-34,-47,-39,-55,-45,-53,-52,-58,-68,-131,-981,-1991,-3018,-4092,-4839,-3878,-370,1964,1891,1160,365,423
-31,-28,-31,-30,-46,-45,-57,-58,-42,-48,-34,-48,-63,-66,-248,-302,-1043,-2458,-3485,-4192,-4106,-2038,831,1207,1401,632,586,811,879,-846,947,-123,113,-119,-1,-81,-3,18,2,11
-37,-37,-35,-32,-43,-22,-37,-29,-45,-45,-54,-70,-50,-116,-204,-517,-963,-1986,-3150,-4012,-4686,-4034,-276,2049,1950,1179,990,1004,756,691,767,112,0,-124,-9,-70,-45,-60,-89,-4
-44,-39,-33,-39,-39,-39,-35,-33,-38,-52,-48,-61,-50,-77,-86,-75,-71,-54,-69,-62,-67,-36,-59,-227,-703,-2016,-3104,-4123,-4862,-3138,318,1300,700,363,209,-126,310,364,616,84
-196,-1173,-2691,-5260,-7566,-8781,-8781,-8781,-8781,-6658,-1903,6031,8681,8681,4507,759,-1239,698,3330,3792,2762,1814,1082,523,-443,-325,79,117,15,-104,-115,-71,-16,-30,-23,-27,0,-4,-1,-26
-46,-28,-33,-27,-34,-49,-42,-41,-17,-131,-1233,-3957,-7146,-8781,-8781,-8781,-8781,-7266,-3573,5466,8681,8681,6413,2560,-1021,8,3161,3576,2126,1101,367,4,-362,-164,100,48,110,87,28,11
-43,-38,-41,-34,-42,-40,-39,-35,-44,-45,-55,-59,-561,-3220,-6394,-8781,-8781,-8781,-8781,-8242,-5321,799,8493,8681,8681,6143,4647,839,-263,1792,2081,1439,680,-756,-251,392,-72,86,254,143
-18,-25,-38,-39,-81,-63,-32,-28,-31,-36,-48,-601,-2638,-4825,-6895,-8400,-8781,-8781,-8781,-7308,-5136,-493,6036,8681,8681,6895,5151,1609,-318,570,2091,1920,1419,912,-364,-639,149,444,616,519
-50,-44,-33,-30,-32,-45,-44,-39,-43,-34,-48,-1046,-4329,-7005,-8390,-8781,-8781,-8781,-8781,-8781,-1935,1927,3840,7637,8681,8681,6442,4500,-558,-1349,770,2277,1186,-514,-2006,-419,433,438,332,197
-37,-33,-37,-45,-46,-42,-33,-46,-50,-70,-81,-186,-1279,-3675,-6195,-7476,-8781,-8781,-8781,-8781,-6311,-588,4971,8681,8681,7326,5157,1611,-389,140,1839,2022,1430,1834,1257,-834,-544,404,125,64
-23,-16,-14,-24,-46,-56,-49,-38,-30,-39,-29,-15,-254,-1635,-3543,-6005,-7734,-8781,-8781,-8781,-8224,-7541,-1390,3188,8681,8681,8582,5764,3384,642,71,1253,2418,1670,645,248,-1023,-270,292,108
110,169,135,-124,-56,-89,191,27,-157,-2,23,15,127,30,-116,-251,-310,-283,-248,-151,-70,-89,-118,-105,-26,64,115,107,-357,-2043,-4826,-6909,-8641,-8781,-8781,-8781,-7530,-6046,-421,4981
8681,8681,8681,5570,1842,-1954,-636,1603,1662,957,20,-877,-59,219,152,392,424,211,219,61,-161,-361,-429,-401,-251,-196,-127,-111,-61,-58,26,73,25,-55,-53,-2,-12,57,134,90
-40,-13,0,16,11,-6,-19,-47,-46,-54,-46,-51,-40,-48,-40,-37,-30,-29,-46,-30,-7,-96,-792,-2744,-5186,-7120,-8398,-8781,-8781,-8481,-7672,-4227,1609,6363,8681,8681,8627,8308,3813,-76
-551,1116,1419,1140,52,-1203,-97,519,333,90,28,94,102,88,28,0,-19,-21,-34,-50,-42,-20,-15,-22,-34,-56,-43,-34,-32,-40,-35,-40,-32,-25,-17,-15,-5,-9,-22,-37
-2275,-5510,-8004,-8781,-8781,-8781,-8452,-5928,1024,8644,8681,8681,5779,2607,-1205,-1334,1422,2202,1184,225,-1302,-69,639,184,9,-32,22,14,-6,0,-7,-25,-35,-7,-23,-28,-53,-64,-59,-57
-26,-30,-34,-30,-28,-39,-28,-40,-44,-50,-39,-53,-728,-2309,-4652,-7178,-8702,-8781,-8781,-8218,-5810,-952,5175,8681,8681,7433,4411,-67,-1137,1360,2662,1511,532,-373,-813,-85,303,131,60,-27
-34,-38,-32,-25,-33,-40,-37,-31,-28,-39,-41,-30,12,-1132,-3213,-5734,-7867,-8781,-8781,-8781,-7127,-2287,4785,8681,8681,6186,2509,-66,-354,1453,2243,1492,337,115,-810,-166,197,5,-108,-109
-27,-32,-36,-44,-46,-50,-40,-28,-27,-45,-7,-994,-3198,-5456,-7421,-8781,-8781,-8615,-7222,-2675,3687,8681,8681,7588,5904,3071,206,125,1670,1699,22,-275,-1282,-388,377,614,171,-100,2,-123
-40,-39,-23,-37,-30,-27,-19,-32,1,-1066,-4013,-6747,-8781,-8781,-8781,-8781,-6560,-997,6310,8681,8681,6835,4444,261,-1322,799,2118,1636,582,-1353,-882,32,-133,-50,28,28,-35,-91,-80,-43
-29,-36,-33,-40,-43,-43,-41,-49,-48,16,-1316,-3370,-5551,-7306,-8781,-8781,-8781,-7968,-4230,2291,8681,8681,8681,5584,3057,839,702,1880,2091,1067,183,-250,-912,-252,251,128,-11,-65,-64,-82
-48,-47,-48,-43,-41,-44,-53,-46,-44,-48,-54,-73,-46,-16,58,-449,-2483,-5558,-7572,-8781,-8781,-8781,-7772,-2885,5127,8681,15213,8218,5459,866,-2018,297,1950,616,-2066,-1387,665,1453,996,827
-197,-149,-255,-140,-27,40,21,25,-1,-97,-177,-115,-40,-837,-2000,-4813,-6864,-8022,-8781,-8781,-8781,-6243,-2048,5351,8681,8681,6853,4431,167,-1547,994,2889,2324,837,-1518,-1614,510,837,460,-73
-38,-36,-26,-26,-32,-42,-39,-35,-49,-46,-55,-41,-33,-2,-450,-2138,-4866,-7317,-8741,-8781,-8781,-8781,-8333,-2333,5003,8681,8681,8157,4640,1627,-204,1222,2808,2788,1522,478,-1679,-467,857,-1
-77,-57,-87,-74,-105,-45,-48,-46,-92,-501,-1776,-6194,-8781,-8781,-8781,-6539,-1546,1173,6530,7938,5726,3024,1,-538,-223,-137,207,118,-170,-281,-139,-72,-211,-79,-171,-50,-45,-27,-141,-11
-44,-9,-39,-31,-50,-12,-40,-55,-38,-33,-46,-40,-41,-30,-16,-46,-53,-200,-647,-2496,-8781,-8781,-8781,-8781,-3628,1704,3174,3496,4897,4710,333,-793,271,125,-54,-474,-457,-614,-287,-302
-35,-14,-38,-39,-56,-44,-39,-31,-15,-34,-31,-47,-31,-283,-1109,-3467,-8781,-8781,-8781,-7545,-1355,1775,5568,7214,6864,5175,615,-491,-59,30,42,-469,-578,-480,-278,-156,-225,-8,23,17
-51,-64,-30,-32,6,-26,-10,-112,12,21,-81,-25,-89,5,-108,-932,-4285,-8781,-8781,-8781,-6927,362,1453,5258,5336,4171,3412,17,-423,-77,-286,-362,-211,-81,-603,-428,-101,-148,-99,-230
-45,-52,-113,-692,-1967,-4332,-8781,-8781,-8781,-5216,493,2073,4794,6624,5361,5308,3116,-153,-438,-212,-375,-476,-469,-465,-23,-42,92,-51,-71,-25,-48,-53,-73,-17,-56,-12,-19,-25,12,-84
-16,-36,-2,-83,-12,-80,-19,-59,-25,-24,-44,-75,-104,-196,-689,-1424,-3694,-8781,-8781,-8781,-8781,-2234,2633,5797,8348,6615,4505,1924,194,236,-95,141,-231,-278,-518,-659,-240,-72,-4,-76
-64,-59,-30,-110,-71,-37,-8,-47,-13,-16,-11,-218,-805,-2412,-5277,-8781,-8781,-8781,-8781,-1987,3151,6753,7350,6217,3657,167,-229,283,167,-361,-206,-280,-400,-467,-146,123,33,-48,-100,-61
19,-68,1,-116,-64,-82,-24,-50,-17,-165,-274,-676,-1774,-3835,-6452,-8781,-8781,-8781,-8781,-2493,2965,4889,6361,7345,6423,3216,254,-10,21,-275,21,-148,-218,-11,45,-162,-423,-132,0,-261
-288,0,128,57,26,-239,-69,-38,50,-31,11,-274,-379,-314,-540,-527,-1468,-4479,-8781,-8781,-8781,-8781,-7571,-21,4632,7688,8294,8477,5247,50,121,438,155,-464,-643,-517,236,-328,-517,-342
33,-57,-93,-109,-86,-72,-27,-17,-58,73,-14,20,-175,-44,-19,-87,-471,-1220,-2240,-4908,-8781,-8781,-8781,-8781,-1899,1504,3557,4704,4126,4607,4002,1233,-267,-77,-384,-244,-127,-317,-158,-47
53,-15,40,-92,-310,-270,-2,-34,96,122,343,783,264,-1728,-4668,-8781,-8781,-8781,-8781,-6768,645,4874,7944,8681,8681,4454,-51,-125,275,166,-355,-518,-953,-1342,-671,27,7,127,44,60
-23,-51,-35,-60,-50,-10,-34,-40,-44,-33,22,497,209,-1240,-3642,-7977,-8781,-8781,-8781,-7468,-550,4223,6556,7917,7313,5411,2176,374,-589,-478,-358,-823,-693,-522,-321,-388,47,-2,-39,205
-60,-76,-124,-81,-105,-117,-44,-99,-59,-27,-65,-58,-34,68,-124,-502,-1194,-2992,-7211,-8781,-8781,-8781,-4060,698,3553,6648,8300,8681,4542,-79,-804,-493,-1087,-1244,-840,-178,39,137,212,58
-20,-39,-41,-56,-8,-59,-74,-56,-70,8,-16,16,-17,-226,-517,-1442,-5971,-8781,-8781,-8781,-6462,394,2518,5803,8338,8258,5355,702,-206,-20,-24,-277,-280,-397,-211,83,-55,-99,-149,-4
-148,-104,-169,-132,-36,-40,-64,-8,-33,56,494,81,-2712,-6770,-8781,-8781,-8781,-5077,-164,1051,5205,7863,7144,5215,875,-1192,-352,-478,388,-343,-399,-291,-245,-321,-288,-242,-111,-115,-170,-160
-43,-69,-36,-95,-44,-83,-65,-7,-82,-40,9,-70,-64,-110,-174,-154,-322,-213,-213,-172,-165,-156,-168,-195,-333,-467,-371,-149,-32,-70,-3,50,28,-227,-1273,-5772,-8781,-8781,-8781,-6072
-268,-377,38,21,55,6,15,76,-73,52,0,-10,-65,-74,-62,-44,-50,-79,-42,-30,-126,-69,-28,-3,61,-106,-1148,-3257,-6768,-8781,-8781,-8781,-3331,357,2208,5074,8502,8065,4106,-575
-37,-36,-14,-72,-131,-48,-50,-20,-22,-72,38,62,78,-52,-250,-1494,-4820,-8781,-8781,-8781,-7130,833,2841,4497,7205,8349,6188,1038,-1040,165,102,-137,-545,-610,-666,-468,-83,464,149,-212
-2,54,34,-15,-13,-68,-72,-52,-40,-93,-100,-106,-157,-282,-757,-3157,-8781,-8781,-8781,-7304,-1133,2044,3009,4677,6956,6720,2650,-1349,-249,-218,-109,-232,-634,-406,35,-19,-71,-44,-87,90
16,-13,-3,-27,-27,-30,-30,-43,-13,15,13,-12,29,242,175,-572,-6591,-8781,-8781,-8781,-3897,1989,3091,5631,7789,5781,653,-516,828,95,-20,-341,-542,-423,-235,-217,-94,-80,153,-62
-10,-27,-44,-59,-68,-63,-30,8,71,137,81,-83,-292,-143,-376,-1118,-2726,-3618,-5754,-8781,-8781,-8781,-8490,-4264,161,1101,1013,769,1816,3576,5635,6625,7308,7988,8681,6781,5340,3804,1912,1318
-19,4,-38,-32,9,65,110,104,113,89,92,162,230,205,97,-26,-75,-113,-101,-62,-14,-48,10,154,298,546,1247,-259,-851,-542,-1820,-4240,-7097,-8702,-8781,-8781,-5374,-964,1510,1145
645,1107,2012,3383,5637,6912,7439,8530,7968,6262,4356,3118,3194,3039,1097,-1186,-2087,-1318,-552,-190,-77,93,51,-10,74,153,180,344,409,437,533,568,670,1122,1408,870,-1558,-4626,-5970,-8781
-8781,-8781,-6214,-2342,268,822,137,434,762,2327,4321,6400,7427,7956,8681,8366,5271,2796,3052,4213,2968,509,-1432,-1831,-1009,-430,-278,-138,33,99,71,93,205,393,807,1601,2613,1473,-1055,-3241
-5481,-8725,-8781,-8781,-8781,-5121,988,2362,675,248,432,690,616,1408,3503,5956,7496,8681,8681,6727,4133,4551,4139,2384,1149,395,-633,-1153,-894,-512,-175,29,89,60,81,140,216,269,258,203
382,871,1531,1550,1072,-365,-2891,-4929,-5431,-6760,-8650,-8781,-8781,-7111,-2133,1473,1009,8,624,1394,2653,4431,5952,6937,6842,6949,7109,5301,3491,3301,3237,2721,1541,-382,-1579,-1523,-857,-226,223,499
608,595,820,1224,1118,130,-1193,-1812,-3981,-7925,-8781,-8781,-8781,-8781,-1890,2053,758,-210,256,1081,1923,2857,4480,5770,6738,8660,7844,5680,4513,4681,3916,2860,1652,635,-350,-904,-739,-342,-7,182
178,43,-31,4,65,92,88,67,28,12,-4,-2,3,87,323,431,616,827,529,-23,-546,-2206,-3831,-6024,-8781,-8342,-8063,-8781,-4288,702,1212,-119,335,941,1425,2370,4438,5842,6616,8681
8681,7976,4691,2596,2384,2112,1332,771,-184,-1145,-1229,-544,-27,211,258,227,148,185,388,637,944,637,-1038,-2854,-4166,-5667,-8242,-8781,-8781,-8781,-4812,21,1150,115,167,1152,2039,3976,5685,6825
7966,8681,8681,5468,2870,1954,2183,2291,1731,291,-859,-993,-512,-76,246,353,328,242,218,330,494,665,286,97,7,-575,-1791,-3592,-6156,-7623,-6814,-6911,-8476,-5151,-657,373,-72,276,476,506
490,1208,3014,5141,6643,7587,8496,8332,6948,4276,2204,1701,1698,861,20,-398,-426,-229,-78,-15,6,74,162,285,516,315,437,905,165,-677,-3096,-6879,-8781,-8781,-8731,-6475,-3077,-110,956,212
-245,-982,-1432,-1437,-1189,-710,-461,-889,-1598,-6007,-8781,-8781,-8781,-3240,-29,1221,603,424,2135,3969,5699,5862,6461,6752,6700,5720,3904,2172,2004,1971,1246,720,609,363,61,-165,-267,-251,-137,-100
372,1104,1342,1115,1113,445,171,351,377,288,-135,-2446,-4149,-5245,-6992,-8781,-8781,-8781,-4438,-712,762,-201,163,2052,4086,5530,6059,7181,7244,6894,5757,4100,3340,2549,1949,1440,222,-860,-1069,-629
-124,211,317,222,72,-67,-93,-7,175,460,370,659,1367,2093,1902,-438,-3860,-6996,-8781,-8781,-8781,-8781,-4615,486,995,182,327,782,1600,2775,4270,5669,6309,7393,8681,6440,4458,3881,3043,2626
1949,184,-1125,-1176,-629,-101,120,205,128,24,39,17,81,53,118,43,-1913,-3273,-4271,-6270,-7483,-7194,-8135,-8781,-5565,-185,1103,201,118,616,1201,2028,4033,5824,6887,7404,6493,5440,5282,4397
3389,2964,2262,1668,1317,495,-315,-484,-343,-198,-6,224,591,1220,2417,2718,1606,1183,-568,-3516,-6334,-8781,-8781,-8781,-8781,-4521,402,1165,-105,403,636,599,1286,3321,5291,7110,7710,8003,6917,5892
5178,4123,3091,2529,1862,254,-1144,-1325,-831,-246,158,418,639,816,1063,1505,1179,599,120,-423,-3874,-6383,-7186,-8694,-8781,-8781,-6577,67,1343,117,93,549,644,1082,2343,4359,6417,7740,8338,6784
5992,5480,4503,3079,2146,2258,1879,-156,-1185,-1196,-602,659,1456,1913,2430,3001,2419,965,-1738,-7899,-8750,-8781,-8781,-8781,-7115,-1815,983,439,37,632,685,846,1483,3047,4819,6040,6897,7895,7453,6619
4906,2698,3945,4755,3407,-5,-1868,-1358,-672,125,230,336,759,1079,1133,1765,1832,-202,-2284,-4352,-7161,-8437,-8781,-8676,-8781,-5798,-733,645,9,318,560,330,312,905,2287,4027,5602,6063,6272,5247
6494,5346,4814,3705,3306,3063,643,-362,-758,-1128,-638,361,1051,1749,2183,2322,1719,-1079,-4956,-6863,-6588,-7454,-8336,-8781,-8292,-4788,-1095,777,258,-55,490,657,347,475,1127,2420,3885,4495,5157,5549
58,17,-1,-36,-37,-26,-14,-24,-23,-52,-217,-541,-1472,-2155,-1434,-1141,-850,-904,-1358,-2170,-2087,-649,531,983,1120,2086,-449,54,-32,-320,-396,-124,-159,301,1219,1536,1619,1690,2072,2644
-264,-1002,-720,-108,671,662,313,518,762,382,-600,-665,-193,-212,-164,-846,-1354,-1942,-1023,191,203,-1212,-674,-533,-655,-460,-296,129,1923,3153,3820,4735,4216,3234,2181,1237,-33,-706,3280,-97
-3,42,111,-74,7,-41,-64,40,45,30,-23,21,83,4,-172,-732,-1357,-2747,-3795,-3914,-3480,145,-433,125,-181,-168,-107,-6,-100,9,185,747,1990,3354,3722,3341,3847,3493,2765,2045
1118,-187,-836,-597,-306,-196,-257,-364,-491,-398,-176,-40,52,17,-453,-2259,-979,-66,-421,-1113,-2104,-3141,-2589,-429,2201,4620,1371,-238,-148,44,0,-93,31,-105,-220,285,1535,2389,3037,3038
-1257,-1132,-1636,-2403,-2418,-1650,-168,1616,4159,-828,-632,-4,-148,18,173,379,957,2454,3435,3457,3163,2796,2263,1724,1244,586,-47,-145,-135,-198,-111,35,-13,-363,-1008,-2339,-2002,-982,-898,-1316
-1207,-588,-579,-220,-398,2740,-1327,-865,-37,54,46,-88,162,1124,2826,4207,4261,4108,3323,2565,1270,-1,-545,-723,-595,-511,-474,-435,-287,-73,195,-310,-1307,-1031,-440,-481,-1308,-1846,-2195,-1553
2959,620,103,113,-76,-266,-111,-69,388,1774,3586,4050,3940,3709,2718,1635,582,-117,-513,-622,-645,-604,-534,-549,-666,-1224,-2681,-2333,-690,158,582,436,-747,-1423,-1428,-1126,-820,-433,15,1443
-1847,268,250,-4,-243,-166,-55,109,139,652,1429,2445,3030,3460,3420,3368,2291,1618,790,330,223,-53,-299,-448,-449,-578,-792,-1146,-1983,-2197,-1677,-654,-281,-728,-1527,-1741,-1234,377,1946,2409
-828,-319,-137,-474,-1008,-610,37,1339,2326,3058,3667,471,-174,-67,-365,-412,-273,-268,-227,28,1023,2258,2865,3311,3606,2969,2168,1109,137,-166,-99,-67,-69,-84,-163,-246,-338,-402,-1671,-1976
-64,-107,-45,123,123,-15,-74,-75,-102,-108,-103,-133,-267,-383,-525,-502,-2402,-2410,-1626,-828,-1196,-1813,-1245,-578,1411,2762,3214,6025,-941,-159,-180,-136,-92,-32,39,-110,-362,-411,-250,-254
391,1717,2728,3372,3406,2991,2701,2225,1520,904,248,-271,-465,-458,-387,-281,-171,-168,-196,-170,-126,-131,-196,-271,-1820,-2465,-1364,-563,0,0,-711,-1492,-1870,-1502,-732,18,1270,2645,5044,-71
-1355,-1602,-1265,-966,172,979,2566,-695,84,-185,54,-10,1,300,478,535,1257,2188,3125,3898,3589,2830,2119,763,-203,-429,-407,-452,-370,-229,-172,-12,28,-1807,-2667,-1467,-472,312,540,139
251,-180,-398,-713,-1797,-2052,-1675,-691,1622,864,-177,29,78,-198,318,774,1199,2061,2502,3142,3493,3169,2812,2004,901,571,379,135,-88,-476,-753,-1094,-2041,-2306,-881,-212,-249,-1447,-3020,-2971
-1642,-186,980,6886,-58,375,354,-210,-462,-370,-211,-41,361,1065,1467,2032,2393,2961,2882,2484,1919,1286,659,224,-147,-308,-281,-273,-258,-376,-627,-1328,-1556,-961,-599,-942,-1681,-1979,-1161,161
-506,-246,-134,-134,-124,-109,-62,-44,65,157,204,236,-40,-371,-411,-293,-145,-135,-228,-315,-252,-95,-593,-520,38,-148,-453,-943,-1468,-2387,-2253,-1311,-706,609,1470,-1045,305,341,258,349
254,107,-229,-7,982,1784,2271,2950,3529,3966,3347,2443,943,-316,-901,-683,-363,-149,-181,-323,-481,-529,-911,-1613,-1169,-357,268,672,563,-260,-1135,-1945,-2588,-2700,-2650,-3093,-617,3315,-1374,131
-1359,-222,538,1655,3877,-397,-878,-55,-16,-150,-116,-93,10,234,1607,2824,3799,3754,3888,3569,2891,1912,871,-224,-1035,-1180,-739,-467,-351,-82,41,-60,-216,-493,-697,-761,-1311,-1504,-551,155
632,666,-7,-563,-946,-1123,-945,-664,-283,-598,-787,-694,-206,-189,-505,5161,4427,-508,-453,131,-39,-59,-35,-52,-145,54,630,1868,2555,3464,3935,3712,2858,1535,124,-846,-1101,-867,-368,56
222,187,8,-272,-301,-308,-370,-445,-741,-1667,-1273,-556,-624,-1216,-1682,-1688,-1524,-1004,-570,1071,2037,3815,2,-387,418,128,-12,-52,-197,-367,-27,1060,2447,3459,4303,4695,4487,3704,2291,806
-461,-1031,-928,-488,9,121,75,-14,-148,-52,10,-164,-214,-161,-44,-13,-74,-706,-1200,-1466,-1898,-2171,-2240,-2202,577,7019,-1123,-666,11,-158,-201,-149,-121,52,288,639,1327,2490,3537,4309
-107,-254,-308,-221,23,114,-1926,-4965,-6479,-7716,-8234,-8016,-7606,-7152,-6748,-5265,-3615,-2014,-139,2175,4307,6721,8681,6929,4347,1734,1513,2290,1916,-189,-1630,-1947,-1322,-493,146,272,385,444,221,77
-102,-262,-292,-158,-38,31,21,-58,-145,-104,10,0,-10,-63,-80,-116,-195,-244,-173,-213,-303,-693,-2044,-4186,-5599,-6584,-7390,-8531,-8781,-8781,-7092,-4473,-1476,953,2725,4210,8681,8681,5071,1978
2497,3484,3807,2553,240,-909,-1087,-520,-253,-355,-230,31,153,194,40,-156,-237,-194,-91,16,84,56,3,-56,-67,-56,-59,-77,-105,-291,-998,-2487,-2728,-2964,-4025,-4881,-6299,-7527,-7688,-7000
-5613,-4453,-4090,-2104,216,1871,3217,8068,6787,3864,1009,2694,2968,1648,309,-1161,-166,187,178,26,-101,-386,-412,-115,54,117,207,247,215,53,-202,-486,-660,-880,-1002,-888,-1012,-1099,-1344,-2926
-4816,-6299,-8034,-8781,-8781,-8781,-6967,-4126,-2327,-332,1825,3811,6030,5638,3888,1206,2344,3472,3042,845,-473,-282,-354,-393,-362,-375,-542,-383,19,122,160,116,-72,-215,-301,-363,-491,-1008,-1634,-1938
-2633,-4881,-6361,-7225,-7595,-8331,-8285,-7147,-5448,-2905,612,2440,3820,6589,4097,2391,441,2581,3012,2245,670,-939,-373,482,491,248,-53,-326,4611,50,49,-72,-149,-187,-285,-398,-460,-478,-554,-233
-196,-207,-747,-3039,-5371,-7300,-8781,-8781,-8781,-8209,-5130,-1404,2157,4201,6682,5775,5385,1740,1896,3477,3361,324,-332,-1376,-1109,-434,-3,125,34,-56,-97,-95,5,74,39,25,-7,-24,-32,-173
-721,-1540,-2593,-3439,-5243,-6671,-7533,-8760,-8781,-8781,-4635,980,4377,4875,3784,1794,712,1073,1298,1732,1596,34,-256,639,314,-459,-686,-9,264,130,371,476,318,-28,-457,-1121,-1660,-2386,-4333,-6773
-8490,-8781,-8781,-8781,-3137,2599,8681,8681,8681,4960,2103,1790,1516,-73,600,1123,685,289,186,186,200,149,4,-34,-166,-250,-236,-127,-159,-447,-919,-1877,-2598,-3798,-4439,-5175,-5813,-6708,-7661,-8270
-7534,-6078,-2917,809,4536,4951,3050,1717,1643,4730,4692,960,-526,-653,-1380,-255,315,68,-11,-244,-542,-150,149,56,-335,-671,-947,-1117,-1559,-2428,-3966,-5339,-6008,-6507,-7447,-8028,-7749,-5897,-3684,-2348
-811,1280,2351,3301,4944,4711,3173,2156,1807,2869,3477,501,-1283,-1925,-748,-104,-79,-349,-283,-202,-249,-324,-513,-478,-353,-278,-87,-19,-24,-139,-773,-1849,-4006,-5490,-6489,-8641,-8781,-8781,-8150,-4186
-766,1398,3273,3999,5782,5673,6334,4899,3603,2504,926,68,-177,-866,-1477,-1105,-522,-118,-54,-111,-89,-184,-906,-1564,-1512,-1605,-2027,-2735,-3577,-4596,-5110,-5489,-5199,-5616,-6167,-6624,-5592,-4068,-2446,14
1778,3660,6118,6956,5559,3410,2265,2727,2150,1692,1003,176,-39,-332,-451,-412,-119,127,179,5,47,-31,-97,-30,130,235,150,36,-301,-1200,-1665,-3195,-3335,-3318,-4029,-6355,-8418,-8731,-6207,-4245
-2691,-1233,-190,697,2294,3577,8346,8681,2645,-429,1365,2337,2079,859,-966,-461,-191,-374,-684,-865,-412,-276,-330,-252,-268,-250,-210,-382,-406,-580,-876,-1536,-2094,-2563,-3073,-4322,-5543,-7204,-8208,-8688
-6749,-4441,-2288,196,2324,3281,3557,5833,4711,5948,2166,1631,2592,3063,1286,-401,-1209,-1165,-1009,-1147,-887,-420,-323,-178,-133,-186,-166,-361,-1075,-3441,-5964,-6466,-7197,-7940,-8011,-6792,-4572,-2960,-710,1162
2259,2625,3051,5819,7842,6848,3521,4144,3739,2831,1267,-464,-1099,-910,-520,-297,-307,-675,-1495,-2222,-2444,-2408,-2648,-3351,-4458,-5333,-5687,-5498,-5372,-4892,-3787,-2625,-1556,-372,451,2083,3402,4858,6983,7101
4863,2468,2654,2880,2607,1320,730,-441,-750,-930,-863,-524,-390,30,1,-719,-1579,-1905,-2103,-3117,-4320,-5609,-6362,-7097,-6615,-4864,2152,-2007,-867,492,915,1392,1541,2575,4601,5946,3432,850,2159,2902
2783,2196,241,-988,-880,-1120,-1033,-456,-416,-416,-162,-218,-441,-556,-855,-1699,-2605,-3325,-4002,-4178,-5100,-6258,-7184,-7229,-6643,-5305,-3375,-1346,-221,1652,2873,6151,5896,6402,3664,2084,1964,1346,1436,902
428,-1477,-317,30,-173,-328,-194,-249,-470,-706,-1511,-2590,-3357,-3782,-5031,-6727,-8781,-8781,-8529,-6059,-3402,-697,1168,3211,5819,6870,5803,3433,394,2322,4333,2763,1065,448,560,397,-196,13,522,472
-280,-299,-201,-347,-667,-659,-860,-1177,-739,-1216,-2851,-4500,-6080,-6638,-7048,-8008,-7809,-6025,-3662,-1916,-278,728,2486,6184,8681,7611,2619,339,894,1404,1480,1314,453,-481,-1280,-843,-674,-198,16,-38
-61,-53,-143,-243,-196,-116,-85,-100,-108,-93,-40,-20,-53,-31,-2,-16,-34,-11,16,-579,-1103,-1203,3849,1452,4212,1191,459,-2986,-8781,-8781,-8072,1845,2816,1030,-36,189,373,383,173,-9
-23,340,506,321,97,-26,-88,-104,-107,-69,-59,-53,-45,-39,-57,-106,-166,-193,-289,-376,-455,-445,-381,-2347,-8781,-6183,1451,-209,-119,-2230,-4932,-282,1031,461,713,147,42,-112,155,258
-66,-120,-40,-8,-71,-63,-11,-4,-20,-47,-83,-87,-39,-24,-71,-71,-87,-184,-188,-4008,-8781,-3579,1056,-111,-21,-1384,-5040,-8781,-2814,93,72,347,662,898,547,8,300,478,227,60
13,-99,-161,-61,5,32,5,-32,-83,-150,-247,-273,-235,-123,-47,-18,-258,-5343,-8781,-5019,1001,453,-2531,-4399,-8173,-226,3,-212,21,-34,579,921,827,311,202,296,90,-86,-84,-56
-127,-141,-178,-190,-131,-38,-83,-225,-296,-350,-670,-564,-66,-106,-621,-5706,-8781,560,418,-2727,-2328,-6969,-652,-670,-73,507,689,749,772,684,263,185,235,208,-82,-101,39,77,130,124
-132,-210,-212,-126,-34,52,89,84,-44,-132,-239,-225,-289,-281,-267,-1281,-7953,-8781,556,95,-1117,-4449,-4016,1137,-341,206,182,457,589,501,-7,-48,-128,130,295,210,-38,-92,38,50
-69,-201,-76,117,68,-59,-130,-123,-125,-111,105,1339,1349,-4380,-8781,-8781,-262,-1201,-5394,-6909,352,636,-504,-130,532,707,463,440,384,309,96,-150,54,270,87,-57,-80,-97,-114,-127
-53,-3,-33,-57,-24,36,11,-27,23,21,-20,-55,-73,-32,1139,143,-1385,3668,8681,7312,2018,-3444,-7789,-8781,-4712,3198,-640,441,1082,714,183,105,127,97,-7,11,-114,-84,-127,-160
-225,-225,-139,-56,-14,-56,-73,-69,-20,5,-14,-87,-337,-570,-3319,-8781,-7683,340,-3691,-7061,-8781,-2870,2341,324,65,46,-42,209,294,104,-45,-39,-36,2,12,-109,-223,-183,-80,-84
-123,-115,-92,-70,-44,-4,13,11,17,28,60,-592,-7581,-8781,-5286,-1728,-8506,-8781,-4135,988,-227,80,283,363,312,427,162,209,343,263,69,-28,-40,62,77,48,55,21,-7,-2
16,-20,-49,-44,-62,-94,-45,-96,-211,-368,-398,-4146,-8781,-4656,134,-6291,-8781,-7842,1699,-678,-327,-181,-14,372,396,171,-84,4,48,-39,-81,-32,6,24,30,4,38,48,-4,-28
-49,-51,-95,-82,-40,-100,-113,-93,-76,-53,-28,-23,-25,-42,-124,-227,-278,-378,-473,-516,-1134,-8781,-8781,919,-3510,-5477,-6761,1659,-285,-136,-93,-93,45,69,66,173,231,203,170,137
67,90,27,-4,-37,-129,-198,-101,-11,-7,-34,-102,-168,-265,-427,-483,-904,-5894,-8781,-5929,-235,-2551,-5979,-2573,480,400,252,289,-214,-145,-137,-161,38,189,208,129,218,153,81,-2
-84,-45,-52,-68,-70,-112,-103,-116,-116,-128,-123,-128,-239,-1227,-4031,-6479,581,-1265,-5418,-8588,2174,-319,-497,-117,104,455,351,80,15,116,13,6,-69,-126,-43,-14,-35,-17,-40,-60
-8,0,22,-7,80,114,243,125,-1249,-6965,-7951,-55,-1623,-6186,-8390,-405,-3,-1373,-332,274,363,359,317,39,52,230,272,109,24,47,-37,-112,-107,-90,-112,-64,-61,-34,-56,-54
-64,-27,-26,-75,-115,-126,-76,-87,-323,-3778,-8781,-6823,-394,-6099,-8781,-3979,-161,-902,-274,115,211,166,86,225,323,248,12,11,34,34,-22,-25,-50,-43,-3,-13,-39,-75,-90,-147
-162,-133,-159,-212,-149,-197,-700,-5405,-8781,-4800,221,-1705,-1485,719,611,-314,-70,185,-45,183,242,-97,-3,101,-45,-127,-79,-34,-84,-95,29,166,71,-32,-43,-56,-37,-100,-62,-84
-24,-92,-99,-135,-77,-74,-55,-23,-78,-19,-21,-177,-2145,-8781,-8781,-471,-1993,-3495,-3746,421,-88,594,317,146,374,295,-6,44,163,165,81,76,124,66,13,-73,-93,-82,-54,-45
6,34,50,50,15,-8,-32,-83,-128,-453,-826,-3471,-8781,-7793,-60,-1221,-1626,172,-34,-365,-25,-44,26,113,62,160,166,214,96,1,9,-17,-38,-30,-34,-50,-99,-74,-25,-29
-9,-35,-35,-20,44,23,-18,-58,-134,-370,-677,-4135,-7242,-520,-3573,-7671,-8228,-334,1047,144,344,464,122,39,-23,-34,59,177,183,184,120,98,86,25,-19,-55,-98,-135,-132,-105
175,0,-124,-228,-161,-188,-163,-190,-181,-79,-33,-10,-11,-53,-23,36,14,94,192,147,82,102,70,167,280,376,344,339,312,321,263,4,-1314,-3575,-6136,-8584,-8781,-8781,-8781,-8781
-5489,-102,3319,4852,7051,8681,8681,8681,6997,4807,3546,-1330,-2001,-1026,529,226,-456,-740,-132,410,686,327,-705,-2028,-5563,-7875,-8781,-8781,-8781,-8781,-4862,-466,2366,4691,6565,8681,8681,8681,7293,6003
2201,-1451,-2078,-1614,-728,-306,-368,-312,12,210,260,251,202,98,8,3,278,671,247,-1761,-5179,-8186,-8781,-8781,-8781,-8781,-1395,-734,2406,4510,6831,8681,8681,8681,7563,5778,3562,-896,-1738,-1228
-882,-654,-680,-557,-350,-40,213,295,286,234,206,227,424,938,-1192,-5787,-8781,-8781,-8781,-8781,-8781,-1794,-221,1753,2059,3362,5384,7408,8681,8681,8681,6166,3450,-951,-1703,-1233,-900,-558,-421,-225
-109,29,215,264,274,333,383,449,696,-917,-3676,-7041,-8781,-8781,-8781,-8781,-4745,9,1748,2117,3116,4918,6884,8546,8681,8681,5694,4303,604,-1309,-1390,-1232,-1113,-894,-576,-122,217,335,365,329
332,295,420,-1706,114,-3200,-6737,-8781,-8781,-8781,-8781,-8265,-608,1291,1582,2190,3924,5961,8230,8681,8681,6612,4973,1443,-1339,-1472,-925,-252,-128,-41,1,113,149,198,152,213,258,374,601,-2808
-6853,-8781,-8781,-8781,-8781,-6300,-784,1020,2740,3974,5037,6338,8681,8681,7623,6314,5001,-536,-1979,-1010,-849,-610,-674,-697,-553,-370,-169,84,230,227,151,30,131,274,499,812,1307,-937,-5072,-8331
-8781,-8781,-8781,-8781,-3518,-787,1468,2527,3171,4715,6104,7808,8681,8681,7161,5599,611,-1883,-1414,-1048,-177,-404,-462,-131,120,100,28,81,59,34,171,251,237,194,217,-185,-1574,-4016,-7096,-8781
-8781,-8781,-8781,-4672,-622,1722,1508,1060,2506,4905,7126,8681,8681,7235,6515,3493,-858,-1811,-1054,-737,-361,-372,-293,-36,207,292,310,273,264,315,345,334,375,567,-206,-3177,-6821,-8781,-8781,-8781
-8781,-5879,-1115,1051,1504,1974,3529,5206,6775,8681,8681,5424,5061,3502,207,-1249,-1314,-960,-495,-210,-110,-89,-36,149,228,276,374,437,376,327,399,540,-239,-1631,-3431,-6355,-8781,-8781,-8781,-8781
-3270,-99,2399,4238,5440,6859,8166,8681,8681,7026,5401,583,-1599,-1405,-702,-169,-183,-229,-101,193,413,374,229,90,26,-13,61,208,251,255,439,-254,-2960,-6630,-8781,-8781,-8781,-8781,-3108,-53
1591,2148,3528,5841,8027,8681,8681,6367,4329,1646,-939,-1080,-979,-480,-278,3,114,131,26,171,223,175,188,195,198,301,464,587,328,-1643,-4887,-8781,-8781,-8781,-8781,-2479,-538,2409,3391,4815
6670,8218,8681,8681,6488,4237,408,-1243,-1429,-911,-7,204,226,201,80,112,162,199,267,223,252,302,436,882,501,-2596,-6400,-8781,-8781,-8781,-8781,-5688,-1025,1877,2123,2263,3982,5883,7814,8681
8681,4103,3401,1109,-350,-1129,-934,-524,-176,6,12,-79,-1,205,184,188,236,293,263,253,381,810,-671,-5400,-8781,-8781,-8781,-8781,-7062,-2263,375,2135,2469,3479,5466,7225,8681,8681,6345,3364
1062,-210,-829,-246,472,94,-3,91,58,-101,-115,-145,-49,257,420,454,649,1019,-406,-4642,-8338,-8781,-8781,-8781,-8781,-2435,712,2020,1966,2939,4480,6423,8681,8681,6949,4798,2919,-742,-1101,-1036
-384,77,-61,-153,-278,-218,-107,-109,35,212,354,430,462,522,693,653,-1055,-5033,-8042,-8781,-8781,-8781,-8781,-2486,320,3359,5143,5600,5641,7573,8681,7230,3952,4253,869,-796,-1356,-615,209,228
274,255,74,-51,23,58,58,193,223,242,332,351,279,485,224,-2262,-6304,-8781,-8781,-8781,-8781,-2692,-190,1986,1656,2007,4312,6449,8642,8681,8681,4460,4146,353,-2424,-1744,0,396,-79,-179
-44,5,49,100,70,90,75,60,118,319,603,24,-2516,-5554,-8525,-8781,-8781,-8781,-6250,-799,1768,3607,4272,7471,8681,8681,7320,5065,3897,-400,-1797,-1222,-224,166,-81,-93,-25,57,69,-15
-56,-77,46,257,527,950,777,-824,-4067,-6945,-8781,-8781,-8781,-8781,-3998,-1432,1454,2454,3090,4606,5996,7768,8681,8681,5080,3087,489,-597,-791,-413,242,266,175,180,211,157,94,20,-24,56
51,41,-69,99,664,1785,-184,-5601,-8781,-8781,-8781,-8781,-7448,-1540,1467,2894,2838,4008,5574,6773,8681,8681,5568,4067,3217,-1005,-1671,-1092,73,135,-405,-444,-228,-130,-1,159,268,179,163,154
-32,-41,-50,-43,-39,-34,-28,-38,-31,-20,-23,17,38,36,14,69,192,477,-1964,-4039,-3567,-1159,616,-777,155,168,841,4073,6628,7053,4006,-1007,-464,-1388,-2027,-1349,-605,-249,-266,-174
-3,90,53,-14,-81,-106,-76,-32,93,527,-233,-2932,-4398,-3631,-1335,-625,-19,2073,251,1314,5444,8268,7910,1497,-882,-894,-1252,-1160,-727,-43,-129,-69,-87,64,87,15,-54,-52,-47,-33
-17,-8,16,41,60,92,232,465,-1022,-3770,-4388,-2712,305,-1532,2621,417,-317,2382,6157,8585,6516,510,137,-737,-1510,-1769,-1314,-659,-238,-30,-30,33,31,11,15,-1,-31,-31,11,70
201,375,507,306,-261,-2558,-4132,-3472,-1077,-80,-359,511,-664,-488,1607,5333,8033,7134,2066,-37,85,-713,-1214,-1367,-806,-417,-85,-3,106,115,69,64,54,121,186,243,234,112,7,-739
-2608,-4010,-3219,-1090,461,-606,318,-187,363,1222,3586,6525,7567,4998,381,-422,-978,-1216,-1207,-793,-476,-123,9,117,135,47,100,180,154,159,106,93,124,247,-12,-922,-2337,-3774,-4159,-1763
-229,-275,-191,-149,-150,-170,-107,-28,11,5,3,23,42,74,116,325,12,-1964,-4672,-5087,-2750,-529,-327,1452,-13,782,4523,7006,7017,4328,202,-255,-1262,-1823,-1360,-675,-428,-197,-52,13
214,178,120,84,-19,-55,-82,-31,-6,139,251,301,336,311,167,-647,-2610,-4755,-4844,-2252,-135,-840,778,-558,1045,5434,7490,7665,3333,-362,-464,-1422,-1787,-1257,-716,-516,-156,-60,-60,82
-124,-100,-47,-16,-11,-26,-36,-57,-55,-71,-54,-40,-33,-42,-53,-72,-90,-121,-73,-122,-146,-204,-271,-324,-361,-431,-522,-599,-505,-256,-61,362,750,647,314,-1001,-2723,-3665,-3688,-1727
162,-1300,710,-426,-187,2992,5399,5861,5265,2408,-788,-1022,-1137,-1133,-825,-586,-398,-141,-19,235,331,318,400,216,183,-196,-1210,-3657,-5596,-4040,-1034,-521,363,-161,43,1599,3855,6634,8644,6771
1171,-543,-273,-1266,-1625,-1058,-411,-309,-60,197,350,416,453,423,296,132,53,-884,-4339,-5536,-3995,-1172,-857,-120,310,62,1161,3465,5960,8433,7609,3982,-372,-916,-1390,-1440,-913,-381,-248,-100
60,124,172,136,31,-39,-59,-150,-140,-74,131,434,766,651,-925,-4314,-5485,-2374,-247,563,-305,-922,2196,6467,7465,5968,789,-207,-572,-1352,-1597,-1101,-577,-406,-73,60,174,93,137,68
46,-22,-64,-71,-94,-41,-31,2762,-23,-60,-89,69,676,964,-2243,-5315,-4840,-2532,-316,-299,597,62,352,2641,5970,7536,7473,2907,-498,-1087,-1862,-1578,-964,-477,-254,-124,-60,-21,28,43
53,7,-32,-50,-72,-61,-42,-4,660,1344,552,-3492,-5164,-4215,-1059,191,-150,692,-368,428,2268,5155,8142,6940,4401,872,-997,-1625,-1361,-589,-372,-263,-130,-10,-24,-77,-128,-66,-43,-16
0,16,31,-2,-27,-2,699,1322,-2128,-5162,-5488,-3247,-261,-803,1090,-137,-109,1488,4403,7390,7829,4575,280,-994,-1281,-1172,-738,-307,-198,-95,19,100,123,145,77,56,0,-18,-24,-50
-26,-56,-21,-10,-91,-27,-50,91,533,1467,1033,-3930,-6082,-5668,-1748,-1500,448,383,120,1083,2781,5601,7807,6872,3381,406,-1285,-1425,-893,-486,-152,-277,-279,-129,-87,-49,-69,-36,-39,-4
-26,-14,22,-6,-40,-61,-73,-80,143,1380,1675,-3644,-5605,-4623,-1125,-354,-205,306,62,1062,3239,6354,7369,5715,3143,-52,-1664,-1857,-1001,-404,-123,-114,19,72,21,55,25,-40,-50,-44
-9,-17,-9,-20,-56,-56,-56,129,931,1423,-276,-4363,-6599,-4425,-366,-166,137,141,246,1249,3543,6737,8089,5608,2755,-110,-1265,-1459,-975,-316,-247,-73,69,118,19,12,19,7,8,-3
17,-23,-33,-45,-44,34,116,102,207,629,731,-3817,-6294,-4638,-1388,-180,-284,-10,-229,567,2286,4988,7691,6475,3551,-56,-1234,-1407,-775,-433,-299,-120,-95,35,11,11,-34,-46,-23,-25
-47,-51,-39,-21,-31,-37,-43,-73,-3,605,1436,-2616,-5472,-4895,-1731,-326,-221,-127,-454,153,1555,3800,6767,7250,4761,551,-1458,-1148,-586,-409,-128,-100,-6,68,44,54,14,-28,-105,-68
-98,-35,-1,17,57,8,82,93,154,370,502,-2318,-6271,-4330,-1165,588,-157,-82,-71,518,2022,4625,7239,4974,2016,-734,-1235,-989,-514,-230,-100,-58,46,85,13,-96,-113,-53,-55,-40
-38,-39,-37,-39,-44,-39,-53,-79,-77,-42,-81,-332,-427,-335,-102,117,122,-444,-3124,-6190,-8781,-8781,-8781,-8781,-7978,-6562,-5084,1509,8681,8681,8681,8681,7978,7170,1723,-1695,-1768,-198,381,509
27,-337,-498,-449,-651,-729,-732,-549,-414,-179,-117,-106,-93,99,-42,-337,-305,50,-2356,-6390,-8781,-8781,-8781,-8781,-8456,-5511,-739,8161,8681,8681,8681,5567,2627,1285,629,-19,141,-205,-2253,-1693
-1054,339,796,444,-103,-122,-139,-217,-85,-17,-47,-46,-606,-4341,-7279,-8781,-8781,-8504,-7452,-5799,-4313,-3209,2044,8681,8681,8681,8681,4728,2801,1159,308,393,402,257,-1477,-1279,-662,-370,-203,-133
-5,-88,-46,-56,-85,-76,-67,-53,-66,-98,-311,-884,-2990,-5472,-8120,-8781,-8781,-8781,-7334,-5691,-3949,2389,8111,8681,8681,7714,4534,3019,786,-708,-417,598,591,-224,-1357,-1417,-604,-267,-154,-154
-55,13,38,189,456,498,589,605,145,126,-235,-2536,-6429,-7931,-8781,-8781,-8781,-7538,-5558,-4120,-2443,2789,8681,8681,8681,6738,3991,2216,-447,-2136,-1191,467,846,-200,-1979,-1377,-532,36,-30,21
106,321,409,386,319,131,68,348,352,128,151,-455,-4578,-7126,-8781,-8781,-8781,-8268,-5914,-4115,-2371,2202,8681,8681,8681,8681,7041,4041,-499,-2120,124,1459,416,-635,-1489,-1248,-381,-212,-123,-95
-202,-191,-104,-86,-99,-66,-89,-101,-148,-906,-3098,-4956,-6301,-7587,-8169,-8303,-7758,-6085,-4568,-2667,3080,8681,8681,8681,7562,4888,2209,-1365,-1969,691,2022,951,-351,-1328,-1754,-1027,-498,-348,-402,-754
-929,-875,-527,-137,212,424,464,452,568,26,-3453,-5842,-7454,-7752,-7166,-6954,-6688,-5206,-3827,-2818,3696,8681,8681,8520,5673,5886,7109,2135,-663,219,-125,-137,-1303,-1726,-1044,-221,-38,-125,-406,-821
-1105,-956,-592,-176,47,22,63,165,293,-247,-2599,-5683,-8003,-8781,-8781,-8781,-8781,-6902,-4089,-1392,6839,8681,8681,8220,6181,7013,2468,-2667,-629,1691,591,-2982,-2235,-592,752,815,-125,-848,-964,-586
-888,-535,29,94,143,279,389,173,-27,-64,-799,-3100,-5437,-6758,-7529,-7304,-7460,-7000,-5963,-4937,-1687,5813,8681,8681,8681,6542,5257,2579,231,1474,1084,-896,-3338,-2423,-990,-377,-142,-6,-131,-5
3,83,71,69,65,24,4,-45,-249,-886,-2980,-5110,-6739,-7408,-7314,-6737,-5744,-3992,-2326,-2273,2222,8681,8681,8681,8681,6605,5656,1752,-1111,-984,-190,-2269,-2662,-1239,137,92,-91,44,-40,-17
-21,-14,-50,-60,-37,-1,108,92,-13,-158,-1107,-4195,-6166,-7821,-8537,-8365,-7503,-6250,-5333,-4155,-1888,4432,8681,8681,8681,7740,5246,4857,2003,-974,-1204,-206,-2698,-2349,-626,114,-76,130,129,-14
17,-94,-147,-182,-148,-125,-155,-143,-95,-574,-2245,-5020,-6524,-7873,-8384,-8179,-7027,-5260,-4265,-2977,4152,8681,8681,8681,8244,5864,3771,-510,-2580,-1396,104,-2438,-2533,-1339,-8,469,31,-537,-784,-644
-330,-66,121,261,324,270,284,300,218,-554,-3524,-5692,-6909,-8271,-8335,-7998,-6692,-5243,-4714,-1236,7874,8681,8681,8681,8282,7661,4809,1263,-397,-1146,-1215,-2259,-2090,-880,35,257,187,142,76,-38
-83,-78,-149,-216,-236,-124,-97,-265,-804,-2416,-4613,-5636,-6127,-5382,-4779,-4152,-3304,-3124,-2589,178,6870,8681,8681,7076,4216,3090,-1545,-4786,-2031,1276,664,-1726,-2171,-991,-456,-350,-388,-317,-183,-174
-164,-58,251,573,489,141,-145,-208,-169,-272,-1626,-3693,-5266,-6267,-5864,-5558,-6018,-5344,-5158,-4895,-258,7690,8681,8681,8474,7429,6556,2235,-1820,-1926,-225,-124,-2351,-2495,-1172,337,596,88,23,69
212,498,575,586,619,448,479,-10,-290,-805,-2865,-5060,-5885,-6027,-6278,-6465,-6608,-5872,-4821,-3293,2864,8681,8681,8681,8681,6905,5294,1096,-1394,-1725,-310,-760,-2185,-1348,-369,-110,-213,-348,-506,-543
-426,-149,121,120,114,112,-14,-152,-558,-1767,-4017,-5210,-6055,-6243,-6178,-6094,-5093,-3935,-3705,-1589,4898,8681,8681,8681,8681,6163,5952,1890,-1544,-1169,-1472,-2383,-1400,-378,-283,-317,-257,-235,-117,-17
-125,-282,-382,-361,-299,-184,-306,-918,-2834,-4728,-5798,-6204,-6066,-5724,-4715,-3502,-2785,-2749,-2042,3289,8681,8681,8681,7996,3474,2807,1564,-1291,-2300,-2310,-2521,-1068,27,171,-196,-450,-545,-441,-177,142
42,-111,-186,13,170,62,-70,-157,-503,-1998,-4540,-6083,-7041,-7118,-6536,-5816,-5190,-3676,-2484,-1290,3589,8681,8681,8681,8681,6070,3857,1661,-383,-825,-2276,-3138,-1817,-763,-401,-207,-32,-116,-144,-71
-1124,-2,-39,-303,17,-417,-80,16,206,34,-9,-18,-14,-16,-17,-13,-64,-47,-110,-47,-75,-134,-119,-159,-151,-193,-311,-318,-622,-1002,331,-2402,-8781,-3865,244,-878,-148,1379,4452,5937
732,-4595,-5169,2123,5560,4879,2050,2214,-2507,-6097,-128,1223,255,423,802,910,167,67,51,-14,159,233,-136,-332,-140,-55,-53,-152,-86,-100,-46,-115,-136,-167,-140,-150,-105,-236,-421,-457
-525,1662,-801,-8548,4436,8681,5838,1847,386,-8634,-4845,5919,7063,1829,413,404,-546,-456,-324,245,375,-111,-490,-320,-121,100,4,200,246,0,-51,26,-99,-189,-281,-153,158,-3,-287,-383
-402,-41,534,-75,-420,-1797,-8781,-4748,5948,5838,2464,1454,-4038,-8781,1001,8681,8681,104,-350,19,-1076,-706,-498,-483,13,18,-6,-101,-145,-146,-17,-4,-6,8,2,-29,-30,-55,-48,-5
-10,-28,-33,-39,-26,-45,-50,-65,-89,-218,-199,-44,56,227,136,-81,-376,-1091,428,3115,-8781,-4522,3840,6863,5311,-973,214,-7697,-2568,3438,1242,-560,1293,1015,499,179,-86,-132,12,150
-4,-55,34,72,-24,-32,-103,-26,-77,-72,-145,-366,-1075,-32,2436,-7633,1855,4825,1077,2539,4345,-4005,-2290,1950,1731,181,-208,440,68,1,-58,-249,-139,78,69,-216,-232,-49,-23,29
12,-26,-66,-48,-18,-34,-41,-75,-85,-68,-45,-10,-86,-171,-335,2619,-8781,464,6443,5450,2216,1113,-7232,-3962,4200,1340,1002,933,301,388,154,-92,-69,-138,-124,-254,-275,-196,-112,-116
-188,-241,-228,-99,-67,-59,-69,-62,41,139,125,-179,960,-8781,-2526,6084,6168,1804,2576,-2703,-5004,4277,4582,1586,1142,666,-324,259,275,-38,-127,37,66,132,116,61,-7,-24,-46,-107
-59,-75,-119,-222,-177,-167,-204,-231,-595,-646,3280,-4849,-2621,5010,6160,4585,879,-7001,-5372,2680,4277,2387,666,839,67,-207,303,214,-91,92,161,139,-142,-434,-98,-27,123,246,91,39
38,33,7,22,-27,-93,-159,-182,-263,-412,-628,-687,1656,2114,-7377,7425,8003,2751,3712,251,-2626,2651,5544,1672,175,636,-34,-309,-277,-138,-266,-148,135,657,321,-15,-96,-102,-76,91
61,-25,19,20,-47,-97,-124,-154,-280,-834,-2365,1947,5709,-2293,1225,3133,918,2659,2147,-4535,-3255,2880,8681,8681,174,392,734,-560,-245,-255,-305,-155,88,-46,-17,-175,-96,-45,-31,47
-35,-88,-49,-31,-84,-40,-74,-163,-295,-361,761,591,-5264,5311,7023,3906,1382,-627,-5199,-1743,6896,8193,493,-432,740,-662,-203,3,-109,-80,-11,-38,-40,-6,-26,86,65,-4,-108,-78
4,-118,-202,-126,-60,-210,-168,-147,301,93,-8781,871,7581,5240,3365,1135,-3143,785,5148,8681,5497,-1441,496,-180,-467,-153,-239,-259,-150,-157,-151,-61,6,-250,-104,-33,18,-57,-143,-142
-105,-60,-75,-58,-75,-54,-32,-14,-14,-74,-87,-30,-68,-33,-2199,-8781,2452,8681,7755,2484,5698,-4831,-3129,5579,5397,628,-285,293,-393,-129,105,-29,-15,-49,72,95,-85,-56,-48,-28
29,-56,-107,-32,-69,-39,-96,-137,-184,437,-2805,-8347,3618,8681,7274,2862,1211,-3747,-2843,4839,4319,-1444,189,-311,-600,102,40,-153,-132,-208,-186,-255,-146,-72,-21,25,-89,-38,-42,-12
-8,-6,-32,-69,-158,-107,-124,-299,-448,-580,235,-1410,-8781,7435,8681,5616,496,-2274,-4763,-425,8681,8681,2486,-650,90,-737,-464,-5,-80,-137,-34,34,-47,56,40,4,-2,25,-28,-53
-15,-16,-28,-17,-35,-92,-30,-140,-241,-342,-509,461,-3493,-8168,5588,8681,4493,1370,-416,-4016,3326,8681,5279,-718,181,-707,-587,-231,-212,-171,-219,-76,-1,22,58,99,27,5,42,4
18,-60,-15,-84,-120,-159,-226,-352,-509,-735,-396,2009,-7457,3044,8317,7124,3321,1636,-6706,-3117,3518,7392,4485,-100,150,-164,82,78,-83,-63,-161,-215,-246,-135,-75,-51,-25,-80,-35,27
-30,-18,-43,-7,-48,-194,-433,-562,-882,-38,5326,-6384,157,4484,2983,3800,1302,-4205,-2610,4906,8681,7346,-823,-265,194,-554,-191,-489,-576,-355,-105,17,16,16,22,-5,-76,-36,-60,-22
-24,-76,-134,-109,-74,-46,-95,-58,-152,-149,-322,-713,1550,114,-4244,5770,4324,1725,1654,-631,-4183,-2533,5836,8681,3853,-425,229,-263,81,-132,-107,-101,-144,-116,-213,-158,-113,-59,-113,-46
