-27266,10961,216,-16971,-19989,-24741,5394,-3968,-14879,-15731,-24741,101,-6346,-11843,-18680,-24741,6421,-11017,-7004,-19837,25295,17599,-10373,-8341,-19975,13308,21283,-8251,-12245,-21465,11493,28310,-3332,-12384,-22336,2252,-32034,-1240,-14469,-20985
12080,20478,-5812,-15693,-20688,25983,23159,-2814,-13451,-21671,15505,25278,-4555,-11865,-15856,7466,29851,540,-9717,-14984,-8771,-30105,7057,-8574,-9130,24421,20828,-6510,-11671,-15676,11829,26029,-3828,-8369,-17432,-1352,32373,10882,-6067,-19463
-7228,32560,-6844,-8259,-10816,12451,14546,-5846,-7897,-11630,19763,13475,-9542,-6265,-15434,19229,13123,-8856,-16011,-1903,29764,3417,-3480,-13283,-9904,29331,-1340,-15760,-6412,14583,20171,2000,2271,-7936,-11480,29912,3724,-9853,-17724,13904
18352,-7332,-2085,-14929,4562,28246,700,-5131,-11971,-2952,26257,429,-4622,-13542,-875,27118,237,-5032,-17369,3597,28503,-1610,-5094,-9887,-4210,28714,7732,-4498,-14141,-8137,32182,10712,-5959,-5016,-9509,7420,28217,4873,-1733,-14047
28328,5431,-7456,-3951,-7340,6865,21889,1996,234,-11889,1895,27577,9644,594,-4022,-16382,32154,4848,-6335,-4779,-13825,28669,9339,-1787,-4398,-13116,12272,16276,-1789,-2525,-11383,-6294,-30727,6062,-2356,-5923,-15386,31282,886,-6049
2214,2342,2327,2290,1137,7979,11490,-6996,-8668,-16872,-24741,4480,-803,-7583,3819,-27680,20139,12618,5653,-27836,-24741,6461,-3277,-9608,1508,18768,-217,1851,-3388,-1432,-31647,-5264,-1977,2555,-10636,-27409,8534,-2915,2743,-12413
-30666,6563,886,-9252,-1408,-27484,6875,-1154,-5507,-10337,-32084,7319,273,2920,-12732,23966,21390,2313,-10549,-9770,28701,10369,-1147,-7539,-12971,-32369,6551,-2040,-4818,-9644,-31106,11730,3802,-8909,-5968,29833,5479,-1167,-12424,3407
24464,8198,-6771,-16063,25990,14944,5854,-5042,-9703,17256,21336,14516,9794,-338,-10512,11254,12503,12749,8960,1635,-13483,9255,17023,189,969,-1617,-5442,18525,17671,10915,5427,-7899,-9746,21331,17059,10213,7508,570,-9267,9139
-22,15555,10210,9384,13636,-2503,-6576,12176,10007,13290,9445,10369,-7101,-58,12825,9686,7519,3400,-17451,15306,15957,9546,6067,-4044,-15865,14977,16047,-134,2593,-2386,-7069,14307,18795,10900,7937,-2921,-10450,15641,17034,6642
1973,1988,1972,1994,1971,1914,1846,1531,1571,1391,1196,1209,1134,1037,1123,1123,1008,881,892,657,1449,30,-934,-150,395,-2035,-387,9850,169,-7571,-10122,19016,21560,14211,954,-13853,29476,12501,2910,-3188
-8738,-27237,20912,10341,5009,-22829,14706,22824,1601,4140,-7202,8400,25316,10806,6704,-14489,5291,22592,2709,-230,1285,1992,20897,12683,7876,4470,-16534,11440,16883,1909,-393,-8095,19834,8479,4674,4472,-7878,16751,13435,4457
1954,1492,776,721,887,964,1141,1125,1050,903,854,795,711,133,269,1276,4064,2842,3965,9683,9965,4070,1717,-2477,2878,8717,13884,8349,3073,2270,2339,1881,1049,571,493,657,862,997,1142,1025
218,1070,2105,2017,1768,-1152,-5586,-6217,-1519,753,989,27587,-24741,17754,9305,8698,5618,2555,548,565,-5,-71,-1479,-4256,-5656,-2514,1142,3548,-24741,-24741,16046,9112,9226,3334,1702,1234,1771,2516,1921,-62
-2132,-5386,-5382,-1426,2193,14586,-24741,7952,8149,4992,108,268,1937,2336,1876,539,-879,-3084,-4292,-3433,-2321,-104,10384,-24741,-24741,10906,8235,5829,673,736,1907,2198,1955,1122,-280,-782,-3031,-2798,-1490,-1660
-246,-1033,411,-107,-1158,-442,-229,-1569,-1508,-483,-599,-722,773,21472,29292,7823,10957,8313,9273,5599,19573,14569,21962,29412,8956,18445,16815,21178,7610,3820,17005,15278,15853,11365,1977,6430,26273,22344,17187,7753
3582,18354,20740,14641,5994,-3113,11363,20412,10731,-6181,9111,11721,14789,12744,4324,6701,10961,24585,15932,4994,6268,8782,17708,15969,6220,3448,16293,5965,17802,18938,9534,9367,15434,26980,16900,-2249,9935,11337,17400,15989
-2901,10823,11060,23195,18908,11227,5038,5261,-31392,26504,18040,-1485,5956,14521,18170,13508,2956,15862,5847,20836,18791,9756,11571,7647,24712,19393,5917,7725,7162,23995,16230,8757,10531,17721,9932,15996,16309,10635,14053,19005
19421,9078,6685,7703,22520,16461,4073,3467,8610,18312,16604,14790,1009,12057,7925,25279,19544,7946,4483,8944,29509,16625,2713,6897,18105,17309,9401,15719,17271,9958,-3412,-27469,14657,-9079,13016,7878,14629,13257,-2889,4535
9794,14301,17267,-85,14277,7781,16659,13090,-111,11350,11802,12821,11541,1979,10397,8807,14768,10954,-375,14249,11106,13429,7969,2404,9824,10147,13360,4630,-2239,10488,8294,11507,5416,5180,1361,15791,16336,12239,3900,13967
2650,15124,15589,6146,9492,2330,20514,13122,-3285,6986,12707,12427,2565,8509,3576,20353,14612,13213,6958,5467,20728,15747,10128,2970,9796,14541,16246,12100,7318,2586,10068,18359,9201,198,2415,28221,13949,8731,1798,4404
4288,18662,13752,6870,5038,5750,18195,14173,7438,2872,7288,14605,15620,10915,8258,9753,13428,16360,13466,3260,17964,14607,15135,8796,4953,12825,9154,9716,3048,-8519,-408,11279,5880,1772,-1743,-2644,-1718,2009,3787,1498
1943,1938,1986,1838,1688,1512,1623,1858,1974,2220,2427,2747,2853,2835,2503,2303,2169,2610,2898,108,-10327,-15517,-9683,-6862,-2524,5392,9959,14474,19224,10645,3781,808,234,711,1386,1730,2451,2470,2222,2009
1119,1194,1122,1173,1180,1178,1140,1122,1166,1192,1212,1159,1072,612,-1505,-18079,-14479,-9727,-4385,-3804,3063,9819,17180,14941,10294,6273,3352,3119,1111,-2094,-4255,-8765,-9224,-7098,-3105,-3370,-4275,-206,1445,1779
-1415,-2811,-6091,4502,17973,19641,10949,3696,3096,3627,5122,2808,-386,-6582,-13269,-10331,-85,-2231,-6832,-2431,1568,1365,60,129,485,423,732,1283,1257,1131,1077,969,788,688,581,413,348,327,421,479
1117,1237,1269,1257,1155,1195,1162,1093,1001,812,667,896,1058,885,620,611,645,461,-2704,-12643,-12009,-6814,-3327,-5599,2338,5946,15444,16373,8502,4103,1723,2123,3668,2057,1451,-1474,-4251,-10740,-9140,-2293
910,930,1019,789,673,771,698,-1471,-6443,-16979,-17426,-9558,-5137,-116,5810,10017,13092,9415,4657,2945,1253,1675,3036,3788,2993,716,-955,-3516,-7646,-8674,-5545,-2621,-3751,-2970,-429,788,643,214,897,1143
-37,317,-4990,-16294,-8282,-6350,-6989,-2735,651,6688,8149,9555,7753,6095,3530,1695,419,2673,1251,1034,-2594,-7108,-8212,-2751,-2932,-4598,-1686,478,730,31,128,256,322,647,1055,1301,1220,912,661,492
581,346,138,715,-5726,-17090,-10062,-10962,-5727,-3221,5350,9820,13509,11218,9378,5646,2217,-1062,-4478,-11782,-8777,1137,-5145,-6995,-945,1777,1344,484,825,930,703,1157,1632,1506,1052,840,663,527,313,347
761,785,779,840,834,797,659,662,681,730,805,679,745,1323,-332,-12195,-18956,-15863,-10961,-6481,-1155,375,5191,10652,11915,9139,5635,1912,285,-631,-2026,-7086,-8762,-8868,-2576,-3336,-3145,-393,819,431
923,896,1036,1125,1143,1013,844,732,649,681,779,966,1049,1093,1942,-2896,-26546,-9311,-6737,-3567,-3000,-139,8772,14152,12481,8052,5451,4245,2300,-498,-1908,-8045,-8526,-8401,-6745,-2999,-1546,-449,-20,174
990,955,983,946,824,872,976,1014,905,721,613,744,769,781,827,644,279,-60,-8729,-18384,-9566,-851,-298,17,5173,15550,17856,12224,6218,3931,2902,1820,1238,-2537,-7377,-7751,-5399,-7463,-4653,-733
904,911,959,928,888,800,775,734,705,876,959,1083,647,342,-1227,-7553,-20308,-9712,-3174,565,3291,4945,7275,10632,9503,6000,3304,1911,1601,1262,-2504,-4238,-9302,-7223,-6469,-4753,-2425,-1538,-319,145
-4347,-11695,-13663,-12572,-8555,-2636,2870,10615,13859,13857,8968,5692,2905,1270,-110,-2819,-10693,-8019,-7112,-3725,-3984,-2594,423,1220,607,626,818,648,881,1172,1377,1350,1099,863,597,415,357,316,314,390
641,669,645,618,583,556,527,499,496,457,449,495,448,380,426,410,244,381,-2925,-18750,-12147,-9625,-806,-430,1659,6074,10288,11055,9950,7447,4663,1610,-2771,-8728,-9835,-6042,-4809,-3451,-3259,-1236
1475,1346,1550,1469,1097,801,1610,1981,1322,1116,1579,1414,1429,1796,2042,1772,1853,1982,1786,1757,1517,-5964,-18010,-14928,-7797,-5198,-4174,2592,12488,17918,14188,6150,3178,3345,3669,402,-5117,-10108,-7677,-10501
-11352,-14173,-9346,-4512,4252,7420,9946,15910,10497,6101,4227,3832,1644,-278,-5515,-11047,-8030,-2309,-4668,-4144,-176,1335,407,322,1256,1162,1316,1657,1681,1523,1306,1165,862,795,897,813,812,600,631,705
976,1019,1030,1052,1063,1043,1006,1086,1134,1110,1107,-1784,-10465,-13216,-9870,-4614,-2003,2921,1710,7210,12448,12740,8744,5739,1833,-3980,-11224,-11483,-2725,-3219,-5362,-2395,654,1313,521,828,893,732,1159,1578
-862,-7566,-15108,-11634,-9880,-11502,-2538,16307,15820,19182,11240,5367,3108,532,-3863,-15254,-7852,-5371,-6927,-2949,754,1489,553,459,995,395,61,858,1281,1027,766,569,454,413,552,443,234,121,72,225
459,262,212,421,1508,-12972,-14960,-9555,-5331,-1886,432,7994,13359,17439,11410,6412,2478,-754,-8880,-12231,-7715,1394,-4270,-6138,-301,2160,1197,98,471,571,692,1110,1299,1207,916,558,433,426,578,493
-10349,-11759,-6827,-1608,3773,10702,17698,12487,5255,2021,-3593,-10598,-12467,-4490,-5375,-5847,-2935,195,965,131,759,820,1098,1330,1203,913,680,465,354,275,230,315,503,550,554,506,374,429,512,559
574,605,590,659,593,655,638,570,607,569,229,-2510,-14150,-12074,-7867,-6820,-3442,3650,13706,19873,14132,5196,3481,-2665,-7893,-12850,-4723,-4755,-6127,-2368,1191,1113,-212,121,323,529,1036,1288,1326,1179
399,553,615,655,728,769,785,783,747,562,471,-682,-15702,-17242,-16223,-7883,-2105,-1180,6511,13198,20279,11730,6640,3047,-3903,-12416,-10855,-630,-7835,-7587,-1061,1726,627,319,1206,1101,911,1240,1451,1236
-8383,-4645,-1982,10505,21098,18385,7292,2339,-472,-10311,-18778,-5837,-6144,-9190,-3760,716,1283,246,-141,-280,-546,-161,505,949,1183,1067,919,801,876,787,702,550,378,274,223,161,125,143,110,123
376,393,475,636,624,522,410,338,365,443,380,491,520,523,603,617,745,751,806,821,881,911,775,1007,370,-5711,-18470,-8810,-2917,-3565,-680,-210,6170,12713,15373,9147,5154,-1495,-10432,-14735
647,722,617,-16464,-9983,-9790,-5150,-3882,1021,9585,17912,18938,10044,5182,52,-6399,-15597,-5704,-1738,-4827,-4544,-848,1713,1875,169,50,480,708,936,1127,1104,929,742,575,478,432,400,368,357,253
905,1000,1081,1122,1201,1431,1657,1793,1767,1929,2272,2758,2648,2636,2248,1321,466,-692,-6303,-5546,-6804,-5722,-1971,-2247,307,1003,7930,953,-952,-1596,-275,-684,-503,-1434,-919,177,-6136,-8419,-3959,-1534
2115,1797,1306,290,-2758,-4785,-3836,-2627,-797,-248,-1298,413,-2494,3760,-790,-929,-906,-967,-2938,-4833,-4932,-1147,293,-2360,-3229,-1376,-211,-474,-74,846,831,1507,2406,2750,2480,2384,2143,1840,1414,1233
1055,943,861,833,866,967,1018,1129,1313,1359,1367,1374,1352,1316,1255,1179,1139,1127,1106,1113,1147,1202,1348,1518,1615,1556,1493,1532,-1739,-5624,-5714,-2150,770,-1128,1384,834,-3848,1744,-1353,-870
-206,429,-3041,-5022,-2698,-1774,-4220,-5047,-2832,-557,-10,-89,748,606,1310,2257,2459,2088,2413,2340,2185,1844,1438,395,-4674,-8095,-5987,-2879,-1329,-157,1490,992,-720,-2911,311,-10,-1807,-1148,-3332,-2512
-2124,-2155,-4756,-5683,-3323,-741,104,-58,144,771,1091,1578,2065,2247,2306,2333,2044,1639,1374,1253,872,490,-5646,-8079,-4766,-1720,-469,-638,1140,-170,182,-98,2192,-662,-376,-984,-1282,-3637,-1656,-26
1255,1312,1374,1505,1552,1666,1684,1641,1614,1451,1367,1176,137,-6077,-9191,-7413,-4384,-2160,-591,1123,693,-1718,347,-1374,-2072,-930,-1706,-3940,-3820,-3603,-5701,-5913,-3151,-1292,-352,62,1147,1445,1511,2273
1941,1948,1967,1984,2017,2051,2120,2124,2084,1977,1760,818,-8515,-11049,-8492,-3936,198,146,-1156,-5576,341,-655,-1241,-1350,-2291,-4537,-5620,-2627,-2905,-4088,-3053,-1865,-807,37,661,767,647,990,2004,2145
1510,1475,1538,1603,1684,1682,1689,1681,1720,2460,2363,2093,2273,-4431,-9910,-6815,-44,1918,-2564,2422,-7760,1761,-1237,-162,52,-533,-1530,-3332,-3391,-1379,-2475,-4047,-2874,-1112,-269,-6,321,569,929,1481
973,984,1025,988,996,1031,1057,1160,1323,1465,1622,1780,1820,1615,1285,-1729,-6254,-8082,-3661,-496,-201,903,-688,-631,-1641,-346,1456,-462,-2385,-3408,-4662,-2336,-375,-3893,-5096,-2211,5,139,0,371
1186,1145,1185,1219,1256,1279,1282,1276,1287,1213,1230,1086,298,47,54,-1810,-6194,-7572,-2980,-992,-61,437,-12,3274,-1340,-1948,414,-597,-2260,-4838,-4817,-3063,-2567,-2331,-2048,-1853,-1104,-700,-457,390
892,867,898,936,979,970,888,945,1243,1456,1597,1644,1022,-5051,-7266,-5107,-896,888,-138,274,-4455,-1297,213,-223,200,-1247,-1868,-2315,-2544,-2374,-3815,-4781,-2640,-480,-108,-427,-336,-289,-1,551
526,450,594,772,775,696,650,679,693,705,783,789,826,897,1072,1104,1140,898,588,-3534,-6481,-3731,784,2202,1002,-275,-715,1900,-898,-1481,58,-757,-2211,-4025,-5661,-2695,-2659,-3211,-2598,-1403
632,587,594,769,793,825,819,781,812,744,745,761,739,722,1141,-1692,-7662,-7405,-2848,1196,-1428,-2251,-284,-5697,1263,-649,-727,-1665,-2216,-2428,-1833,-2088,-4207,-4522,-2404,-739,-514,-751,-254,299
1379,1405,1269,1292,1228,894,629,399,-18,-3101,-6158,-3182,-965,673,514,-594,2212,-1938,442,1781,-376,-5665,-5230,-4869,-7432,-5911,-2418,-690,253,212,248,1174,1615,1391,1279,1249,1107,1013,825,946
1342,1512,1580,1657,1492,1535,1458,1455,1274,1286,1268,1097,502,77,-273,-3948,-8772,-6609,-6760,-2443,-2745,-5117,748,-1821,314,-724,-3083,-4320,-4988,-6967,-6716,-4052,-912,945,1209,500,1007,1948,1641,1553
1350,1404,1419,1431,1340,1246,1247,1354,1502,1452,1596,1653,1639,1777,-2785,-13957,-9241,-1098,1268,2767,851,-872,-3275,752,-639,-3499,-6122,-3669,-2937,-3680,-3640,-2029,-392,-8,65,156,898,1580,1894,1792
-140,-3182,-7142,-7879,-5021,-1171,-1261,445,-1704,-910,-1598,-522,-3479,-6412,-5016,-2190,-3113,-3176,-2439,-1232,-30,-23,-150,382,1637,2000,1839,1981,1858,1639,1520,1426,1297,1281,1190,1174,1076,1081,1121,1081
1276,1331,1261,1301,1289,1294,1233,1247,1241,1274,1263,1325,1365,1479,1530,1543,1556,1513,1431,1401,1280,876,-5410,-9990,-2142,2064,2224,667,372,-2565,-842,2610,-1553,-4845,-6552,-2905,-3649,-4445,-3530,-1883
3733,240,2331,1684,3347,-2666,38,-642,-2101,-3626,-2806,-1013,-2366,-3951,-2897,-691,492,566,588,812,1529,2036,2145,2138,1766,1500,1407,1200,1064,1030,987,836,897,827,868,992,1028,1009,1061,1055
1118,1167,1209,1258,1346,1401,1414,1378,1293,1231,1213,1209,1209,1282,1303,1316,1362,1414,1394,1498,1643,1692,1587,2805,-7320,-16959,-4450,-10,2811,3283,-5563,-1292,-1171,1654,-1224,-5733,-3189,-465,-5285,-4982
-6025,-8504,-2800,-138,3139,1072,1520,263,126,1992,-2311,-5377,-863,-2020,-3016,-2955,-1158,58,263,8,128,1208,1583,1701,1755,1616,1426,1206,1021,930,793,602,545,548,524,490,457,517,569,632
1862,2103,2180,2111,2039,1930,1961,1753,1402,1233,1239,1364,1553,1706,1668,1325,1317,764,-5667,-21694,-17587,-15294,-7945,-997,9252,24331,32351,23924,14490,15082,11786,2568,4514,4698,-3547,-3820,-1792,-698,3151,2490
623,606,533,456,241,59,37,-230,-3119,-11795,-21146,-20795,-8517,2332,12130,25682,28589,20499,7322,7360,5611,3722,2486,-2899,-3199,-354,588,1465,763,-1013,-2678,-2865,-2518,-1584,-886,68,392,1003,1394,1398
161,-575,-6576,-20224,-28699,-24352,-21597,-10308,5592,-30472,-29422,14327,8040,7923,3382,-5526,-3681,977,-2372,-1535,-1692,-2205,-4059,-3074,-1189,-1159,-1246,-740,-66,274,702,1008,1379,1573,1578,1462,1286,1016,771,493
-11381,-24756,-21432,-10542,7482,-27547,-27886,20083,12752,10723,-467,-5139,3702,898,-1253,-2349,-1652,-1317,-1688,-1519,-1439,-1450,-1050,-514,61,594,1056,1232,1329,1438,1541,1486,1189,884,579,360,301,201,375,479
-15552,-1439,11944,19828,27725,30629,21796,15759,9332,3206,-6000,6211,5100,473,-781,-2293,-1116,-1978,-2943,-2229,-907,-585,-493,-46,629,1010,1213,1307,1344,1382,1313,1125,952,727,710,572,444,356,223,159
-9069,-21805,-25589,-18299,-2652,4499,11083,16449,26312,26211,18587,13682,5241,5551,-9049,-961,157,-3639,183,3047,1232,-4364,-5591,-4247,-2847,-2610,-1294,-272,-26,-55,219,457,444,664,1072,1743,2174,2027,1833,1747
1216,945,606,113,-733,-3880,-11470,-18747,-21950,-11316,1684,6126,15170,21519,30784,29880,14653,6639,4469,595,-20143,-4895,-3548,-3977,-4413,-3600,-3341,-2546,-3018,-2169,-2386,-1419,-1495,-1332,-617,524,1722,989,79,-1322
-120,-8836,-25954,-31833,-15294,-4659,8679,23431,-31047,28993,17829,8258,2844,-8494,-10214,2251,-2564,-2464,-1836,-2661,-2759,-2022,-1741,-1376,-666,679,615,-1015,-3843,-4694,-4577,-3286,-2431,-1763,-1128,-1291,-2751,-1207,-371,-17
1048,855,817,722,703,473,387,649,1003,1100,1258,1196,1020,779,666,716,699,669,673,848,1091,711,-1122,-15452,-29555,-28410,-14748,-1558,20809,31915,28807,20394,14423,5502,-8429,-9485,-2363,-3784,-3834,-4784
-2490,-3541,-3244,-2130,-1536,-1097,-595,103,180,-770,-1997,-4024,-4343,-3207,-2279,-3656,-3667,-1972,-241,-46,-174,-216,-236,-72,190,600,967,1145,1165,1037,861,699,599,541,380,302,259,223,144,262
609,1115,875,761,54,-5710,-18048,-31685,-20839,-10792,3468,21437,28516,28471,23496,14805,758,1517,-5842,2522,287,-2158,-958,-1184,-1420,-1355,-617,576,2834,4201,2070,-4064,-6610,-4450,-4127,-4610,-3550,-1125,-450,-170
-25249,-9697,1778,10794,17999,27197,-32007,21595,4646,1461,-15330,-7108,-3321,-3957,-2916,-805,-1218,-319,682,1109,-541,-2346,-3459,-3578,-2612,-2345,-1724,-3407,-3872,-1766,-65,188,-163,-364,-28,295,823,1141,1343,1441
-32334,-21275,-9591,4446,17205,-30407,29661,18370,9133,-4688,-12244,-11976,-7519,-4701,-4372,-3599,95,1947,3123,2281,-4617,-8765,-7009,-5266,-5358,-4223,-2825,-1505,-1092,-1057,-924,-552,-327,132,659,856,931,1002,961,860
775,504,271,329,155,-109,-24,-162,-3484,-11841,-22225,-27062,-15819,-8278,7450,21796,31744,26314,14995,7286,26,-12006,-11695,-8386,-5810,-4778,-5083,-2787,229,2430,2895,1001,-6062,-7658,-5958,-5723,-5360,-3925,-2325,-1306
-24024,-6280,10386,30760,-28238,20565,9254,-412,854,-7626,-2749,430,-3664,-3034,-1562,-1775,-1086,-659,-788,-910,-405,297,1330,2757,782,-6129,-3014,-3843,-4496,-4188,-3142,-2044,-1283,-605,-251,-95,36,293,656,964
721,702,679,654,629,589,527,-1713,-14054,-28345,-29509,-24979,-12643,7676,28389,32214,19550,13090,2099,-3286,-8375,-3176,-89,-3529,-1070,-1818,-2018,-1160,-888,-633,-369,-1360,190,963,-384,-2283,-4693,-6765,-6419,-5660
533,490,453,389,-2448,-13608,-32553,27880,-31056,-15184,3312,25529,32485,17480,9250,5981,-881,-12290,-9456,-3912,-2866,-3419,-890,-676,-84,-1391,-1961,-894,-445,1372,1459,795,-2233,-8031,-10426,-10776,-7342,-5950,-5400,-3861
441,578,268,-8049,-21562,-29970,-25650,-13105,1953,16129,31206,-32641,16993,10341,802,467,-9044,676,-1004,-2882,-1385,-758,-1049,-631,-1028,405,2373,2252,1136,-545,-3183,-4823,-4818,-3332,-2095,-3099,-3147,-2210,-791,-262
758,733,697,-880,-14835,-26024,-26463,-19870,-10742,12273,25143,28352,21489,10198,5357,-3504,-4511,-6181,-2804,-4982,-3523,-1523,-1653,-427,-870,-2015,-624,2194,3154,2373,0,-3669,-5994,-3770,-3881,-2931,-2548,-1682,-648,-332
649,715,723,664,601,608,572,560,585,564,538,608,578,574,568,569,205,-1493,-6575,-15113,-23032,-22683,-13268,-7150,6300,15796,21450,28989,25862,14534,8807,-4024,-8143,-6603,1622,-2285,-4118,-2504,-2464,-1832
745,751,781,620,-581,-5045,-13031,-24416,-28683,-23107,-10937,12613,20784,22328,23553,13452,12592,4153,-1046,-7138,-7283,-5071,-1968,-4042,-1795,-1686,-1052,-269,-911,-1572,-836,114,226,-152,-967,595,26,-2125,-2336,-1176
2703,2629,2678,2682,2788,2734,2773,2765,2832,3061,2601,2909,3380,2624,2319,-924,-2941,-6777,-8691,-8656,-7074,-6773,-3153,1419,5423,10669,16927,5830,845,1516,2227,1938,1998,1607,739,1619,1352,1858,524,523
3022,3194,2883,2756,2764,2739,2746,2969,2642,3000,2691,2306,1687,164,-3655,-4994,-9841,-8671,-7132,-5925,-2434,101,5046,9227,14667,5061,1026,801,1729,1784,1280,1492,552,143,-943,-1164,-1522,-3438,-1508,-4554
-4019,-4779,-4288,569,983,1666,2382,2147,2115,2489,2526,2322,2494,2333,2601,2367,2460,2392,2259,2378,2221,2382,2277,2281,2624,1848,2633,2076,2141,1529,238,-534,-3198,-4601,-6068,-7113,-7440,-7258,-6871,-4100
2241,2248,2276,2442,2457,2540,2496,2425,2337,2354,2357,2368,2057,1755,1650,2305,862,-2856,-5506,-5799,-8525,-7323,-7505,-5029,-2339,1646,4227,8136,9639,4034,2302,931,1857,1757,1026,1099,-650,1516,601,2522
2075,680,-4415,-4610,-8834,-8359,-7075,-5707,-4658,-2606,834,4811,9448,9983,4077,2226,1282,1133,1358,1386,196,307,-996,70,-3233,-1544,-4354,-3723,-2907,-4062,-1498,-600,2269,1748,1487,2305,2854,2546,3093,2768
2472,2248,2046,2113,2010,2168,2042,2161,2208,2101,2234,2231,2344,2349,2314,2312,2349,2156,1625,1544,-375,-4137,-7529,-7962,-7312,-7453,-5338,-4354,-2053,2546,4294,6108,12073,4257,2695,1197,1889,833,1038,736
2386,2490,2021,2184,2648,2544,2112,2336,2832,2641,2764,2701,2459,2406,2485,2594,2464,2358,2581,2476,2613,2676,2727,2676,2712,2765,2467,2514,2530,1174,-4468,-7213,-10265,-12173,-9616,-6626,-4186,1559,6499,10076
2380,2415,2451,2022,2123,2054,2106,1911,2157,2017,2120,2109,2073,2101,2112,2073,1883,1971,1670,1665,-690,-5179,-7100,-10524,-9337,-7234,-7158,-5254,-346,2697,7282,15220,13810,4463,2150,2846,2141,1866,1401,1966
1681,1832,1808,1932,1915,1971,2021,1896,1980,1874,1961,1937,1866,1927,1528,710,-423,-2093,-1840,-5158,-5339,-6023,-5273,-5162,-3368,-2709,-1234,2577,5187,9922,13250,5508,1730,1884,1757,1628,265,1204,-323,374
3356,3739,3218,3518,3669,3261,3629,3335,3729,3407,3436,3321,2785,1281,-2618,-5075,-8674,-8862,-7896,-8938,-6655,-1696,3133,5925,14633,18852,4458,213,1402,3056,1336,1180,803,1291,1676,1191,1331,1185,1736,1713
1603,1677,1662,1765,1760,1962,1718,1829,1338,1095,344,928,1425,-2307,-3237,-7584,-10253,-10314,-8500,-7202,-3761,690,5221,6657,15497,8163,3518,955,2042,1404,955,1142,1006,1124,1039,1050,919,955,989,1109
1690,1724,1811,1728,1768,1762,1738,1695,1821,1889,1844,1854,1451,1095,194,156,-2245,-4591,-7657,-8441,-8538,-7003,-6633,-3527,-17,3736,7128,16957,10687,2964,833,2369,1416,1502,1038,1171,1232,959,1170,1433
1902,1925,2000,1899,2041,1936,2012,2060,2015,2208,1981,2294,2545,1494,1232,-4635,-7612,-10574,-12260,-11626,-8692,-4828,703,4550,9764,14388,2141,1414,253,1346,893,182,547,1227,1429,1458,2273,2070,1931,92
2083,2196,2111,2131,2047,2184,2057,2279,2303,2215,1911,1388,1670,1236,68,-4255,-8077,-9904,-10787,-9382,-7639,-4249,-720,2447,3857,13068,12719,2973,1378,833,1459,-200,-967,170,-102,844,557,1026,704,-352
3773,2917,123,-4318,-6263,-8177,-10422,-9227,-6960,-3159,800,5266,6215,7666,3818,1672,1030,618,196,-183,237,206,-65,506,1137,1202,1198,621,1449,356,-353,-1456,-2217,-2820,-3510,-4082,-4622,-2938,404,929
1967,1935,1892,1923,1881,1955,1981,2094,2124,2167,2115,2228,1890,2083,1745,-453,-6496,-7271,-8927,-9084,-8015,-5169,-2877,1263,1947,5492,7615,8245,2569,2451,1486,1453,918,1058,1117,844,475,715,574,1863
2986,2853,2883,2890,2759,2853,2694,2830,2751,2782,2769,2671,2667,2601,2613,2682,2494,2628,2459,2745,2503,1903,975,-3170,-8464,-7721,-7124,-9038,-6569,-4267,-2255,3315,6761,12534,10347,3740,2384,2794,2111,1085
1315,1275,1725,1504,1701,1505,1702,1423,1544,1507,1432,1605,1474,1536,1622,1469,1651,1486,1635,1640,1513,1586,1409,1356,224,-415,-3208,-3368,-5849,-5956,-7227,-7507,-4362,-1325,2217,4401,7624,7368,4978,3524
-1797,-5614,-5550,-6631,-6558,-6784,-4036,-4204,1419,2689,8210,8624,4957,1998,1753,1227,699,733,908,1286,915,803,579,890,840,732,661,699,734,400,754,1366,1609,1294,2358,1932,1392,782,315,-1908
1695,928,-1585,-2643,-7168,-6883,-8130,-8790,-7148,-4291,-711,2893,5549,12431,6543,2836,2258,1780,1370,994,927,1425,1261,1092,1208,1052,850,1000,1060,784,1145,1378,1645,1968,899,958,-802,-1289,-1924,-3582
2041,1894,1848,2173,2339,1985,2130,1963,2147,1941,2038,1980,2095,2191,2130,2303,2275,2151,1987,1591,-3083,-4469,-5193,-7809,-8218,-7713,-6763,-4848,-1640,3494,5333,9646,6097,2938,2692,1856,805,576,691,789
2185,1971,1947,849,-834,-2185,-6457,-7053,-10126,-10140,-8647,-6107,-732,4841,11748,12906,5491,2574,2070,2261,1866,1143,1449,1592,1629,1917,1698,1463,1330,1722,1579,1603,1321,1694,680,1238,1067,1616,1371,2012
2300,2542,2374,2403,2417,2441,2388,2417,2466,2338,2282,1933,1174,-1969,-3103,-8132,-9569,-10368,-10221,-6482,-3838,-280,2392,5453,12789,6231,3611,1117,1131,582,490,512,826,869,691,863,508,686,605,815
1432,1312,1725,1547,1493,1719,1599,1571,1584,1749,1669,1632,1711,1692,1665,1868,1881,1729,1734,1974,2459,1354,1058,-301,-1013,-4216,-7156,-5941,-5707,-7220,-5784,-3633,210,3181,4458,7408,2485,1465,1056,709
1887,674,-1987,-6567,-8945,-8120,-8674,-7378,-5248,-2028,345,4203,9012,14604,6436,3250,1088,1294,1452,1376,1579,1184,1434,934,1730,1304,1245,1129,1313,885,1269,1007,984,1012,1014,1028,1742,1219,2351,1377
1963,1625,1704,1759,1921,2208,2087,2218,2123,1903,1963,2421,1609,1321,-1218,-2971,-6871,-9840,-10451,-9862,-8108,-5719,-2070,2411,1742,11455,13101,7451,2023,1051,863,864,949,903,981,799,744,791,947,887
1510,1505,1519,1689,1802,1719,1713,1722,1949,1875,1883,1813,1882,1815,1032,1768,3493,4334,2433,-3105,-7313,-8260,-9130,-8855,-8606,-8483,-1905,-455,2419,4038,9862,9816,4724,2413,2047,2446,1699,1738,1231,1711
2058,1749,2403,2561,2117,2362,2247,2264,2382,2386,2348,2278,2311,2241,2273,2269,2218,2289,2309,2434,2379,2463,2425,2512,2591,2460,2445,2271,2415,1992,-226,747,-2342,-5762,-4955,-6648,-7241,-6674,-4475,-978
-2175,-3122,-457,-193,1334,1549,1757,1597,1986,1827,2111,1635,1738,1645,1352,1684,1194,1666,1486,1723,1640,1598,1683,998,281,2533,1857,1360,-1625,-4851,-7294,-7828,-7737,-8286,-7918,-7025,-2097,3299,8838,19400
1820,1939,2139,1955,2161,1698,1781,1631,1797,1792,1566,1611,1695,1937,1677,1662,1745,1868,1757,1784,1695,1701,1677,1829,1996,2070,1506,2762,134,-4486,-8112,-9133,-10191,-11009,-7170,-3747,1462,5887,10208,16047
-435,-3233,-776,-224,6382,12944,11315,3646,-4817,-2027,-401,-4089,-3872,755,2854,-870,1540,1113,1299,1573,1326,1643,1653,1674,1751,1820,1747,1789,1745,1853,1956,1876,1580,1901,1528,205,-50,-327,-728,-1255
2087,2076,2093,2180,2121,2309,2167,2282,2248,2307,2156,2193,2108,2040,2161,2160,2205,2069,1972,1960,2038,2050,2222,2260,2088,2346,2082,1292,-307,-3032,-1920,708,7160,13634,11328,1439,-3991,-4947,-1110,-1490
2764,2775,2829,2498,2860,2500,2718,2727,2698,2616,2769,2565,1510,-450,-2316,-1832,99,2764,9033,8212,4317,-210,-2774,-1026,-2446,-3057,-1396,-1032,41,709,-66,90,134,444,-129,-1613,-824,-2142,-1505,-2070
2577,3026,2585,2284,-433,-2135,-2866,-1402,3566,8665,10835,4499,-2440,-5387,-3570,-3767,-3292,-1443,-675,1674,-60,576,-122,474,-420,-1226,-1754,-1548,-2211,-243,-3860,-3782,-3376,-3723,-1087,-1617,-2146,-2536,-1230,-143
2428,2579,2186,727,-2740,-4198,-2546,1742,7034,14900,10497,424,-3168,-4859,-2951,-2804,-3979,-1477,-1536,-277,1518,588,739,850,1024,887,896,1089,703,-1010,-1590,-942,-1389,-1056,-3148,-3547,-4658,-3405,-3352,-2941
2388,2390,2387,2343,1457,-1109,-2720,-4584,186,6824,14338,11668,55,-3348,-4421,-2332,-1972,-3272,-7828,-420,1226,1346,629,1105,885,844,1271,1008,842,126,-517,-378,-1530,-1554,-1167,-2105,-2907,-2117,-3166,-2890
3066,2884,2971,3014,3028,2854,2965,3006,2944,2805,2950,3083,3052,2667,96,-2149,-3901,-2336,2010,9215,14044,7748,-394,-5768,-5076,-3068,-3810,-760,-924,147,1628,36,-139,-991,-863,-1653,-550,-1881,-1013,-3097
3236,3093,3083,3164,3101,3218,3198,3189,3145,3150,2882,1526,-751,-1852,-3284,-672,5593,15260,12341,1285,-2588,-3759,-3995,-2788,-2247,2330,1309,331,1383,1197,-235,-133,-1492,-1123,-1151,-960,-1920,-1792,-3620,-4992
3133,3104,3071,2976,3025,3090,3004,3054,3034,3121,2973,3002,2963,2685,1522,1113,-697,-2381,-1662,2226,5491,8733,7228,5929,626,-6140,-4164,-4607,-2880,-1911,669,1004,1283,778,1104,856,-512,-722,-653,-1252
3308,3115,3311,3347,3256,3153,3109,3117,3226,3099,3260,3180,3266,3273,2861,670,-1313,-4759,-1578,626,6958,16824,11638,977,-3072,-5176,-2028,-2374,-509,-1317,-5713,-5,1954,1025,1575,1115,1435,1481,1255,1562
2556,3068,3211,3293,2971,2737,3010,3120,3232,3134,3010,2878,2431,1870,-709,-4785,-736,1325,11643,18236,9604,-468,-7463,-5699,-4071,-2214,-1166,78,-1161,-603,1347,375,199,430,418,535,13,-644,-1733,-820
3341,3371,3295,3245,3269,3216,3244,3336,3254,3163,3342,3417,3292,3333,3227,3260,3357,2458,261,1107,-1215,-2764,266,5297,8550,10551,4150,-2267,-4009,-7287,-6771,-3538,-4275,-775,-2747,-22,1184,662,642,852
3257,3279,3303,3261,3182,3244,3189,3306,3239,3226,3316,3262,3213,3201,3225,3172,3043,3160,3122,3207,3133,3170,3166,3128,3086,3077,3187,3244,3212,3069,3225,3178,3199,1586,-517,-3254,-425,2060,9456,14004
3354,3353,3079,527,-1674,-2722,636,5660,10010,13708,8592,766,-8124,-7045,-5442,-3195,-4534,-565,-3783,-468,1240,327,565,481,664,559,504,545,-2101,-1483,-2446,-2891,-1396,-2527,-2958,-2542,-4548,-3746,-2746,-1416
3031,3057,3059,3093,3165,3195,3113,2959,995,-155,-2727,-1276,1125,5521,14207,10187,1326,-4884,-5454,-4871,-3224,-1859,-486,-50,-4528,-427,1089,779,1056,817,972,693,-834,-1280,-1610,-2160,-2051,-387,-1941,-728
2961,2909,2955,3057,2858,2709,2763,2956,2983,2914,2917,2970,2848,2864,2943,3063,2850,3010,3034,2934,563,-2650,-4008,-872,6785,13835,10569,3371,-2475,-4338,-1780,-1737,-918,-2551,-235,674,729,1383,608,727
3250,3347,3374,3344,3236,3266,3244,3183,3241,3290,3320,3148,3261,3227,3247,3144,3206,3183,3244,3247,3290,3175,3281,3227,2800,2750,2841,1124,1553,-44,-1209,1069,4398,11267,13530,3849,-1984,-7881,-4530,-4373
2850,2880,2844,2825,3000,2847,2879,2818,2866,2819,2951,2836,2999,2891,2281,959,-3256,-4283,-1614,2781,11326,14236,6736,279,-3901,-5252,-607,-2020,-2290,-7058,328,1110,1182,721,496,905,982,684,839,912
3098,3110,3176,2987,3109,3174,3134,3131,3122,3243,3132,3097,3032,3131,3166,1766,-365,-4551,-2765,-395,6994,15789,13155,2336,-4565,-5465,-2174,-1605,-2819,-4771,690,992,931,457,484,741,828,702,892,1066
3375,3510,3564,3399,3308,3415,3350,3462,3347,3505,3229,3328,3298,3378,3365,3383,3254,3332,3237,3528,3358,3312,3154,1927,369,-3673,-1280,244,8673,15597,10067,520,-6226,-5782,-4328,-3798,-3664,-1656,706,1136
2429,-296,-5672,-11563,-15042,-13572,-5909,418,7081,17629,-32431,-28732,24589,9644,3955,-1178,393,801,-4616,-1880,1031,-3597,-6557,-945,-3299,-568,2488,2765,2649,2682,2366,2096,2076,2152,2459,2588,2313,2214,2308,2384
2351,2469,2345,2217,2082,2320,2489,2527,2222,433,-5248,-11438,-15786,-18321,-10330,-951,6170,13743,31138,-26200,27839,15066,749,-812,1073,2234,-2131,-2972,-2469,-5039,-3347,-1568,-1166,721,1483,2265,2593,2508,2604,2502
2488,2340,2303,2390,2434,2417,2346,2333,2367,2394,2314,1996,-2622,-7897,-15858,-16834,-15887,-8585,1783,10881,19399,31250,-31865,17897,10969,4122,-2390,955,3250,-2837,-3725,-4883,-2429,-2611,-3053,-1022,2083,1994,1974,2070
2392,2270,2357,2228,2176,2388,2318,2333,2249,2315,2227,-1040,-6266,-11289,-14662,-17077,-13074,-5213,1754,9294,18852,29391,31783,21832,11736,7815,-2509,-1214,1201,-1106,-2688,-1140,-957,-2642,-5227,-2793,-1103,1617,2858,2212
2352,2394,2275,2327,2302,2313,2246,2255,2243,2117,1119,-3115,-8604,-15887,-10779,-10895,-4020,611,8822,22551,24270,18908,23078,26669,15280,11497,7512,-1937,2180,5981,2053,-1076,-404,-1645,-2933,-551,514,1377,1461,1836
2324,2267,2363,2405,2301,2223,2240,2436,2311,2204,2099,614,-1336,-10575,-12707,-13824,-13421,-8102,-546,10263,21719,29717,30757,21569,12352,4077,-3476,-1932,-601,-1417,-1878,-40,-1866,-3030,-2993,-1987,-1407,923,712,1780
1852,1839,1936,1923,2040,1895,1708,1765,1871,1935,1838,1650,73,-4828,-9966,-12238,-12681,-11083,-5946,992,8448,22896,27924,30858,25626,14246,8067,-690,-2904,309,1593,-1409,-2269,-3202,-1562,-1494,-1585,-139,621,1261
2008,2289,2969,3475,3621,2953,1971,1319,424,432,2126,3874,4053,3086,2757,3216,2575,2044,2715,3193,3413,2850,2817,2934,2423,2193,2212,1280,-1350,-9636,-13954,-13586,-13861,-9268,-951,4876,11294,20698,28661,30974
25692,15103,7653,4520,2234,4444,5836,1243,-2846,-1884,-2108,-4520,-158,407,1525,2636,3061,2977,2879,2921,2758,2820,2688,2287,1607,1632,2151,2534,2524,2411,2510,2334,2702,3329,2901,941,1729,2196,1966,2005
2220,2003,2079,2163,2302,2243,2164,2534,2431,2315,2284,2272,2229,2106,2158,2041,2229,2149,2118,2179,1967,1191,-1745,-6148,-10717,-11066,-12358,-8727,-1942,4469,14042,25649,27399,26156,16469,10318,6916,-7079,195,1336
410,-457,-1813,-1270,-2810,-3657,-1299,431,1726,1095,535,1215,1822,2062,1698,1609,1802,1956,1850,1662,1622,1725,1780,1750,1728,1767,1605,1605,1761,1778,1706,1725,1643,1683,1720,1744,1643,1722,1893,1871
-7912,-14915,-18039,-15529,-8775,1917,12118,24286,-29820,30021,16734,9689,4628,1240,2910,2579,-802,-3463,-1106,-5807,-4225,-1171,303,1411,1619,1535,1737,1742,1712,1508,1555,1780,1623,1467,1596,1683,1760,1662,1656,1558
1528,1517,1468,1483,1480,1496,1457,1507,1530,1413,1347,-158,-1803,-10229,-10810,-16133,-10718,-6680,1502,10661,18937,29944,31043,22508,14461,4670,-1981,1488,2908,-3761,-5592,-2639,-4834,-2892,-1808,22,80,699,985,1441
1043,1051,943,1049,1060,1031,972,971,1012,1082,903,848,-250,-2764,-13421,-14778,-14423,-10452,-3667,6849,16806,32440,32377,21382,12391,3102,873,2293,2096,-1942,-5715,-3542,-4566,-4902,-1804,908,1298,1201,1295,1353
971,1072,954,1058,982,1070,952,857,1030,908,-890,-6066,-10080,-14074,-13056,-8679,-1519,5788,15246,29205,30682,22489,13086,7834,-2264,-132,2065,-907,-3832,-1094,-607,-5818,-5782,-808,-115,898,1343,1739,1808,1315
1036,1064,1004,1121,1015,987,1089,1097,50,-6431,-12626,-15085,-13718,-7454,714,9460,20897,-31317,-32254,22103,12805,8008,-492,1212,3287,-2046,-3362,-2477,-2355,-2882,463,302,310,305,404,1222,1584,916,602,651
850,856,861,852,891,767,830,872,813,-433,-4982,-12304,-14016,-15036,-12365,-3540,6056,14851,27369,-31255,29717,15784,9475,2831,-102,431,166,-3237,-4942,-1725,-3394,-3090,-2295,670,834,1919,2030,2120,1663,1514
1555,1438,1531,1501,1529,1437,1490,1490,1493,1596,1531,1446,1279,1245,805,-3554,-9085,-13531,-12834,-8934,-2174,7006,16337,-30287,-31360,23860,15213,7591,2480,3397,5277,3934,-1323,-108,-11893,-4705,-1714,2028,3380,1765
2306,1802,2149,2919,2340,1809,2283,2953,2527,1929,1987,2148,1506,-1300,-7023,-11356,-14838,-13874,-11339,-3788,5132,20253,-30286,31885,20412,12705,7487,-946,1956,4592,-659,-5156,504,-3575,-7141,-1253,748,1307,1909,1595
1717,1791,1714,1742,1773,1723,1720,1702,1773,1640,1622,1580,1519,1012,-1433,-6004,-13566,-13529,-14086,-9907,-2168,5603,19595,-30804,-31961,23457,13001,5673,-1984,0,1939,-486,-3210,-3498,-3020,-3882,-2498,845,857,1347
3122,3152,3266,3253,3115,3024,2757,1990,1917,2763,9055,2003,-7117,11942,21470,21468,8498,10293,24298,19780,26645,18435,9171,4866,6256,4563,4073,2583,3305,3153,4077,3407,4075,3408,4007,3372,3730,3164,3755,3183
3138,3131,3087,3090,3093,3103,3074,3049,3126,3137,3109,3186,3053,3159,2841,2673,2299,2276,3731,9767,-2847,-4811,10877,17851,14031,7838,13940,26395,29270,17386,9486,8027,5875,5034,2896,3808,2743,3490,3230,4634
3152,2978,3164,2986,3089,3141,3217,3108,3180,2993,2805,2516,2161,3101,6397,9287,-3309,1008,16572,22126,10065,10574,15821,17812,27165,14994,8687,8516,7529,5486,3906,3096,2888,3304,3968,3632,5011,3652,3754,3298
3298,3612,3423,3565,3375,3520,3363,3593,3414,3521,3098,3447,3142,2870,2367,5858,11089,-7195,1321,17070,20309,7229,5243,14390,20643,24818,12434,7990,8312,6373,6045,5128,5073,2795,3693,3885,3941,4488,4016,4553
3520,3025,2744,4149,6103,5946,-9263,-1247,19296,18170,8017,3626,9225,11747,19971,16886,11130,7695,6873,5570,4547,3931,3645,4113,3814,4313,3375,4099,3557,3697,3447,3766,3824,3685,3866,3852,3627,3770,3429,3794
3413,3669,3265,3644,3432,3634,3502,3624,3500,3590,3309,3327,3068,2763,3820,6212,7148,-5277,-5434,13004,19597,13347,7585,7334,14565,18491,16760,8689,8687,8118,5905,4306,3675,3692,4183,3455,4408,4441,3800,4219
3564,3696,3526,3652,3540,3710,3497,3594,3335,3272,2825,1948,4241,8424,5553,-2872,723,15716,17072,12964,8525,17149,16078,20089,9332,9048,8036,7569,3693,4571,3329,3462,2925,3754,3910,3352,3330,3181,3674,3182
3144,3567,3121,3438,3163,3472,3123,3274,2952,3041,2922,3362,3001,1830,532,-2792,-1893,15366,17426,15412,7458,8257,11119,14183,18321,9218,8262,7453,6792,4536,3894,4104,4328,3773,4038,4106,5276,4748,3430,4010
3116,3530,2927,3382,3071,3496,2908,3273,2763,3219,2714,3200,2576,2288,2466,2029,5179,3745,-3664,-5520,7561,18346,20922,12568,10150,15416,13066,19062,13811,8521,7525,5840,3937,3279,2830,2803,4317,3579,4451,3200
3305,3535,3450,3494,3346,3368,3285,3341,3530,3229,3631,3048,3555,2999,3296,3085,4058,3654,6644,5530,578,-2500,15522,19130,11195,6591,5640,8429,12917,20949,10217,7541,7476,5987,4410,3967,3193,3558,3086,3667
2354,3097,2538,2533,2606,2884,2299,2957,2147,2054,471,0,4475,6077,5028,223,1137,7296,15856,16986,13478,7147,11544,11177,18926,9706,9139,7802,7117,4343,4522,3405,3482,3354,4203,3354,3718,3639,3366,3530
3035,3231,3061,3212,3127,3059,3025,2989,3000,2803,2143,-766,942,5838,5277,1388,-5079,7203,19105,18789,13505,9114,8871,7956,14946,12594,8322,7114,8021,6148,4198,3857,3629,3894,3316,3807,3843,4037,3411,3827
3358,3426,3504,3137,3320,3514,3206,3596,3162,3555,3109,2968,2666,2482,2409,2993,5198,7654,5083,-3133,7963,21713,12292,9124,11516,12324,18583,17326,7317,6444,7371,5038,4009,3724,3572,3068,3825,3591,3208,3371
3297,3601,3183,3576,3159,3514,3310,3457,3431,3284,3241,2860,2065,1772,1993,7055,5157,-3425,6693,19494,19413,10484,6804,12619,13740,19799,10173,8801,8812,6698,4918,4348,3710,3784,3967,3827,4332,4709,4482,4741
3259,3091,3190,3315,3268,3442,3036,3109,2871,1997,-662,3702,7284,3297,3075,4288,16776,15566,4277,5186,9588,13779,20358,11134,7548,8941,7196,6972,4739,3916,3746,4948,3316,4142,3729,4177,3621,3965,3788,4282
3822,3669,3548,3869,3548,3702,3760,3633,3663,3770,3623,3535,3627,3569,3317,3682,3248,3454,3193,3466,3316,3426,2903,3698,3381,2685,3000,2915,2941,2978,2562,2206,1465,2138,7660,2751,-4384,903,19780,18450
4215,3183,4340,3551,4159,3995,4101,4110,3863,3876,4018,3769,4299,3717,4047,3919,3749,3873,3924,3893,3898,4083,3891,3722,3066,4468,3731,4933,2332,-2708,4190,22777,15457,5958,6596,9804,18480,22525,12262,9194
3262,3497,3230,3318,3451,3229,3384,3223,2986,3484,2551,2940,1920,1611,3053,4536,3137,-1537,-3928,22166,20973,11495,5089,6208,11968,19856,14112,7620,8391,6742,4767,4188,3236,2565,3478,3395,2696,3985,4276,2943
3342,2988,3289,3125,3163,3192,3247,3214,3129,3072,2706,2167,1623,1473,4174,5853,-627,1123,15058,20202,11004,6196,8157,12579,23625,15468,8267,8212,7557,6033,2952,4663,3371,3423,4647,4458,4319,4121,4227,3748
3420,3163,3314,3041,3352,3122,3341,3188,3092,2492,2093,3697,2278,1282,1585,8081,6354,-4621,12073,21549,16291,7855,5885,14796,25953,14232,8928,8030,5945,5342,4101,4274,3187,4426,3579,4803,4287,4924,4106,4584
685,621,808,824,734,506,411,609,1040,996,1214,1520,1609,1396,1407,1346,1222,1203,1131,1058,1055,799,-96,-3839,-9642,-9197,-10751,-9968,-10548,-5173,5998,16034,17131,3479,-3383,-1599,836,1236,2485,1342
1631,1850,1960,1892,1714,1370,1415,1419,1161,1265,1236,1184,1326,1784,2083,1911,1886,1899,1795,1645,-150,-5685,-10005,-14165,-12650,-8626,-5039,-442,5294,13791,17842,9797,-3042,-3415,-248,1745,2119,1391,2147,1743
739,706,817,850,939,891,-23,-1210,1344,366,101,-1147,-2510,-8567,-10906,-11151,-10240,-7809,-7457,-2194,6704,19557,17044,86,-3533,-1040,2374,1681,2589,3000,3609,1034,-1870,-4379,-3706,-2132,-997,-2264,-1718,1239
799,777,633,824,726,593,1112,782,475,670,717,469,715,674,518,393,979,613,761,1051,272,-4646,-13682,-12491,-7871,-2313,-1584,1608,7791,16245,13700,1343,-2427,-1810,-111,1930,3253,1153,1042,979
570,510,401,400,386,448,547,607,726,557,518,590,579,638,581,602,317,392,496,747,177,105,-52,392,-104,-4653,-14003,-10732,-5167,-1609,-370,1753,6084,12925,17733,3883,-2041,-91,1398,2220
587,818,722,341,789,937,955,1444,1555,1070,1645,1627,1985,358,-5151,-8883,-7411,-5600,-3018,-3435,-3466,-3923,2508,11604,15306,3958,-3005,-3177,-1365,-108,481,834,730,642,3703,2030,2261,-1615,-2747,-1587
775,776,893,848,793,1039,911,867,943,776,709,1004,1097,711,1039,863,681,812,951,884,906,1253,1300,1338,1186,1190,1157,-174,-7286,-7981,-7037,-4389,-2269,-4735,-6698,-2743,1915,9081,21239,4739
-8138,-5152,-4100,-4404,-5046,-4451,-5483,4308,15590,13898,3097,-1822,-1295,181,560,1495,1506,1532,3517,1739,1536,188,230,-867,-1464,-1075,480,-1389,-1091,42,327,939,951,735,800,1058,1270,1293,1180,973
607,629,571,581,680,711,710,721,739,716,699,700,809,921,657,893,1196,1233,1198,1680,475,589,726,491,-1391,-3661,-6148,-5750,-4844,-4257,-4464,-4586,-2394,1617,16682,22161,6108,-2362,-2513,-161
594,529,565,648,609,510,374,396,399,292,281,322,380,418,479,564,612,704,570,601,662,559,532,571,548,821,1264,1360,-3226,-7998,-10465,-6215,-4308,-925,-3254,-4659,-85,10790,19192,9954
-4724,-3467,-3739,-5386,-3405,1711,10723,17691,8303,-2436,-2658,-10,660,717,186,2014,925,2629,2664,1394,1735,-356,-2281,-1698,-1368,-2595,-2515,-137,3135,2158,-247,-1106,-325,821,1556,1786,1483,1072,827,620
392,362,433,479,540,554,601,661,632,651,618,569,560,412,621,259,311,407,368,-919,-3425,-5963,-7374,-6152,-5260,-4350,-4439,-5498,-4417,1840,11443,12712,9244,-465,-2156,-1925,-285,478,1043,442
533,564,395,377,334,351,354,595,666,596,564,528,480,538,399,267,338,526,510,518,571,512,497,339,-172,108,466,534,666,684,949,78,-4087,-8398,-8891,-7214,-5169,-2032,-1479,-820
1045,-424,-4420,-7622,-6454,-3733,-1474,-59,-2136,-1173,-992,5971,13201,15663,3414,-603,-1414,-138,635,3793,3174,1932,2111,2944,2442,908,-2565,-1230,-199,-2118,-2251,582,3073,1189,-570,-660,532,1536,1784,1613
1019,1036,992,1020,964,946,981,959,936,888,902,886,940,972,1054,991,1359,1085,947,-242,-2488,-5980,-6470,-7553,-7811,-7123,-7170,-7097,-5929,-6152,-131,11027,20748,11789,1874,-1586,234,1237,1480,879
-143,-530,-1507,-3766,-6587,-8346,-8039,-5717,-3751,-3704,-1892,1518,7450,11713,11592,575,-1781,-568,742,1714,1731,1872,2621,2044,797,843,-1560,-3435,-1944,-1081,-447,1716,2390,663,-417,-384,631,1451,1602,1344
781,892,954,833,368,333,485,606,675,917,1095,1276,1265,1197,1051,183,-2509,-7255,-8905,-7908,-6054,-4094,-3469,-4731,204,7228,15033,17058,2644,-2307,-1660,-180,266,730,1421,1204,340,1002,1602,545
-3818,-5168,-2653,177,5644,10848,15233,9651,433,-881,675,2461,2046,870,1508,1827,1696,16,-694,-1422,-2634,-3023,-1762,-951,-1270,2,1188,675,-489,-605,165,897,1628,1646,1282,1111,917,685,515,402
612,572,550,653,708,663,639,827,1093,903,736,680,639,687,630,732,579,855,631,546,541,1008,1019,582,-1710,-8115,-10214,-10958,-11665,-9533,-6444,-3831,571,12650,13810,6889,1213,155,779,1453
803,693,545,408,667,523,305,352,556,510,198,76,627,814,897,1057,965,807,515,340,659,813,963,1008,1043,-188,-4207,-9094,-8355,-7033,-4002,-2042,-2132,-1895,-2221,3772,11669,17094,7031,-199
-1505,-569,384,1030,1040,2740,5811,2677,3223,1578,-2137,-2252,-2272,564,2076,696,-30,551,1186,2391,2439,1966,2131,2246,2059,1894,1716,1301,1234,1258,1716,1208,1347,1475,925,1194,1804,1827,1110,965
493,833,-13284,145,-3256,-837,-558,-2176,-2804,-709,612,2121,2307,206,5,807,-5314,-12466,-5085,1567,1091,664,819,-247,554,3225,3066,2494,1745,1577,1368,1467,1226,1304,1409,1443,1566,1699,1598,1584
1689,1705,1688,1798,1766,1705,1277,772,1236,1720,1921,1747,1883,2,-4020,-1208,5411,2964,540,-4488,-7444,-2551,1319,3784,6493,6194,4217,2211,-5806,1631,-3467,-1021,-178,-1055,-844,2051,6180,2890,-5966,4960
7070,4040,4743,1762,-728,-1289,4319,133,-1987,-1361,803,2175,2741,-110,-3221,-5357,-5975,-7414,-4548,-1220,267,955,335,-115,560,1528,1795,1435,735,500,371,186,-78,-102,-35,121,180,351,433,589
745,946,1118,1318,1232,1076,990,858,833,620,579,814,978,1201,1687,2187,2769,2639,726,900,1194,3309,4669,1342,-4447,-2661,-963,-1627,-1847,-1158,-1184,740,3803,1792,987,-14947,1757,-1317,673,1720
-2843,-2959,-1972,143,1231,674,442,777,1209,1300,1136,1008,928,925,878,779,818,785,989,1112,1383,1032,1276,1185,1429,1488,1628,1834,2076,2366,2880,-3528,-1943,5860,6950,3041,-6906,-5430,-1984,-382
1158,1153,1082,1068,1024,1019,1021,1018,1021,1045,1083,1022,1133,1083,1094,1098,1165,1820,-4443,-3793,2208,5916,-773,-8106,-7165,-4495,-1829,-2994,2048,-1191,-17265,5066,-3285,2483,363,-449,152,-37,1238,1881
-7013,-5614,-4359,-3845,2557,5836,4044,-16667,2488,-396,1401,1147,653,1226,1494,1975,1798,1427,-18,-485,1098,2379,3330,1987,-2925,-6288,-5306,-8170,-8271,-2452,1052,332,-246,-453,-1279,-1145,651,1999,2466,2220
-3581,-3048,4909,3317,1044,-15846,4380,-1006,3281,1797,1464,1786,1817,1841,1878,631,-645,691,256,848,-1292,-1882,-1961,-3907,-3566,-9056,-6334,-982,644,708,-2,-275,155,1002,1513,1505,1311,1001,886,910
1016,996,1012,924,910,911,973,961,984,826,803,830,857,908,933,896,863,771,781,782,855,866,1004,1347,465,-2418,-2344,-473,681,-1445,-4561,-6597,-3730,-4639,-3174,-7158,1413,1038,3782,-27017
820,730,749,613,777,885,960,964,1085,485,-971,-3735,-2886,2096,4907,-5461,-6606,-4185,-3329,-2570,-2623,-933,4302,2931,-2010,-6294,3396,166,1607,1785,2040,1892,2154,2394,2190,2277,1725,1103,180,346
60,5629,4924,5063,-27369,3657,-2173,432,667,-1166,-1949,-1103,-455,16,-200,-184,-1225,-1918,-722,3429,3625,-1317,-5591,-8089,-7270,-5832,-6394,-5613,-2639,-905,-217,22,53,97,156,392,755,727,310,196
165,182,91,2,-91,-121,-71,-29,20,137,183,183,122,55,279,-29,234,794,-375,-2652,-5795,-1914,5077,2000,-6693,-10664,-6230,-1370,-474,-3269,4566,3913,5777,-14863,753,-563,2613,1978,1409,1213
614,611,670,796,732,1188,772,1382,1177,-320,-3503,-4000,1628,3071,-690,-3666,-2816,-2258,-4516,-5223,-3589,4581,6625,5373,-3928,3515,-1480,998,981,487,735,836,680,908,969,1001,975,1038,-612,-1413
334,42,-5831,-3163,3579,6348,-2719,-9396,-6600,-3885,-1251,-1520,2965,6256,5158,1066,-24,-1136,36,-451,-1049,-1723,-3193,-1165,602,627,-471,-1293,1422,-1070,-3123,-6536,-5115,-1981,-442,530,313,-782,-1104,-238
-3238,-1535,-1590,4888,1982,3408,-1577,6527,-1239,2558,724,144,119,7,196,172,457,354,128,-728,-463,-574,37,29,478,-1877,-5806,-5744,-5959,-5637,-5121,-4361,-4531,-3359,-1506,-137,547,386,579,1160
-5965,-3533,-3860,-3429,-184,773,3603,4050,2837,-2058,-138,459,-834,-1494,-1917,-1329,-1407,-1098,-1105,-1151,-1228,-1331,-1374,-1432,-1356,-1366,-1353,-1310,-1349,-1385,-1378,-1396,-1411,-1378,-1416,-1419,-1383,-1426,-1372,-1441
-6752,-8326,-7355,-3162,-2565,2263,2017,2598,54,-4160,2119,-678,1151,386,-17,-46,-98,207,322,320,235,134,110,17,-145,-188,-214,223,384,28,36,-59,-87,207,-899,-1259,399,-328,-607,-2787
1771,3053,3753,-5496,-2021,-1370,2761,2747,2158,2047,1932,2095,2424,2352,2259,1449,1145,982,637,557,423,554,423,514,467,429,451,542,602,603,623,661,509,508,490,587,605,663,700,639
747,-127,3952,3212,-18476,1106,2260,2757,4781,3254,2826,2176,2479,2616,2082,2270,1556,1050,1209,1141,532,572,585,562,516,443,408,368,198,181,-123,-172,4,-153,-85,-429,-605,-655,-502,-557
1678,1802,1763,1707,1566,1447,1280,1148,1026,1052,1262,1234,1348,1554,1516,1598,1660,1154,1083,-1133,-7003,-16445,-19406,-22137,-15139,-5823,3314,13750,21385,15906,15051,17262,9409,5501,4762,2216,-10366,-5423,-1647,-1419
-1149,-981,-1390,2127,2975,3020,3880,-1182,-8636,-7718,-7517,-7975,-9711,-4835,1179,1354,506,456,107,-299,433,1538,1866,1372,1125,1040,651,158,-153,-113,137,158,216,375,443,724,954,1115,1171,1018
845,748,526,383,483,680,670,583,606,615,554,527,569,287,514,576,647,911,1119,-3931,-7196,-14108,-11262,-10422,-7065,62,5666,8392,16347,24284,16825,11499,14412,15087,8670,7131,6876,228,-12772,-1924
-13634,-13184,-5750,1986,8890,14059,13479,9433,9415,10553,14355,11521,6814,6016,4802,369,-12189,-3377,-635,151,1599,1833,2269,763,-1857,-2548,-2261,-11454,-9549,1389,3004,-729,1253,1355,-862,-1462,2745,3517,892,855
-12826,-8722,-673,8149,15321,22233,17844,12732,14826,14473,9614,5315,1529,-7427,-13962,-3802,-2334,-1832,-917,2392,3587,3044,-1227,-3224,4526,-3208,-3627,-854,-11394,-7183,704,3499,2217,-102,-466,741,1845,2138,1389,1160
1317,1359,1273,1164,979,1027,1118,1234,82,-3487,-11052,-13647,-18233,-13151,-6897,2378,8122,18717,24283,20490,18307,12807,9746,2952,-2079,-12901,-3617,916,7684,9789,5240,-3036,-5984,-23436,-16447,-1218,1566,3986,3765,-581
651,564,454,438,548,624,535,413,267,354,413,419,322,272,269,323,490,547,618,505,578,589,615,314,467,71,-2255,-8406,-13070,-18362,-19332,-10470,-339,9996,24344,26867,21251,10405,8977,3550
-10265,-5782,2066,7440,13924,24192,24214,22071,13110,11308,979,-8788,-13257,-3812,-1605,2594,5137,7501,5338,-3388,172,-7556,-9892,1324,4198,1125,1352,216,-1024,-504,2803,3825,2454,1906,1646,1380,1022,-399,93,627
1334,848,-335,-3962,-8698,-9036,-9167,-10605,-4374,3540,15996,24031,17123,17029,19718,10665,8472,7008,-2491,-14503,-491,-1281,917,1508,3065,3789,3101,-2276,-7939,-5374,-8435,-8567,-4559,-2021,151,2647,3304,2349,1793,2520
1082,1087,1162,1263,1190,1231,1083,1069,1094,1139,1200,1146,1038,989,908,1007,976,1000,942,830,928,1068,1007,957,777,-722,-8186,-11019,-21223,-15606,-2615,11837,24328,19762,25901,13894,9200,7458,-7211,-7891
651,660,803,818,219,-2179,-4484,-11085,-17158,-17284,-11344,-2950,10785,22631,13228,19446,20174,10387,12091,41,-12476,-2373,-2245,-30,2132,5899,7374,1681,-11733,-6855,-11486,-5807,795,1525,2282,840,-699,-242,1265,1730
771,510,526,891,797,493,280,206,328,459,509,478,554,532,705,1140,1111,563,96,153,334,198,195,378,490,426,438,491,511,620,588,724,542,-1671,-10641,-26073,-23875,-19619,-7658,5018
295,368,520,493,278,220,350,459,415,417,472,448,232,60,14,-292,-6956,-14072,-16048,-10831,-10327,-2245,5546,15294,21049,19629,17098,12264,9224,8292,2151,-12364,-11610,-2137,-48,3481,5958,6560,3005,-7296
806,802,842,879,793,752,788,711,678,718,673,712,808,1228,858,794,1110,-2233,-10210,-12530,-18625,-17773,-6871,5373,25322,22634,22828,19491,13749,8270,-8218,-11426,-2671,1318,2950,6893,636,-14589,-9393,-6689
1869,2083,2400,2440,2243,2346,2188,2102,2133,2229,2196,2187,2348,2375,2375,2447,2361,2350,2237,913,-5917,-11799,-13463,-14328,-9242,1113,11862,22577,20007,26067,18586,20532,1766,-16317,-3186,620,7396,8425,-4857,-20746
1732,908,461,14,143,-8094,-10639,-18864,-19288,-10816,5417,22026,20409,25492,20078,18540,-10102,-17173,-2592,-530,3344,10035,9320,-9578,-9818,-9486,-22860,-5625,1914,3180,2313,1965,1325,1310,2404,1951,1206,838,1371,1373
893,771,876,755,729,917,899,669,655,685,764,732,517,461,511,468,662,722,921,-617,-3642,-14981,-18087,-23393,-17917,-7432,6194,24986,30233,29436,18052,16825,-13272,-13159,-2162,7905,6063,2585,-14089,-12130
-5634,-7970,-7488,-8576,-3144,1550,7668,12837,13003,9449,12133,18602,15017,7923,3984,465,-14228,-1474,1411,-1386,-2343,-2949,775,4634,5618,6849,-7459,-12431,-833,-16238,-20066,-7832,-307,820,1299,896,-392,-2033,746,2785
-3451,-11361,-19514,-22422,-21842,-17266,-4245,8156,23183,27775,17013,18580,16273,9941,6435,8618,-20235,-1882,-341,-2431,4,3329,4210,5603,6297,-6183,-10870,-8793,-10293,-19125,-8514,1165,2289,1587,311,-819,-970,178,1368,1847
631,694,688,682,553,516,364,319,848,899,503,193,354,356,564,872,682,431,272,429,429,58,-3269,-7609,-8636,-14050,-15418,-10454,-1429,9256,19290,19103,18886,24408,16423,11625,-4563,-15173,-2106,-690
1441,1603,1753,1804,1939,2294,2515,2539,2276,2338,2428,2836,2719,2540,2064,2145,2385,2710,2743,2727,2886,2959,3291,3242,2792,3350,3019,3050,2563,3595,3472,3895,7431,24651,-2937,-12517,18726,6197,611,2427
2208,2429,2160,2089,2070,2095,1816,2797,2568,2212,2483,2442,2460,2076,1525,2097,1898,2551,2103,1216,-399,6626,32401,27138,-12053,-3323,-19913,-11126,24788,9549,8938,8018,6938,6961,7656,6273,3020,64,4250,4860
3517,-15777,279,26984,9807,15475,13426,12901,11568,10214,9002,6791,6168,6105,6302,5995,6201,6743,6699,6382,6406,6403,6231,5856,5546,5095,4823,5190,5816,5869,5729,5759,6068,6188,6033,5819,5550,5527,5818,5793
6286,6413,6406,6345,6412,6265,6350,6265,6193,6303,6357,6468,6889,6887,7384,7305,7325,6859,6834,6089,5339,6825,7651,16633,29128,-30390,7524,19027,22245,22952,14411,2214,32103,-24741,17074,16937,14853,12127,9777,8832
7905,8078,8624,14422,27481,28929,-16562,10745,18166,11970,9147,5328,-8908,-10733,-30873,16397,16482,12768,11660,9211,7488,7897,7047,6917,6092,6077,6577,6773,7438,6674,6353,6260,6220,6312,6170,6287,6168,5992,6384,5885
6636,6700,6748,6742,6736,6741,6731,6605,6579,6535,6584,6728,7316,6767,7016,6785,6755,6523,6352,5453,7527,18094,32188,16611,4958,9711,8500,10225,3649,-10071,-4171,23300,18060,17704,14211,11356,9549,8221,8108,6549
-8814,11235,15555,12109,3957,-3512,20602,-26112,20535,19282,14736,11777,8787,8371,7723,7785,7111,7380,7662,7504,7259,7518,7374,7304,7535,7182,7056,6630,6521,6286,6215,6490,6780,6961,6583,6401,6387,6880,6833,7080
7208,7154,7283,7130,7140,7059,7057,7225,7259,7316,7348,7282,7137,7077,7033,7065,7108,7332,7512,7293,7539,7462,7595,7459,7434,7354,7325,7271,7275,7305,6949,6735,6441,8259,12734,23311,29493,506,7451,15634
6005,6066,6467,6054,5975,6092,6576,6627,6851,6692,6627,6752,7360,7049,6181,6145,5467,5334,7213,6952,7320,7128,6822,6944,6891,6023,6664,10937,18034,-31775,25905,-2668,19739,12176,7346,6054,-3141,8874,-24741,22383
7599,6065,5665,8037,12477,19300,25998,1276,-15560,18116,11419,9783,5181,-2073,12706,-26026,20377,20029,15209,10632,8564,7039,6873,6894,6858,7112,7609,7954,7577,7889,7474,7396,7105,6929,7070,6784,6559,6561,6448,6551
5767,6060,6652,7076,6968,6952,7039,6687,6237,6664,7663,10074,17890,27064,15785,-3044,13314,8783,10639,8825,10896,-24741,22927,20565,14936,11039,8113,6867,6680,5720,5221,5379,6827,7219,7270,7232,6684,5987,6251,6172
5975,6219,5848,5920,5816,6079,6341,5769,7597,19870,24760,17745,13567,18045,10592,9042,7519,11503,-24741,-30729,22762,18514,13301,9498,7322,6672,7150,8347,8446,8691,8175,8449,7875,8042,7338,7743,7671,7669,7731,7347
7183,7100,7116,7204,7244,7190,7085,7148,7022,7099,7168,7093,7202,7251,7351,7413,7264,7215,7117,7184,7173,7295,7104,7155,7173,7062,7341,7160,6536,7255,16257,27475,-25634,13611,-8,8765,10284,8386,3326,11298
7191,7061,7292,7396,7635,7294,6917,7196,7100,7183,6927,7012,6960,6759,7425,7298,6980,6461,6929,8460,16220,28559,23376,0,14870,13038,9673,9604,3656,25533,-24741,25672,19446,13253,9411,7272,6540,7316,7845,6075
17156,27122,21610,-19686,15521,15361,10383,6296,-1836,7761,-24741,18730,16308,13531,11663,9554,8033,7761,7586,7074,7366,7933,8574,8569,7451,7529,7545,7360,7153,7187,7079,6956,6919,7037,7049,7284,7221,7312,7302,7295
5526,5641,5322,5668,5999,5716,6020,6779,6906,6488,6522,6249,6818,6820,6282,6509,6777,6995,6715,6628,6637,6429,6917,6971,7751,10855,21499,-30936,-25434,5170,8781,11778,11185,10081,12389,-29033,-24741,23047,18044,10694
18682,-31641,28847,2941,7421,4578,5684,2923,-2975,22473,-24741,16181,16933,12992,10422,8259,8149,7749,7592,8211,8508,9079,8083,7896,7859,7323,7180,7402,6616,7124,7142,6964,6959,6733,7038,6690,6601,6846,6339,6747
18312,27749,18768,-7034,13954,10617,5868,-800,29516,-24741,20518,16084,10374,6678,6706,6938,6813,6484,6195,7453,7672,6599,6239,5565,5662,5684,5957,6478,6444,6348,6379,6710,6531,5665,5714,5676,5659,5727,5994,5990
6041,6272,6366,6608,6299,6352,6141,6121,6075,6158,6203,6551,6045,6594,6476,6391,6092,6180,6397,7159,8758,21862,-30160,12244,13511,14665,9541,5356,5017,6218,-24741,-31093,17339,15555,11978,10234,8667,9353,7308,5779
5911,5780,6780,6765,6411,5885,6505,7007,6904,6250,5764,7164,7108,6493,9109,19738,10542,-13002,12843,10853,7866,6676,5101,-28440,-24741,17448,15023,11552,10396,10834,9511,7972,7286,7629,7511,7459,8103,7817,8326,8036
3919,3982,3983,4043,4052,4119,4111,4127,4000,3753,3242,2852,1722,-1766,-4062,-6856,-8206,-6718,-3046,-1380,1261,4690,10363,24944,18415,5921,1580,1080,2627,3174,3068,1513,-711,-6260,-7205,-4970,-5158,-81,1380,-1671
3578,3476,3381,3497,3544,3439,3336,3260,3232,3304,3448,3481,3432,3241,3426,3650,3690,3824,3974,4110,4098,4082,4220,4465,3570,-927,-2628,-2571,-4273,-3321,-3162,-2591,-4070,-5665,-59,8784,28096,25604,9373,550
814,3018,3031,3687,4216,3897,473,-5890,-7527,-8164,-2419,3120,274,-3547,-1219,1270,4225,4209,3869,3819,3742,3832,4258,3631,3137,3291,3364,3470,3214,3079,2904,2719,3293,3059,-726,-5162,-5521,-5427,-3346,-2768
241,6229,15961,23669,15744,5968,3469,3486,3365,5151,4969,5495,3793,1968,-5215,-10231,-7724,-1453,897,-68,-2469,-1882,759,3086,3608,3694,3674,3290,2999,3206,3423,3462,3239,3020,2753,2017,-3539,-3760,-4590,-1883
-510,966,186,5373,11650,32398,31884,2200,-3498,2340,3320,1303,273,1982,3102,4003,3933,-286,-6527,-9964,-6718,-6338,-1265,1170,-415,-413,1185,3111,3672,3578,3397,3188,3202,3409,3499,3200,3198,3158,3014,3146
3104,2616,1915,1212,-1265,-3733,-4246,-3341,-851,527,-1179,-1991,4006,13002,-31026,12823,-2753,787,4323,3061,1769,2671,3214,30,-5576,-8659,-9992,-7865,-5115,-2593,-911,-1820,-1862,408,2777,3725,3553,3474,3062,2713
2441,2431,2030,-1099,-3114,-2847,-3220,-3930,-4858,-5127,-2786,1304,8646,24245,-24741,12292,-4298,1864,6406,4535,3640,3840,5182,3834,3016,-1909,-11557,-9967,-9619,-6134,-4541,-2876,-2516,-595,1737,2848,2674,2479,2514,2338
2319,2446,2508,2550,2489,2429,2380,2386,2388,2418,2466,2466,2401,2447,2083,1413,370,-485,-98,-2922,-4047,-3515,-3468,-2871,-2671,-4019,-1747,13323,-31168,20692,-1558,2048,6479,3749,3162,4665,4853,4198,1686,-5697
-7895,-9467,-6323,-2407,-338,536,534,-222,1319,3206,3845,3490,3544,3443,3254,3097,3164,3309,3468,-302,-2852,-3165,-4217,-2447,-969,-473,-66,-1427,3850,9909,26790,27052,4173,-286,5527,4343,3195,5082,5121,4607
1803,-4999,-11499,-11957,-6715,-1625,-1105,-645,-670,649,2014,2878,3210,3403,3127,2831,2777,2853,2804,2552,1863,327,-648,-972,-2443,-3535,-3854,-2332,-1689,-1730,-1134,53,10265,27603,22586,3915,3426,5115,3057,1374
3042,5166,4882,4954,2497,-1251,-7087,-8435,-8328,-5506,-2666,-1833,-1581,-248,241,1364,2355,2951,2939,2822,2859,2898,2917,2689,1960,376,-1207,-2393,-4241,-6810,-5070,-4701,-2595,-419,4231,10573,24199,26949,9366,805
1422,-1236,-2270,-2022,-321,1362,387,-9521,-16621,-14756,-12060,-6372,5932,23639,23063,4890,-2451,2066,4901,4153,2033,147,-3491,-9099,-7925,-8060,-6991,-3819,-3910,-1640,1344,1777,1620,1992,2701,3053,3371,3605,3673,3459
3970,4026,3447,3514,3754,4184,4561,4589,3686,2178,-1629,-890,-1848,-2047,-5047,-5996,-2076,8543,20289,22621,1458,-2823,3516,4596,2877,1960,311,-4336,-7294,-8290,-7132,-6314,-2794,1511,331,-1331,407,2545,4341,4071
3757,3524,3363,3198,3226,3359,3520,3548,3517,3260,2236,1146,1287,1214,-5768,-5113,-55,2051,553,-687,4852,9524,27051,20925,489,736,4549,2593,1652,1541,2297,1525,-1095,-6440,-10700,-8952,-6247,-1086,819,891
-735,1224,3415,4760,4477,4505,4346,3966,3612,3528,3857,4000,3856,2026,-726,-6658,-7574,-9245,-5449,-2720,-818,-225,1504,7153,22439,25965,4002,-535,4395,4179,2690,3189,3692,2512,898,-5448,-9716,-8777,-8924,-6923
-4346,-2710,-437,278,456,1407,2198,3139,3028,3061,3114,3050,2818,2395,120,748,-408,-2397,-2539,-2322,-1441,994,1074,5631,12691,32602,27408,502,881,6275,1856,1529,3953,3763,1945,2908,-831,-6166,-7893,-6901
-8749,-2846,-1467,-3121,-2633,-66,2252,3450,3320,3403,3156,3054,2819,2692,240,-2078,-1368,-582,-657,-1681,-838,-970,-861,-4042,-2753,5854,-32197,-29468,3775,-542,5920,4112,1931,4737,5721,4252,2963,2,-3766,-7134
-8881,-5862,-4935,453,1172,-2460,-1710,404,3224,4560,4793,4039,2502,1255,959,595,2579,4648,3656,2526,2297,-351,1048,7565,19572,31248,10350,-529,3886,4168,1014,1019,2921,3473,2508,1881,-1643,-6144,-7700,-6306
-6378,292,412,-3248,-2199,1273,4622,4130,4232,4774,3210,2709,2849,2382,1786,-1805,-3904,-3567,-193,1530,1660,315,805,483,5297,24669,20072,3256,4628,5604,2781,224,2616,4343,5717,4378,1038,-3882,-8267,-12336
-9947,-9188,-2368,-377,1076,-595,-2774,-353,3721,4707,4186,2738,1981,1324,-419,-588,-42,-1202,-1908,597,369,-1672,-3081,-2038,5113,11741,29936,8963,659,6364,5059,1216,1695,3661,3825,4100,2782,1134,-2036,-3342
3784,3836,3806,3800,3691,3761,3840,3844,3806,3745,3712,3115,3688,4270,3460,860,-1382,-2313,-3596,-3509,-1769,120,2759,5138,5565,-5937,-2597,-734,2786,885,60,481,-479,1074,4440,2290,2825,3375,-632,275
-904,-1858,-1467,1534,3053,5022,5278,4289,3717,1570,-40,-22,98,-156,-298,-966,-1840,3103,7933,637,-2750,-3314,2363,1713,892,449,-1496,-202,3417,2070,1238,-1583,-3626,-2002,-3312,-1790,156,1471,3280,3921
3572,4347,4852,5269,4633,4370,4053,3800,3979,4142,4164,4184,3500,2079,344,-994,-763,-1389,254,3850,5090,8073,-8458,-1474,2735,-1098,-92,-43,-205,-257,-402,-1130,196,-1213,-423,-4518,-2539,-1495,-913,-790
-775,-281,1236,2846,4074,4043,2968,3660,3715,3666,3900,4202,3533,2131,2192,6430,5753,1056,-3508,-4154,-6437,-5037,1239,4504,10292,9026,-5387,-1432,2532,1155,363,1269,619,-851,-678,260,1493,-2406,-1158,-453
2752,-1865,-4804,-5609,-1854,-1049,5332,6861,-4901,-53,-1996,-17,1481,-210,-997,-2082,129,1915,-770,-3431,-3888,-2756,-1325,-1160,-348,477,1654,2071,2066,2287,3052,3184,3113,2409,1787,4098,5053,1975,-369,-3432
-3413,-6209,58,4593,8203,-23475,1675,-6633,-1160,517,-1354,-2372,-1625,-614,1494,1188,-5095,-1505,-4672,-3372,-3687,-2325,-1212,231,709,1135,1371,1866,1827,1973,1218,1322,2431,2093,-280,-2344,-5221,-5587,-6138,-2441
3345,-5804,-1428,2362,-53,-370,-2115,-763,-1437,1366,2477,-2202,-1591,-1890,-2139,-1993,-1101,402,1361,1865,2069,1980,2022,1988,1180,-240,2803,4798,2992,767,-2058,-5648,-5376,-4889,-3455,-3417,-2144,1118,2666,4012
-1226,-3389,952,-152,-894,-826,-824,-1075,-1523,-303,-557,-1542,-1192,-3248,-2548,-1003,-1531,-668,-371,722,1402,2006,1987,2078,2211,1993,1271,475,2391,4407,3789,905,-1277,-3915,-6065,-5016,-875,3485,6134,-8865
1785,793,-575,-2694,-3571,-2155,1208,7659,10045,6096,-66,-5000,650,1718,-195,978,389,-1285,-644,0,751,-342,-1941,-3350,-2618,-3090,-3679,-3010,-1688,-425,692,949,1378,1151,1537,1853,1857,581,1009,5468
2904,3057,3303,3174,2648,2242,1914,2016,2447,2609,2607,2585,2491,1903,1824,492,963,5977,3444,194,-3591,-2568,-735,80,6718,8381,7902,-15655,1564,-2733,1275,-1098,-1696,-1063,-1291,-1274,-715,-662,-238,-1297
-1161,392,-844,-2786,-2089,-2374,-2126,-1119,-1068,-927,-261,775,1571,2112,2514,2623,2548,2501,2642,2622,2534,2348,1896,-727,568,6156,3563,1739,-1185,-2686,-4565,-3763,-3983,-2709,-1241,2746,5654,4694,3587,-5802
-5245,-7033,-3860,-34,3213,7561,5315,-2507,-3783,863,1483,-432,-468,-1002,-1804,-564,983,25,-1520,-2820,-3460,-3420,-3798,-3430,-2920,-1335,329,650,823,1481,2407,2330,-330,-304,3230,3069,1750,-494,-3991,-6302
-2458,-3850,-3680,-4233,-6833,-4709,-1038,2540,4866,6880,-4891,-898,162,-2336,-1483,-1840,-1392,-114,116,-1556,-2793,-4200,-2957,-2718,-2009,-1042,145,297,479,913,-149,-1172,1321,5354,3365,-4,-4249,-9534,-8024,-4390
-902,4214,5739,-12601,-5740,-931,86,-2819,-2661,-1927,-2543,-1531,97,-722,277,-1330,-2861,-1457,-1401,-2692,-2269,-957,-34,594,1439,1857,2132,2429,2416,1756,876,1965,3393,2727,-243,-2416,-3852,-3423,870,4980
1834,2113,2378,2734,2724,2650,2575,2272,1821,1380,1348,742,739,1628,2277,2325,1963,1542,1233,1475,1352,-71,3577,5503,585,-1720,-2394,-4182,-3636,-4251,-2375,-1164,3180,4645,-27970,6974,-3135,-2360,-365,-664
-1796,-1107,-608,-319,1481,132,-596,-516,-1024,-1131,-1099,-2818,-2507,-1354,1123,2698,3090,3086,3287,3279,3131,2362,1778,3496,3208,3314,1137,-317,-1358,-1846,-3728,-5437,-6033,-5835,-1450,3346,6201,-28601,7093,-5497
854,2507,5298,4620,-10367,5212,-4833,-386,-923,-1719,-1803,-2369,-1962,1790,2685,-12,-743,-1465,-1858,-1238,-2496,-2688,-1747,-764,749,3261,4335,4249,3782,3302,3028,2561,2176,1471,662,-442,2486,8253,8248,4216
-1113,-4732,-4466,-3081,-1166,12,1031,1793,-62,-2333,-3727,-3457,52,1510,3771,5161,4735,-1792,480,2755,1046,480,739,109,1936,2035,1343,1853,532,413,320,-1712,-2126,-2005,-568,1359,2698,3158,3414,3263
3715,3988,3880,3907,3654,3696,3858,1854,1185,3645,3316,1669,584,-1602,-2759,-3900,-193,1428,6925,7216,7591,2579,-3334,-325,3129,1621,1474,2021,1294,-24,346,1101,2321,1192,-922,-1988,-3036,-3966,-4257,-3089
-1368,826,3342,4480,3973,3024,3056,3399,3360,2980,2819,3328,3186,3181,3171,3017,2472,572,1068,-842,-1662,10,2835,6868,8229,2700,-3049,187,3277,1638,1471,1956,2133,1857,55,601,1932,852,952,-911
644,1638,2666,3415,3528,1711,-515,-1720,-6982,-6027,-4280,-3189,-5334,-4225,-414,3682,6891,7051,7241,6657,7052,9858,10766,14554,8908,8066,12847,8881,1590,-2459,-2283,1027,3310,3837,4234,2667,2011,2409,2996,3172
3042,3213,3472,3649,3612,3208,2747,2622,2628,3302,3990,4141,4080,3675,3488,3708,4013,3957,3910,3656,2403,1366,2631,1883,-3298,-6870,-10645,-10535,-5619,162,4219,7227,7290,6631,7405,10181,19648,12740,11383,5514
6834,1083,-3480,-10161,-7739,-732,2320,2844,3314,3189,3368,3931,4385,3575,3097,3135,3312,3401,3547,3042,2175,2230,2946,3388,3479,3376,3305,3380,3621,3691,3891,2962,3121,-7268,-7039,-10961,-12438,-8699,-3881,62
855,1027,3202,5473,4575,4463,10670,16698,12291,9476,11516,10730,3468,-685,724,-5079,1028,2624,2814,2496,2004,2919,3957,3781,3029,2703,2700,2835,2853,3157,3324,3375,3408,3606,3706,3759,3630,3310,1262,-722
-5569,-8198,-9387,-7696,-2144,2518,6339,7573,6615,6078,4617,7799,7706,7123,6037,11514,4657,7846,-899,-2480,-5902,723,2485,2623,2588,2656,4304,5042,3700,2415,1848,1971,2510,3029,3305,3391,3174,3224,4116,3287
-1568,-7398,-7848,-9177,-7933,-6812,-2634,1520,6165,9455,7750,5131,8798,8614,12363,12160,10605,6840,4050,-2788,-1795,-7047,579,2018,1698,1247,1332,3111,4611,4129,3285,3178,3305,3421,3524,3634,4107,3990,3748,4194
4477,3198,377,-1075,-4973,-6717,-7961,-2660,2261,5802,9661,9254,7468,10672,14065,13736,10359,10993,12911,12013,-670,-16910,-6042,-1573,2817,3314,3189,4095,4789,3872,2946,2915,3296,3245,3219,3441,3395,3292,3412,3267
3281,2401,1587,-4419,-10507,-15111,-17222,-16799,-3157,7000,10387,6541,9241,11241,11034,13280,2962,6263,7083,3467,-1270,-162,-4736,-1332,399,1088,2939,5108,4919,2751,1635,1756,2267,3454,4419,4650,3800,2720,-6373,-13083
-15130,-10198,1273,8059,11600,9069,17109,9182,-5422,-1180,4003,6181,3289,584,-387,-405,2261,3868,4047,4572,4397,4896,5075,5255,5798,6259,6506,6458,6332,5864,4815,2265,539,263,-2764,-6520,-10468,-10415,-8654,-5962
253,6451,9470,11150,10626,8687,9203,8454,11821,11503,4109,1246,-18767,2828,4089,3911,2812,2798,3260,3693,3287,2967,2035,1889,2546,3120,3056,2595,-169,-3837,-3375,-4692,-5654,-7936,-7346,-1161,2978,4328,6594,7675
8819,7014,4802,6546,9316,8391,9099,10462,14922,16324,1485,-2321,-3891,-559,2002,2215,3698,4700,5345,4747,4052,3783,3968,4021,4082,3731,3387,2764,2179,1213,823,508,-3053,-7982,-11270,-13552,-6563,2305,6500,7753
6366,4585,4374,6406,10146,20430,15127,18892,10296,8596,5010,2522,-3844,353,2783,3448,4281,4947,4262,3880,3894,3615,2920,3324,3129,1868,-257,-668,-4469,-5908,-6311,-4889,-8972,-8723,-6648,-1408,2574,5899,7694,8094
7800,8661,10579,11376,5345,13624,6570,7354,4535,-115,-1112,-890,-299,1490,2154,3289,5093,5038,4827,4340,3854,3856,4228,4937,4907,4970,5000,5083,5756,7033,4340,1068,1798,-1088,-4103,-7810,-5379,2471,6350,4846
3791,3253,1883,2813,3098,12363,23330,14796,5078,14174,16921,13317,9037,1613,-2297,277,2096,2756,3317,5530,6391,6032,5083,4423,4507,5064,4721,4374,3778,3012,2415,1864,2053,2349,-760,-6527,-9014,-10587,-4425,1459
4213,6549,8436,8848,7079,4730,7933,12966,17168,16527,12619,16629,14541,4349,-1197,-3759,-1439,-438,1072,3134,5427,4915,4228,4381,4675,4249,3190,1945,-1033,-3687,-6384,-6851,-8300,-3548,575,3394,4773,6128,6160,5309
3688,4472,9029,14802,22540,6086,9021,6996,6288,1117,-4973,-9893,-4008,1136,2983,3544,4183,4118,4059,4070,516,56,-3609,-7893,-10395,-8266,-5810,-2461,-384,1129,2558,4062,5054,4726,4262,3797,5146,7405,13333,11610
15578,7219,11380,7079,-420,-1555,-2054,-1283,68,2060,3353,4116,6200,5196,2712,1016,749,-266,-2480,-6044,-7908,-9686,-6643,-2539,2100,3067,2152,3139,3952,3506,3158,2884,4200,10823,18901,11723,14677,10667,13400,8640
3755,-1200,-1373,-368,459,3863,5292,5342,7021,5884,3965,3308,3667,3591,2934,1313,818,-1731,-4170,-5288,-7390,-8131,-5464,-1134,2348,5012,6669,5610,6164,5008,7113,13675,17011,15023,8468,7562,8174,9298,5774,4051
194,-7612,-2030,222,2803,4184,5403,5725,5301,4170,2277,-1027,-2521,-4619,-9760,-11256,-9829,-6718,645,5221,8019,8084,8590,9749,13880,13262,10739,-1092,8041,9267,3007,-2141,-2366,55,621,1850,3194,3277,3686,4237
439,199,2290,3734,4721,4404,4318,4283,1711,-1469,-5618,-5065,-5710,-6162,-6220,-4147,301,2732,1452,2634,3843,6025,9316,19009,18644,20062,7396,12555,11253,10202,7183,2557,-40,-140,-2056,231,3128,4434,4598,3919
3947,4025,4233,4480,4302,4354,4392,4407,4389,4368,4474,4137,4073,4189,4233,4258,3888,3152,-896,1060,14396,-24741,-24741,4089,-1306,6317,3265,-8567,-7714,12050,28357,14663,-1870,1494,3221,4341,4474,3485,4623,4115
4201,4779,3995,3601,3766,3794,3891,4033,4200,4422,4336,4316,4154,4010,4042,3785,3572,3679,4460,4237,4974,5391,7912,27451,3858,-4194,11416,-1349,-3613,-1760,17791,17052,4421,4555,3317,2373,3436,4307,5599,3484
3842,4625,4310,3901,3816,4098,3700,3793,4079,3590,3335,3474,3463,3856,4196,3996,4061,5134,12086,23548,-6093,-2622,7806,2987,4075,-3733,-12094,15808,26067,2822,3740,2164,1962,3192,3204,3625,3000,2686,3594,3705
3298,3474,3503,3759,3582,3359,3207,3110,3384,3353,4184,4501,4307,3882,3673,2849,7517,-30684,-13100,7293,10912,-350,-6020,-2610,26745,14460,882,4706,2624,4947,4976,4767,4101,3327,4434,4562,4271,4538,4488,4396
4198,4220,4537,4622,4595,4306,4132,3800,4299,4712,4433,2770,3110,3145,12934,27304,12551,-2996,1820,-2117,-12037,16856,22571,3141,6995,2472,4544,4275,5379,3038,3062,4684,4445,4014,4536,4777,4355,4761,4416,3931
4252,4380,4340,4378,4455,4562,4381,3935,3761,3693,4045,4215,4348,4065,5156,19105,4277,10202,35,2385,-6114,4350,31343,1575,5795,1771,3512,4617,3840,4065,3698,3733,4221,4025,4492,4671,3862,4091,4109,3830
3652,3777,4275,3977,3396,3652,3895,3764,3729,3272,1913,3448,10945,22372,-30796,-402,-8009,-4352,548,25437,15852,1255,5671,5344,7471,3614,4567,4342,4510,5283,3633,4555,4844,3764,4326,4433,4156,4466,4457,4185
4581,4522,4607,4589,4699,4580,4377,4596,4419,4464,4361,4340,4166,3291,-1585,5377,21859,28157,21729,-8711,-8176,-4554,-5167,20274,29213,1488,493,7153,3249,6366,5102,5330,5889,5224,5674,4623,5558,5224,5048,5404
4779,5158,5064,4769,5089,4794,4844,5152,5010,4484,3963,4150,5466,10446,19315,-20354,-3977,-4213,-1586,-2792,15719,24784,7244,5540,8011,4900,6769,6281,6120,5286,5471,5630,5521,5588,5403,5258,5619,5473,5381,4976
5422,5668,5376,5509,5381,5254,5350,5241,5170,5370,5859,8430,7877,-14082,-368,-8658,-9810,15092,-24741,1010,3062,3502,2814,4293,3691,3476,3830,4455,4323,3964,4051,4283,4591,4547,4507,4498,4541,4541,4566,4607
4626,4522,4623,4581,4429,4817,4789,4933,5065,4502,9625,10600,-4409,504,-319,-9207,4270,-27310,12294,960,7283,3120,6268,4987,4937,4469,5101,5346,5115,5067,5221,5433,4923,5252,5275,5198,5388,5055,5131,5173
4707,4482,4656,4724,4698,4741,4799,4891,4796,4896,4824,4750,4663,4492,4147,4118,4150,4589,5251,6839,18306,4517,10256,-4453,-2800,4438,-30050,14343,3293,4403,4298,5346,4713,4853,5095,5275,4981,4678,4862,4793
4882,4554,4645,4836,4944,4608,4220,5032,4878,4945,4478,4386,3906,3639,2646,3075,15910,24622,12430,10220,-1781,-848,9721,-24741,7486,6157,4395,4190,4561,5376,4063,5035,5085,4750,4676,3934,4677,4581,4452,4583
4729,4524,4589,4468,4532,4590,4522,4668,4518,4362,4022,4343,5137,23045,9773,-538,-5710,-6609,-4817,31468,21431,-739,7998,3650,6719,4888,4367,5204,5431,4921,4759,4854,4616,4727,4700,4963,4590,4577,4571,4619
4877,4744,4756,4822,4597,4392,2923,3390,19969,16839,16144,-3380,-4305,945,19785,-28500,-5057,8285,3159,4620,5246,4275,4173,4445,5343,4656,4462,4401,4506,4567,4271,4566,4619,4711,4707,4824,4724,4678,4693,4633
4663,4532,4544,4291,4233,4445,4347,4443,7077,19623,5510,9942,-8787,-5652,18790,-27583,-433,4140,3382,5860,5111,3951,4848,4974,4241,3810,4313,4484,4494,4602,4449,4657,4708,4614,4607,4464,4484,4471,4239,4378
4159,4349,4493,4677,4852,6438,9535,11310,-1159,-710,-1789,2959,13616,32716,2490,6670,4763,5409,5204,5361,4556,5236,5520,4994,4962,5023,5248,5071,4992,5351,5508,5063,5041,5188,5269,5472,5211,5188,5155,5180
5150,5219,5082,5017,4859,4810,4810,4887,4905,4960,4663,4871,14675,-13384,7459,1342,-838,6099,29595,7773,3096,3973,3078,3836,4417,3569,3911,4460,4468,4320,4257,4426,4466,4214,4185,4472,4444,4544,4445,4516
4749,4669,4639,4668,4706,4668,4659,4613,4189,4015,4966,19077,2798,6602,-5686,1401,18825,23121,2343,3125,4172,4437,5095,4010,4568,4850,5087,4475,4459,4670,4519,4470,4542,4477,4396,4446,4338,4520,4500,4477
4470,4599,4663,4674,4608,4519,4399,4489,4292,5042,9314,19660,10231,-7887,-4739,3660,23973,26760,-465,2914,3706,3463,3667,3691,4103,4255,4555,4250,4314,3966,4250,3958,4015,4073,4186,4128,4129,4276,4414,4529
1662,1559,1643,1726,1584,1711,1773,1993,2190,2087,2053,1818,1589,1613,1906,1824,1844,1186,1591,1567,1537,1841,2191,2570,3018,2916,3184,2826,2233,1380,174,-3408,-7603,-8301,-7903,-6516,-6498,-5181,-617,12230
31006,24387,7884,10090,5564,1568,923,-831,7668,6807,-18865,-826,2914,4645,2223,1306,3010,5270,4684,4231,2101,-1100,-6089,-8229,-5927,-11295,-5928,-8177,-4993,7620,30299,29638,6043,7324,4862,5100,2744,-2085,7429,2850
-10130,-1391,1170,3063,3320,2406,2041,3077,3041,2606,2430,2272,2081,2036,2228,2439,1874,-767,-5537,-13198,-11321,-9032,-5957,-7574,-5297,8483,28310,30424,6761,6414,4701,3290,4964,-150,6397,8307,-7003,-5277,-1354,14
1937,2230,2246,2619,2876,2718,2561,2239,2124,1962,1971,2176,1759,-4419,-16769,-14253,-11055,-5527,-5045,-945,14393,25391,21909,310,4274,8649,6569,3110,1470,-1176,3688,9547,-7087,-8139,-2187,-345,2139,2720,2272,2057
2275,2513,2057,1912,1905,1909,1561,941,-3407,-12437,-12345,-10696,-7462,-4701,-2350,9661,28891,23656,4493,542,5589,4862,3277,2109,-2455,702,7741,-3447,-8636,-2937,-486,687,1981,2618,2853,2789,2306,2181,1933,1748
1494,1330,1036,-1706,-9701,-12531,-10646,-6195,-4024,-4493,3492,30902,22783,8234,-1164,2980,4975,4053,2429,-530,1657,6229,-998,-8701,-3433,-1354,1950,2943,2565,1991,2514,2220,2367,2035,2161,2247,2297,1449,-1443,-13110
-10909,-9303,-7038,-3376,5014,25552,24006,12349,2282,4897,5243,2254,-2885,-3330,4899,9486,-8929,-7384,-1006,-1224,483,1862,1649,1997,1943,1835,1865,1757,1209,692,395,518,1002,1543,1514,972,-5348,-16159,-12707,-10283
-6492,-6051,-3776,8652,26407,24437,5522,438,3965,3898,3204,60,-1070,1577,8356,-936,-6291,-3317,-1610,1826,2415,1809,2441,2525,2369,2284,2178,1939,1828,1956,1883,1874,1760,1337,-217,-4859,-9628,-12312,-10954,-8677
-8326,-4136,10125,31180,25853,6567,-776,4095,6918,5404,3230,-1371,-4233,3376,7270,-8543,-8715,-2617,315,2427,2241,1808,1724,2089,2173,2021,1724,1870,1986,2090,1842,1761,845,-2064,-10239,-12803,-10775,-8473,-6454,-4839
7767,31890,26970,6934,1517,5696,5526,4274,2081,-3903,-7006,-743,3740,-4112,-7275,-3567,-664,1644,2004,1535,1051,744,1297,1639,1486,1656,1601,1368,1358,1651,1049,-1944,-4968,-7136,-8948,-10896,-10794,-9233,-2388,13216
31381,25494,7057,4845,6394,3764,2824,-1270,-3172,4086,-3540,-10308,-4751,-1208,1097,1657,1649,1553,1434,2172,2015,1670,1599,1360,1401,1627,1835,1753,1402,814,-1881,-9779,-12847,-13584,-12130,-8488,-4289,12133,32027,24856
3095,3211,5339,3851,2649,-1007,-3424,-216,2976,-6953,-5939,-3606,-61,2132,2448,2342,1498,1878,1998,1900,1719,1240,2053,1750,1378,1639,1816,407,-5799,-11952,-11339,-7472,-10702,-7268,21088,-32708,26011,2722,4947,7343
3948,509,-3678,-1056,4144,2247,-5725,-4125,-1690,1488,1990,1315,1281,925,1085,1400,1443,1498,1653,1710,1949,1908,1513,-1212,-9449,-14735,-10432,-8758,-8600,-6432,6014,-31911,30260,4279,-2625,4273,5407,4597,1878,-4061
-3090,2040,846,-6627,-6824,-2668,99,1568,1510,1282,594,155,1309,1479,1443,1315,1298,1353,1280,1230,1142,-2062,-17840,-18376,-21581,-7390,-5690,2339,21122,27368,19580,-200,3098,5295,3857,2186,-2721,-3442,146,4736
-5891,-7012,-2000,2465,1615,1584,1931,2180,1518,1508,1510,2209,2539,2076,1682,1423,933,-3906,-13974,-13138,-10790,-8448,-8569,-1941,21089,31985,16472,869,4572,7298,5336,3001,-1747,-5495,1307,7135,-3347,-7062,-3917,-477
2914,2063,1671,916,935,1366,1241,1529,1686,1200,1153,1465,1329,1520,1159,-4955,-15993,-14062,-12464,-8605,-9575,-4166,13731,-30360,25318,1128,5076,5843,2896,-3453,-5091,3044,6691,-850,-5806,-6662,-1840,3134,3314,2788
1827,1939,2089,2655,2282,2282,2652,2714,2613,2641,2674,2470,2002,333,-7805,-11538,-12177,-14329,-11027,-3984,13538,-30303,24839,390,1471,7361,6836,4286,71,-6235,-3376,9967,1687,-8495,-2522,2437,2798,2776,2472,2673
3141,3117,2804,2410,2571,2667,2554,2902,3146,2395,-797,-9088,-12500,-14159,-10357,-10314,-8033,3126,31699,30525,13649,659,4717,2509,-1243,-3634,-746,6529,-3977,-7420,-2797,166,2405,2866,2565,2322,2641,2861,2361,2271
2175,2486,2771,2670,1567,82,-4583,-11060,-9813,-8834,-9610,-9944,-3889,13227,32081,28283,8476,1791,5255,6754,4223,-74,-6354,-5368,2828,61,-5664,-3389,-1631,1732,2033,2000,1968,2259,2288,2459,2257,2179,2537,2423
2428,2319,2623,3432,2909,-4310,-18021,-15295,-12090,-8798,-7439,2785,-32665,32579,13529,-693,5544,4774,3250,1313,-6539,-5921,989,5303,-7960,-5397,-2325,1311,2695,1674,1627,2252,2556,2162,2600,2205,1841,2050,2508,2088
1822,1739,1818,1875,1834,1874,1711,1790,1878,1850,2181,2319,1887,1905,2018,1899,967,-4932,-12159,-5610,2237,10482,5149,3110,-1414,-285,2776,4602,5245,-5455,-10616,-2741,-909,-566,3804,4840,4135,4705,4901,4137
3092,2603,2440,2448,2682,2795,3162,3345,2889,-145,-6956,-8938,-3324,32,7147,-5450,1212,187,-2592,-1052,3194,4630,-12651,-11853,-3004,-1984,685,2473,3980,3782,4488,3803,2560,2265,2199,2182,2048,1974,2203,2519
2555,2567,2484,2484,2579,2380,1750,-1416,-8201,-6950,-2168,4164,10094,1988,1577,-3114,-2406,1895,6527,803,-13487,-5387,-1130,-2441,2,2423,4421,3675,3949,4149,3772,2490,2107,2218,2148,2185,2314,2446,2714,2673
2492,2034,983,-526,-3523,-7696,-2352,2411,7529,-781,2518,-53,-2965,-685,691,3745,2867,-9102,-8482,-1668,-1889,-260,1818,3827,3444,3907,4276,3358,3110,2933,2883,2840,3099,3256,3198,2951,2147,738,-120,-3110
-5163,680,4132,7781,3530,3160,584,-3002,223,-661,2000,5055,-2454,-11739,-3990,-468,-553,836,2544,3097,3348,3291,3712,2801,2989,3066,3050,2647,2824,2771,2846,3123,2546,1027,-984,-4051,-5002,-2527,1744,5690
2735,2732,2852,2564,2716,2676,2494,2570,2427,2589,2531,2625,2665,2731,2627,1066,-6396,-9211,-5812,201,6060,6145,-1167,-174,-3363,-1289,2348,3310,-5200,-11039,-3651,-1948,-1864,1106,3133,3673,3488,3481,3493,2606
1711,1777,1695,1640,1652,1988,2290,2429,2664,2806,2755,2360,1920,933,-912,-4149,-9147,-4690,357,8373,3024,2522,-921,-3746,-817,3073,1666,-8215,-10715,-2646,-2597,-1280,1814,3577,3579,3678,3546,3360,1901,1759
5213,5096,5231,5015,5143,4918,4660,4650,4802,4713,4963,4757,4743,4426,4595,4731,4750,4902,4799,4833,5163,4647,4577,4411,4249,3940,4288,4202,3662,3335,3570,2961,1649,783,-503,-3198,-5521,-2172,1627,8898
7234,5381,3633,-880,1130,-1441,1517,-176,-6628,-5784,-1189,565,709,2516,3296,3807,4660,4884,4501,3940,3132,3146,2416,945,85,-849,-5637,-6984,-650,3103,7220,-4275,4903,-4188,-2665,-273,1403,7474,1318,-11742
-8373,-855,-1238,-64,2738,3952,4022,4076,4161,3990,3312,3101,2774,2316,2319,1317,-1170,-7950,-9179,882,5278,5128,-3390,1331,-1559,-2664,-1362,225,5569,3782,-7681,-10347,-3693,-670,261,2544,3250,3244,3567,4024
3409,2876,2680,2251,2118,2461,2348,2540,2927,3327,3785,3194,1282,-1514,-9867,-11078,53,8266,-1054,1586,-1060,-1055,99,4124,104,-10322,-5880,-540,-1377,466,2326,3838,3551,3602,3822,3344,2532,2348,2198,2326
2158,2370,2406,2577,2666,2762,2561,2762,2465,2585,2753,3772,2582,-7153,-12285,-4844,2527,9808,6435,3597,-1993,-2908,-1833,1362,5660,158,-9069,-9134,-2694,-1050,1020,2937,3030,3351,3642,2986,3048,2332,2127,2005
2054,1853,1933,1877,2117,2293,2654,3694,4121,492,-9931,-12383,-4727,3411,7110,-558,4745,-2078,-1477,-662,940,3860,1857,-6883,-8582,-5291,-1482,879,3544,3267,3133,3318,3612,3037,2528,2351,2575,2615,2771,2719
2582,2526,2419,2403,2400,3168,2762,-6271,-11401,-6587,2418,7902,1644,-4540,212,-4166,-1340,783,3832,4158,-5061,-11065,-6190,-2064,177,2388,3181,2866,3504,3648,2750,2227,2260,2357,2163,2318,2313,2281,2631,2479
2623,2762,2625,2388,2534,2454,2729,3633,4579,551,-9553,-12658,-5881,4830,7583,-7735,542,-2483,-1745,-127,477,4255,-378,-7574,-7852,-3783,-81,1570,1384,1896,1999,2337,2631,2667,2458,2240,2124,2226,2081,2048
1977,2040,2003,1915,1830,1917,1937,2552,3921,2982,-11441,-14114,-2969,5416,7662,6650,-985,348,-2179,-268,1139,5085,-2358,-9671,-6996,-3997,-534,2480,3619,3163,3121,3645,3413,2057,2101,2604,2430,2309,2476,2372
2442,2542,2447,2465,2390,2713,3290,4647,3849,-3060,-10860,-12742,-4289,5576,4170,-7186,1617,-917,-4042,-2589,668,6658,-2969,-8709,-8206,-5423,-1683,885,2741,2691,3132,3207,1973,1620,1422,1881,1793,1889,1920,2066
1945,1959,1943,1919,2142,2330,2130,2352,1810,1423,-11634,-15747,-4191,6421,3686,1813,-146,-472,-3034,-767,746,4523,3363,-10462,-10706,-4681,-1538,1420,2455,2336,3057,2949,2610,2394,1767,1838,1892,2233,2267,2231
2050,1854,1966,2014,2133,2162,2118,2236,2871,3180,-9166,-14280,-6536,5039,6885,548,-4540,-96,-2406,-961,843,3073,3864,-5989,-10408,-7891,-1844,1896,1816,3436,3755,3340,2818,2476,2538,2387,2303,2325,2459,2443
2653,2662,2684,2752,2640,2823,2860,2806,2974,2648,-8902,-12847,-2832,5709,5303,7,259,-315,-1031,369,2218,5085,-2241,-11229,-8247,-3819,-323,1759,2381,2917,3162,3365,2715,2108,1845,1823,1801,1801,2193,2447
814,832,850,767,902,836,916,1014,1056,1153,913,493,742,813,796,351,-1745,-7283,-12519,-17028,-15543,-10398,-6797,-5522,1495,9510,19654,26891,18376,7383,9663,7526,287,-1243,8934,4370,-1919,-2404,-4906,-1439
-3448,-2738,-1121,451,1534,2917,2508,2257,2303,3001,2014,781,-133,-655,-472,564,626,-3154,-11241,-18846,-20340,-7857,-3858,406,9711,18876,28128,25156,11055,10611,4581,-2971,1626,5069,-163,-3486,-3193,-983,-3964,-2895
-2853,-122,1477,139,77,650,1340,1499,1604,1099,838,-1087,-7853,-12604,-16616,-16484,-7906,-7627,-7226,837,7674,16719,24756,16914,4985,9090,4410,-1753,1609,5193,-842,-2015,-1416,-3206,-5537,-3563,-1469,-204,916,556
1356,1610,1294,879,474,354,536,821,1104,613,-1633,-6039,-10174,-15175,-17874,-12481,-5338,-2482,3803,10058,20049,25521,18122,9555,9946,6980,1963,808,7299,1485,-3183,-2491,-2312,-1244,-2417,-1579,-137,14,809,1340
1678,1730,1787,1577,1499,1518,2581,2489,2880,2744,-831,-7020,-9723,-15043,-15036,-8521,-2883,-3081,3175,9576,17691,23891,15710,5381,7033,5140,2331,3681,7477,2405,506,307,-1796,517,-2892,-1156,121,1063,649,1349
2223,2707,2678,2570,2673,2552,3233,4425,3297,2107,826,-3662,-5659,-9889,-13825,-11004,-5060,-3962,2105,7942,15518,24574,16515,10016,9645,2152,-2977,2090,6262,1626,-2999,-2119,-801,431,-1281,-870,-515,364,1165,1277
1969,2548,2132,1745,1678,1487,1480,1380,231,-4507,-8702,-11854,-15134,-14551,-10641,-7446,-1611,5975,12858,21061,26925,17489,7282,8155,5243,327,2757,7416,2846,-2254,-2374,-1185,-1297,-815,-1814,-802,-11,46,98,890
1287,1295,1267,1451,1487,1192,1118,927,-662,-7985,-9251,-11930,-14252,-11983,-10793,-9524,-3715,3802,10527,19551,29335,16172,4293,7703,9497,4913,-1858,3727,6248,-281,-5,-979,-710,-1917,-1488,-1554,-523,528,1490,1892
1972,1773,1350,1581,1495,1002,292,-228,-1313,-5350,-9546,-14459,-14859,-13517,-9348,-4347,3669,9935,15304,24311,24249,9363,8163,10700,7812,-295,4644,7411,-1100,-3014,-1614,-3148,-1956,-1349,-687,68,600,1140,1328,896
1761,2724,2573,1847,741,74,-95,421,759,-1032,-5919,-7848,-10763,-15292,-12961,-9486,-5284,497,7988,14869,26535,25824,14536,9511,9980,6169,-642,5391,5811,-1002,-1908,-1816,-1216,377,-524,-937,-886,405,1378,2216
2282,1261,855,601,739,1238,1505,1392,-189,-6203,-9208,-12331,-14320,-13886,-11946,-8356,-3378,3198,8684,15171,26917,18738,10403,9231,1919,-493,2187,10491,2376,-1786,-528,-3165,-2534,-214,-714,-119,377,468,1179,1908
2141,1751,1437,1332,1552,1404,1798,1224,1748,-389,-5962,-9499,-12950,-14193,-11410,-9197,-7040,-237,6672,13451,22152,25236,14673,9278,6620,1389,524,5157,5795,1578,1201,-1246,-5595,-2588,-606,-523,687,1106,1965,3008
3232,2740,2050,1858,1584,1529,1681,1847,1519,-2452,-9169,-10075,-14331,-14958,-12044,-6828,-4444,2779,11312,21349,27866,14735,6578,8087,4070,-627,3633,9420,4004,1889,1171,-3801,-3739,-2277,-1681,123,1270,1493,1162,940
790,984,1397,1292,777,383,659,963,-867,-6186,-8695,-11566,-14735,-11565,-7481,-5556,-654,7931,17213,29193,23980,7396,7610,8868,4848,-4049,3964,5817,-1485,-1236,-247,-1514,-1706,-2041,-1517,-595,122,981,1716,2048
2190,1634,1383,1143,1092,982,353,-870,-4039,-7492,-8211,-12594,-12349,-9381,-9002,-6078,348,6694,14769,21950,21678,10056,8332,8292,4633,4709,10166,5252,-219,-4156,-1894,-404,-1343,-569,-661,576,692,1052,960,578
869,678,1018,940,1116,957,1073,922,-250,-3230,-6947,-8965,-11509,-13678,-9541,-8689,-6022,1517,10088,18737,26888,21428,8655,6739,9163,5453,-196,6918,6561,845,-317,236,-1413,-2130,-1985,-574,307,820,1377,1775
2715,3125,2558,3089,3326,2640,3315,3317,1599,-2603,-4302,-4267,-9264,-12559,-11428,-6279,-2008,3966,11904,21178,25570,17186,8154,9919,8216,1602,2536,11022,4302,1115,-2229,-1293,-1100,-47,-648,-59,887,833,1048,1368
1687,2113,1692,1123,706,745,960,556,-2571,-7772,-8282,-11802,-14031,-13361,-10735,-7940,-1531,5719,14282,23880,26588,13479,10393,7055,2615,1088,5619,5255,-372,-2925,-1880,-4535,-544,-1135,232,1344,1681,2111,2149,1712
1425,1526,1295,1127,888,424,-1457,-5583,-7876,-9709,-13800,-12612,-9742,-7203,-3642,2364,7623,12990,20705,25716,16165,6166,692,-1440,1064,5397,1385,-813,-2339,-6573,-3466,-1160,-1367,-726,-236,184,383,578,1107,1485
925,571,790,638,54,120,402,102,-3251,-9488,-12239,-13964,-14497,-11278,-9009,-7277,-556,6844,12513,19012,24368,15870,9280,7431,496,-137,6711,5776,-934,-4970,-3769,-2938,-843,-1106,-6,207,155,1026,1157,1067
13766,6430,3781,4917,2761,3314,4143,4131,4482,1766,3630,3551,3795,3502,3242,2739,3128,3206,2753,2452,2697,2995,3479,3418,3038,3431,3974,3291,3102,6263,23664,23475,27880,-2996,3225,5555,5315,-2949,-25460,6678
11729,-9173,-20087,-8443,-19589,8203,31167,7909,-10302,-21851,-24088,-21773,27925,9566,-351,2637,1194,3153,643,3371,4518,4287,821,1335,2527,2968,1912,1489,2197,2619,2179,1993,1634,1866,3087,3363,3279,2197,3278,3259
6148,20023,12920,27880,-11693,-28048,-2240,24447,7300,-25470,-23122,30163,5647,20441,-1422,3946,3868,1965,1139,4698,4313,4088,1458,3113,1987,3381,2917,2053,3169,3239,2884,3017,3461,3631,2363,1915,2866,3734,3212,2006
1184,-2534,291,8133,11053,13933,27880,-9433,-16539,-23625,13309,20776,-10829,-30864,-12474,-25101,12488,7569,4832,2868,4955,3640,-554,1083,3348,3405,2773,2186,2119,2012,2331,2290,2056,1799,2066,1798,1742,2306,2004,2308
2407,1994,2285,2141,2067,2121,1992,2217,2334,-475,754,5758,4876,2574,2998,2097,2192,-3831,23785,8210,27880,-11602,-25687,-10764,22099,12451,8069,-21374,-22075,-16957,-1087,18196,314,1814,3125,2945,2542,2294,4401,4639
2293,2309,3843,3470,3109,3302,2635,3573,3138,3438,2375,298,-1329,22806,15984,27880,-21106,-19295,15161,24366,3115,-18874,-11745,-17262,-7140,21335,5798,2228,5387,5467,-109,2040,4099,5140,3401,266,2342,2830,2498,2412
2032,2175,2467,1799,2204,1884,2085,2369,1979,2132,1889,2518,1731,1397,12632,24204,27880,-18913,-15884,-7164,30591,4732,-17170,-23802,-29229,3105,18159,-3948,6267,3285,1933,3846,3221,2494,2844,1870,1136,972,2384,2058
2342,1704,536,1045,1717,1692,1093,211,520,1241,-1871,2492,29232,-24859,-29349,-14399,-18309,20228,19088,-15001,-30123,-30124,-17451,25995,-3968,3030,3360,4263,2744,1717,4146,3115,4743,3478,1347,2848,2361,3031,2327,2843
3243,2473,2067,1905,2753,1584,1927,541,-429,7817,24608,-26995,-26631,-13240,-11648,-27879,10715,-18191,-24092,-26327,-23958,30343,2983,-321,3269,4476,3194,1066,2810,3898,3156,3585,1570,-14,1450,2537,2465,2289,2147,1945
1830,2543,2579,2135,2114,2124,2126,1504,2020,1714,4122,5774,22150,18000,27880,-16411,-19205,11854,18585,-1675,-18128,-21639,-32221,20784,7963,2643,2473,3845,3074,3195,2671,3026,4276,4179,2548,1420,2577,2600,2994,2643
2006,3020,2885,1498,1813,2090,2269,2027,1675,-5105,-4759,-26882,8923,27880,-18230,-21656,-565,-31031,-496,-22595,-12296,-7860,-30052,8125,7597,1783,2473,5105,3032,4966,3789,2831,3755,3745,3190,1835,2249,3494,3078,2738
3257,2673,3195,2664,2803,2597,2470,2565,2546,5586,15352,12743,30163,-17744,-17953,25747,7584,-4511,-21292,-8022,28676,435,13374,1898,1739,4620,3787,3030,3214,3368,2980,3011,3476,3272,3646,2525,2662,2235,2781,2964
2441,2629,2543,2283,1948,3686,3832,3133,11404,17937,27880,-17684,-22822,-2585,20742,-3249,-21792,-14044,-16198,-24453,15195,2791,1226,3978,4244,3372,4396,4386,4141,3878,4340,4092,2671,2272,3603,2917,3224,2721,3037,3318
2795,2485,2957,2729,2911,2747,2925,2673,2719,2704,3620,3626,3168,6891,6552,32357,-16743,-24852,-9912,27296,5430,-29266,-30926,29345,-19860,15682,-1774,3655,3542,3121,4039,2792,2767,3940,3090,2660,2633,2459,2768,3241
3467,1631,2583,2261,2982,2847,2586,3071,5306,11576,-4277,-27454,-19917,-17955,24219,-5873,2945,-16033,-16964,27880,11010,6348,5350,3116,4997,2139,3153,3057,3125,3709,2124,2532,3386,1264,2877,2502,1807,2070,2311,2293
2370,1645,1317,2636,2526,1889,1556,1532,1440,4902,13526,14298,27880,-31636,-20290,22987,-3493,-921,-14760,-3589,-31782,-13529,10618,2496,735,6527,4137,2854,4059,3287,4112,4342,3645,3491,3407,3272,3715,3514,3132,3964
3156,3700,3311,3358,3427,3523,3485,2831,2927,3600,5051,17214,-2909,27880,-26438,-20976,22182,3929,-2466,-17241,-28716,32072,16803,-260,3014,5061,5351,3029,4541,3158,3057,3075,3739,3267,2512,3664,2909,2849,3022,2406
3387,3377,2858,2786,2808,2947,2439,2858,2380,3481,10535,22917,32095,-14809,-14785,-13212,26080,3184,-28422,-23940,-10167,-28906,14617,1001,3943,4472,4640,3939,3723,2603,3289,2416,3312,2066,2360,2271,2406,2866,3430,2670
3044,3116,2962,2245,1761,1887,1773,1847,4137,16763,20937,27880,-17157,-27622,-17532,-25060,-2649,-20154,-12906,-15020,-31076,17376,2764,717,2276,5345,2577,2791,1593,3189,3194,3466,2939,2416,2411,2222,2721,2527,2856,2751
2546,1626,2739,2520,2823,2041,2601,2015,2321,1921,591,3983,27450,3170,27880,-21692,-25626,22214,4340,-3165,-18058,-4189,-21834,-22947,18925,-13,3721,4567,3550,2656,4701,3912,4166,2701,3885,3757,3472,3353,3514,3169
