-2555,7799,4321,15100,9209,-10767,7710,6327,13681,9763,-10308,8864,10034,13360,10273,-7238,7473,9582,16746,9655,1438,4441,8401,16124,10752,3681,-244,10320,17933,15200,8512,243,9364,16164,15024,10724,-3506,8550,16029,14828
6479,1565,9763,18628,14401,7376,3973,10256,17070,14529,8497,1248,9275,14900,12300,9010,606,9311,13490,13891,11711,-3076,7082,11273,15485,4212,1726,9200,15552,11968,8650,1758,9193,13663,12035,10336,-999,6839,10636,15825
10502,1555,11501,14941,11546,4400,3373,9895,16023,10873,3130,3690,9618,16201,11155,2415,2998,11117,14052,9934,-3173,6801,9457,14562,8889,-3138,7827,18422,10558,5404,1631,7253,8926,13670,9422,-2509,5345,14857,14279,4961
1391,9392,14930,10330,7252,-442,6096,10870,12192,8412,-232,6355,12611,12084,9290,439,7436,12518,13599,10605,1635,8042,12648,12374,8365,815,5002,10697,13570,12437,1207,7612,8366,13194,7089,9036,6533,5898,9941,8746
2828,7520,8084,13733,6685,6902,6567,6051,9428,8025,8573,4565,6694,6748,13613,8056,3788,7162,9674,16262,8532,6980,7298,8652,13680,8661,8918,6670,8840,10297,9888,10539,4374,9392,8942,12498,11316,1985,9330,12893
9838,9813,9787,9780,10461,8213,8744,5145,20724,2794,3269,10012,8895,4453,9091,10223,13704,2731,10700,3713,-2023,6343,6732,6295,6132,9417,10292,10581,2677,8129,7060,10851,12212,15641,5269,5783,8026,6484,13047,4588
4302,8085,7660,5342,6795,4746,7589,5791,9125,5729,3718,8923,8554,12865,5021,6810,5376,5146,12945,8568,3211,6519,7242,14818,8010,2796,7969,7066,12728,5228,5996,8356,7238,8301,8834,5199,6827,7733,6457,5978
9931,11597,7487,8678,10765,11395,9999,6719,7535,12569,11781,13207,7261,6825,6958,9038,12248,10316,7320,7921,7301,10469,8068,8883,7940,8916,5584,10310,10380,8918,7366,7012,7915,11276,8966,10746,6653,7003,6540,9673
6107,13296,15245,15034,10658,4320,8419,10583,15826,12308,8742,9185,5822,7054,11593,9801,8151,6406,7736,13834,10942,10645,8300,8519,9947,11631,9504,10283,8311,8658,6848,13788,11913,12230,8815,5846,10043,14165,8534,10172
9716,9727,9728,9677,9676,9762,10000,10369,10384,10345,10164,9993,9860,9582,9387,9155,9228,9078,9084,9361,9403,9229,9475,9364,9180,9658,8407,8036,9528,11207,3507,11446,9971,13034,7011,7505,11554,10074,9762,10957
6277,9485,9435,11033,5741,9209,10709,6150,9850,8917,1244,8540,10709,9781,8724,6521,11640,6720,8336,8019,6524,9685,9193,10071,8099,8052,8188,10506,8183,9554,9551,6739,10802,10594,8783,9868,5445,11824,9929,6994
9518,9635,9720,9520,9469,9540,9481,9440,9490,9514,9598,9558,9633,9609,9404,10031,14052,16238,15868,14352,7433,8378,7890,7264,8828,10332,10485,10518,10994,10595,10309,9952,9763,9616,9477,9374,9421,9465,9454,9443
10125,9750,9566,9476,9487,10025,10577,10730,9973,9891,9897,11373,25428,18980,12805,13018,11426,8595,8900,9836,10490,10548,10794,10953,10887,9976,10718,8579,14198,25349,20707,16104,13855,8772,9010,9671,9770,9299,9203,9574
10371,10043,8869,10103,13407,8839,18219,18216,15940,10845,9743,10067,10004,9446,9216,9234,9708,10140,9773,10296,10314,11826,6827,19171,30086,22760,16812,11718,10340,9431,9332,9583,9836,9627,9877,10201,10120,10096,9305,9647
9059,10344,9995,9344,9463,9485,8929,8973,9311,9046,9412,10146,9196,14134,18065,17360,15234,7733,10861,-4153,14197,25471,27609,19737,-7879,20855,26303,16324,8415,3852,20293,20772,14528,8848,-743,14341,27072,19432,16648,-1482
11119,17936,16032,13437,4611,4200,18910,13437,9794,-4170,12120,20671,15540,10466,559,6597,23107,18614,14244,7335,3555,19475,21972,16675,12448,-3483,15301,29667,21280,14182,-2015,7377,21803,19794,14694,-5475,11231,20070,19382,14062
-3256,9295,24727,22741,18383,11178,-5352,19144,21975,24503,11295,6669,9963,17799,15543,13272,-2875,11583,22886,22452,18796,7287,6891,21480,22427,20480,582,10626,23628,18859,19038,5821,5214,22055,25712,20213,14417,-2330,16535,23360
19767,11653,4100,20225,20211,17584,4951,4531,18534,20281,18986,15292,-5024,14237,21868,21203,20405,6580,3062,20760,21614,16553,2535,4258,21102,23579,18762,16760,15346,-3551,18576,16389,12731,-4260,14737,25668,19302,11595,2734,9009
22862,25238,15784,245,12667,25851,16979,12030,-3960,16031,20185,15834,10333,-2322,13363,21842,15831,12810,-2785,14730,24382,15004,8388,-861,9594,19074,14273,15907,-5282,19352,25438,13150,6139,1997,9585,19148,14731,10429,-3685,13074
26097,21104,12259,2895,5792,22863,20235,9759,-4601,22276,17385,10666,-379,6633,20086,19179,15049,8005,-1509,17166,22104,15051,9046,-2029,14286,22033,14822,8808,-430,10128,15956,20421,10551,5394,18922,18108,12972,9306,3484,9109
19473,22552,12423,10324,57,14166,22760,13086,8477,937,11587,22850,15216,11641,-2457,13345,21199,18721,15556,3693,21909,26457,17708,14083,-609,16855,19908,12713,10734,3916,9939,14624,12121,8103,8547,8095,9187,10080,9980,9745
9694,9653,9676,9546,9589,9549,9648,9763,9894,9817,9728,9460,9339,9442,9617,9698,9678,9388,9465,10556,13736,20980,-28654,-26311,-26311,-30736,20950,8505,-6550,-9862,-10377,-10159,-10001,-9719,-9430,-9830,-10134,-10186,-10083,-9996
9579,9575,9611,9613,9625,9604,9575,9552,9581,9514,9591,9515,9471,9436,9187,14784,27029,-26311,-26311,-26311,27524,15297,-76,-6126,-6505,-5530,-3120,-539,2677,6154,9271,16588,14668,15178,16971,17074,13247,11336,10156,9670
-26448,-29522,30394,24225,11627,-4735,-7909,-6539,-4788,-897,1969,6333,10517,17695,18912,18187,19203,20178,14706,11850,10472,9266,9375,9636,9842,9878,9793,9497,9394,9364,9346,9403,9493,9551,9576,9598,9624,9649,9558,9580
9583,9515,9451,9363,9255,9649,9859,10061,10138,9884,9527,9694,9900,9672,9411,9392,9482,9329,9016,13453,24380,-27726,-29007,32615,24064,15387,3262,-6555,-9330,-9254,-8013,-5793,-3051,652,4188,7635,16391,18242,16753,15502
9595,9574,9588,9451,9581,9493,9293,9867,9725,14082,28421,-26311,-27558,30386,17245,7110,-3732,-9187,-10617,-10923,-9709,-8110,-5838,-3250,-286,3008,7146,11563,15494,16982,15111,15869,15024,12349,10630,9797,9879,9856,9720,9819
9785,9551,10587,14188,26217,-26311,-28752,32038,22798,13575,3912,-4413,-8058,-9255,-10305,-8838,-6877,-4092,964,6187,14273,17203,19421,18741,17816,13672,11524,10160,9357,9386,9697,9913,9901,9738,9367,9144,9119,9296,9525,9609
9526,9501,9464,9211,11208,13371,21425,-31426,29166,22143,16470,5204,-6921,-5329,-2535,1066,6075,9827,15938,26211,16649,23393,21491,13614,12155,10460,9082,9257,9713,9746,9750,9727,9440,9340,9405,9493,9554,9570,9593,9592
9508,9488,9497,9453,9503,9527,9611,9619,9627,9585,9551,9568,9583,9400,9283,11361,12680,28729,-28994,-31084,27116,18636,11196,-656,-7179,-6653,-3778,-175,2692,6585,10633,18088,21495,19722,17077,14040,11736,10682,9848,9387
9569,9637,9561,9551,9549,9567,9605,9544,9653,9666,9635,9621,9551,9514,9573,11334,15984,27697,-26311,-27706,29738,19665,10897,511,-3890,-4481,-2790,577,4253,9066,14615,21528,21635,22717,17298,12083,10687,10474,10036,9583
9979,9890,9824,9815,9657,9515,9381,9388,9446,9422,9215,9222,9251,9343,9399,9185,9155,9040,12373,19898,32497,-26311,-26311,-31043,23676,11961,-1909,-6761,-5234,-1993,1825,5863,10752,12241,17671,14499,18865,17950,13530,10878
9587,9598,9609,9587,9545,9576,9622,9664,9658,9630,9604,9599,9428,9515,8741,11340,20567,-31507,-26311,-29428,27444,17296,6442,-1935,-6276,-6588,-4226,-1187,1867,4920,10296,13022,17395,16980,16786,15732,13395,11451,10613,10230
9433,11840,20636,-26311,-27136,-29632,26909,15564,3673,-5165,-4709,-1753,1430,5062,8331,14372,15120,17584,16219,16740,14354,11822,10426,9580,9390,9661,9731,9712,9782,9556,9344,9265,9252,9362,9564,9640,9611,9684,9725,9719
9558,9543,9542,9538,9562,9543,9546,9560,9587,9582,9587,9598,9560,9557,9573,9498,9373,9191,9283,13972,25274,-26311,-27669,-31722,22488,13536,6781,-1395,-3797,-1744,1884,6582,9463,20063,13766,19038,17083,15303,12357,10590
9051,8540,8799,9519,10545,8914,8962,9739,9302,9270,9707,9730,9702,9739,9715,9706,9792,9787,9921,9752,9724,10411,13675,24432,-26311,-26311,-29403,26205,14761,486,-6277,-6338,-2443,3860,12862,18125,19922,17484,16485,18441
14415,30427,-26311,-26311,-29377,22548,11683,-4770,-7663,-4746,-1121,2764,7326,13176,16892,23719,17859,21399,18156,13040,10799,9888,9613,9634,9694,9642,9696,9516,9540,9457,9521,9545,9646,9625,9683,9572,9609,9623,9674,9665
9625,9599,9601,9618,9594,9629,9642,9574,9607,9550,9738,9303,13176,20578,-32592,-27839,-31226,25968,17015,10010,-622,-4040,-1385,3725,9209,13898,25033,16071,19117,19001,14791,11696,10028,9621,9815,9655,9764,9819,9576,9434
9514,11077,18122,32124,-27366,-26463,-28935,25360,7392,-5932,-1818,2940,6391,12919,22141,26558,20903,23236,16106,11835,10477,9715,9411,9404,9416,9779,9730,9397,9112,9336,9643,9591,9582,9600,9563,9588,9661,9692,9682,9616
9433,9458,9360,9324,8467,11810,21572,-31601,-30240,31567,24036,17417,5935,-4710,-2318,2755,7687,11349,16360,22384,15723,19717,18974,13406,11524,9664,8957,9345,9611,9611,9694,9598,9408,9338,9495,9619,9730,9704,9657,9611
31755,-27663,-30391,27005,17575,10845,1092,1490,5600,9615,12446,25203,16953,20410,18836,14939,11863,10022,9497,9637,9583,9679,9538,9269,9255,9384,9546,9621,9679,9718,9809,9702,9530,9461,9469,9557,9592,9539,9498,9484
9588,9556,9530,9552,9536,9519,9516,9579,9562,9562,9649,9694,13603,27411,-26311,-27232,-30890,27322,18419,3282,762,4073,7626,12812,25113,18072,22899,20877,15342,11504,10006,9824,9897,9854,9883,10017,9781,9381,9192,9224
9713,9654,9625,9609,9622,9615,9612,9568,9556,9471,9396,9338,12004,21843,-27873,-28903,32574,23625,16281,5572,-2852,1929,8072,14038,20943,-32261,20028,25234,20982,13615,11244,9607,9700,10023,9630,9411,9742,9546,9364,9369
-27711,-32228,24897,17806,5623,235,3727,7303,12277,19092,20612,15425,18090,15555,12437,10512,9222,9075,9306,9788,9957,10028,9660,9380,9352,9419,9475,9498,9527,9472,9471,9524,9563,9603,9625,9619,9609,9578,9582,9581
9564,9582,9578,9509,9479,9479,9527,9561,9556,9526,9490,9513,9534,9572,9605,9593,9536,9587,9586,9635,9610,9640,9570,9272,9384,12378,18101,29084,-26311,-29979,27917,20348,13539,6652,3077,6418,10664,17496,25075,21467
9467,9453,9400,15963,23309,-30471,-29167,32598,24332,16122,6846,-132,3888,6914,12831,16546,20960,20373,23163,18535,14484,11884,10127,9245,9336,9548,9682,9673,9502,9278,9224,9306,9409,9509,9595,9611,9598,9612,9624,9637
9543,9493,9518,9589,9666,9673,9697,9589,9532,9592,9856,9804,9777,9907,9756,9686,9512,9546,11366,11455,14433,20096,22268,21675,17755,12899,6198,2100,132,978,2548,5474,8798,13277,17687,25638,26812,16247,11717,11401
9732,9689,9627,9652,10183,9764,10989,14301,17232,16498,14064,10844,16047,1273,5385,3714,4654,6819,11524,14511,15883,13716,15514,15840,13153,10670,9501,9595,9678,9654,10028,10293,10217,10022,9834,9683,9513,9545,9504,9519
9527,9595,9629,9625,9690,9691,9734,9720,9667,9690,9645,9677,9627,9633,9661,9646,9670,9647,9617,9625,9647,9642,9661,9606,9611,9613,9652,9647,10430,9829,10104,13309,17061,18787,15444,12769,14966,5768,3792,3447
5778,9545,14838,17803,17556,18699,18272,14126,11604,10234,9715,9327,9662,10120,10303,10262,10081,9736,9390,9327,9381,9532,9739,10187,10230,9658,11145,14816,17846,17426,14001,9299,6262,4177,3487,2726,4212,7043,10825,13072
16353,20837,19536,14012,11623,11109,10157,9085,9168,9657,9890,9877,9856,9783,9635,9617,9633,9610,9603,9653,9601,10350,10748,11469,13632,16821,17390,14781,11227,8491,5461,2625,2418,3487,5585,8283,14526,17440,18857,22826
9701,9701,9655,9676,9671,9629,9631,9630,9594,9609,9625,9615,10502,10973,11905,16638,19940,18833,15787,11560,7179,4361,2202,3157,4605,8190,12642,17220,18978,19801,18456,13913,11340,10443,9877,9510,9373,9665,9852,9684
9649,9684,9648,9679,9673,9657,9657,9630,9677,9619,9525,9798,10874,13291,17421,20262,20602,18407,13540,10049,3770,3968,4872,6995,11038,15459,15674,15796,17026,15160,12026,10566,9974,9543,9361,9591,9871,10022,9900,9710
9682,9698,9680,9647,9628,9652,9661,9655,9645,9519,9554,9673,9798,11493,11243,13298,19309,23671,21973,14805,14109,4589,4970,3490,4884,7823,12235,15612,16402,17343,16540,13943,11769,10461,9476,9111,9537,9751,9973,10141
9637,9661,9671,9651,9646,9696,9664,9633,9578,9520,9543,9579,9662,9676,9767,9170,10480,11353,14460,16723,17900,17708,15163,11172,8969,3925,4598,7062,10547,12400,15230,15294,18394,17834,13165,11186,10631,9844,9005,9072
9623,9631,9625,9622,9647,9635,9655,9647,9651,9648,9624,9570,9672,9682,9660,10277,10328,10691,13976,17604,15928,11783,8434,3791,3807,4605,5058,7666,11458,15134,15932,15222,15201,13633,11591,10317,9915,9604,9589,9818
9646,9583,9637,9604,9629,9574,9742,9698,9698,9652,9562,9560,10025,10603,10599,11518,15095,18452,17299,13408,17247,2355,5798,4452,4608,7143,9949,13737,16822,17905,16591,13293,11530,10568,9427,8995,9182,9686,9916,9897
9570,9579,9575,9569,9546,9570,9612,9665,9623,9639,9599,9607,9621,9619,9611,9586,9605,9546,9679,10164,10593,11052,14692,17641,16320,13339,9348,5533,4030,4410,4380,7548,11060,14962,15108,15371,14397,12757,11234,10017
9597,9601,9612,9562,9569,9567,9615,9600,9574,9563,9561,9563,9564,9470,9142,9838,10603,11160,13688,16106,17102,15263,11416,9065,3098,5197,5446,7941,11965,15107,16723,17940,16935,13300,10893,10176,9885,9552,9780,9913
9703,9682,9637,9647,9549,9600,9477,9411,9581,9496,8966,13563,20610,23318,19928,14471,7040,7866,8553,11502,17301,22353,22008,19199,14670,10769,9692,9068,8980,9550,9765,9873,9920,9923,9795,9798,9765,9695,9629,9555
9599,9598,9560,9586,9606,9605,9736,9732,9767,9688,9570,9455,9467,9781,10435,11093,11784,17860,26319,27105,23423,25078,11609,10363,12184,17578,19774,21614,20808,15616,10761,9682,10242,9392,9356,9612,10032,9862,9777,9818
9686,9657,9578,9527,9618,9682,9629,9660,9629,9624,9587,9610,9459,9579,10171,11133,16960,24502,27128,21485,23354,9611,8298,9249,13515,16298,18120,18464,16274,13390,11285,9932,9372,8991,9516,9812,9982,10010,9908,9765
9540,10157,10465,11015,17927,24115,24104,19252,16074,8690,9191,11162,14914,17829,17141,16840,14542,11982,10383,9267,8821,9138,9789,10061,10032,9980,9856,9786,9707,9696,9695,9622,9575,9583,9613,9599,9607,9667,9665,9718
9653,9634,9636,9613,9648,9647,9659,9661,9654,9657,9660,9660,9665,9651,9629,9648,9686,9587,9635,9622,9700,9977,10297,9056,12193,20399,23502,19626,13594,8446,9599,9959,13982,18569,18863,18608,15271,11877,10530,9799
13980,22269,23549,23035,10862,10492,9439,11502,12716,18301,17811,17897,14777,11762,10630,9791,9283,9367,9783,10041,10081,9902,9730,9774,9817,9755,9639,9613,9630,9625,9597,9595,9605,9630,9622,9611,9645,9641,9630,9639
9611,9653,9627,9666,9630,9654,9607,9640,9639,9643,9677,9651,9672,9651,9660,9640,9655,9670,9692,9702,9606,9630,9610,9356,9080,13515,19446,26369,27190,21021,14510,9498,9812,11378,17385,19876,19195,21260,17448,11338
10825,10761,17238,25764,24211,18519,10694,8518,10332,11583,15767,17993,19355,15716,11984,10702,9910,8936,8924,9829,10281,10339,10407,9982,9678,9549,9410,9582,9646,9652,9629,9567,9546,9537,9570,9595,9655,9622,9621,9601
9633,9514,9676,9662,9603,9315,9361,9494,9564,9919,10025,9877,9668,9557,9685,9742,9774,10629,16502,-31994,-27405,32671,-31642,27638,21072,14195,10596,14891,22057,-31091,-26311,-30154,23321,28649,31945,25432,18294,13029,11237,10134
9585,9587,9624,9657,9738,9828,9733,9916,12008,18318,-31098,-26311,-26311,-26973,29660,16642,10042,16861,21975,26823,32411,-26311,-26311,24876,20649,14095,13423,10953,11162,12603,13679,13291,12712,11599,10873,10394,10187,10083,10001,9697
9704,10230,12916,20553,28250,28696,-29890,-27791,-29432,27240,16163,27296,30637,-29572,-26311,-28092,28226,21508,17152,14343,14118,14128,14215,13134,11304,10211,9866,9895,9911,10122,10188,9928,9649,9390,9199,9138,9228,9403,9597,9696
17794,-26311,-26311,-26311,-26311,-30661,17012,32722,-26311,-26311,-26311,26685,21756,17891,15788,16543,13414,13645,11783,11787,11300,10602,10497,10465,10166,10007,9898,9666,9254,9097,9046,9072,9311,9388,9637,9998,9964,9811,9616,9704
-26311,-26311,-26311,-26311,23044,12024,20380,-29755,-26311,-26311,-32560,24444,19789,17037,17389,15901,13864,13467,12630,11669,10773,10374,10211,10111,9979,9770,9636,9549,9441,9338,9318,9343,9533,9715,9745,9700,9722,9747,9788,9765
13874,27331,-26311,-26311,-26311,32155,20116,13297,11010,14209,19005,-31313,-26311,-27160,18743,17542,19336,15948,12440,8708,10852,16499,15935,14791,13814,12789,11310,9567,9297,9460,10265,11037,10637,10384,10263,9901,9285,8859,8678,8967
9264,9235,9405,9611,9600,10364,15704,32158,-26311,-26311,-26311,-26311,30849,18079,16876,19226,26831,26574,30901,-26311,32148,21308,16211,13066,10387,9035,6410,5339,5425,4814,5015,4722,4267,3620,2934,3845,6130,9378,12388,13334
10183,15087,-27430,-26311,-26311,-26311,-26311,31136,15994,23099,27424,-26311,-26311,-29431,15454,13474,9272,9234,8353,6701,5140,4253,3388,3068,3137,2875,3003,4551,7660,9428,10254,11079,11547,11959,12233,12826,12439,11638,10484,9965
9636,9598,9485,9451,9692,9821,9818,9659,9579,9382,9317,9447,9655,9762,9832,9798,9709,9718,9707,9526,9682,10001,11012,21736,-26311,-26311,-26311,-26311,-26311,17814,17156,21133,31292,-26311,-26311,19048,12634,7174,7829,6774
5072,3473,2932,2268,1708,2007,2398,2832,3760,5740,8196,11112,13576,14431,14931,14498,13595,12000,11050,10146,9682,9506,9562,9712,9860,9757,9567,9408,9362,9379,9458,9526,9563,9580,9574,9564,9595,9628,9653,9655
9525,9579,9870,9840,10354,14298,29994,-26311,-26311,-26311,-26311,30609,14595,14958,20757,-31699,-26311,-27778,12982,13187,9027,8540,6849,4639,3435,2737,2086,1651,1508,2132,4763,12121,17896,18490,18449,15789,14561,12248,10502,9969
-26311,-26311,-26834,26150,13906,14427,20210,-31356,-26311,-26311,24733,16016,10972,7594,5713,3849,3252,2738,3264,3566,5066,6957,9971,12941,14591,14812,15157,14614,13144,11580,10431,9731,9507,9470,9668,9853,9805,9574,9300,9187
-26311,-26311,-26311,-26311,28024,15749,22559,25826,-29974,-26311,-26755,13482,10754,5042,6491,3854,3886,3709,2831,4187,9806,16020,15841,15626,14300,13366,11854,10611,9998,9870,9957,9925,9992,9889,9730,9483,9394,9463,9502,9439
9519,9594,9658,9569,9600,9781,9878,9871,11142,19243,-29415,-26311,-26311,-26311,-26311,29415,17685,21933,26715,29837,-32605,-26311,16027,7767,3730,5103,4693,4000,2597,2055,1921,4740,11942,16243,17893,18095,16862,13828,11906,10767
-26311,-26311,-29067,22811,17693,25258,30147,-30475,31135,22821,18732,16863,13157,9855,6671,3865,2521,2416,1985,1994,2519,1856,3082,4874,8390,14178,16197,16412,16533,13105,11938,11230,10618,10110,9854,9791,9819,9998,10026,9889
9494,9519,9525,9533,9537,9561,9534,10601,17525,31690,-31760,-29516,-26311,-31820,21068,12988,16537,21079,32747,-29635,16079,6964,3436,3592,2625,1456,1182,1156,746,883,1668,1703,1495,1442,2279,4280,5634,8146,8646,10305
9488,9472,9423,9369,10630,15084,29628,-26661,-26311,-26311,-26311,24817,15078,17768,18386,22238,24571,31662,12112,6275,3507,3035,1996,1010,763,1057,1309,1723,2552,4029,4703,4097,5759,10230,13136,14839,14510,14492,12908,11426
9611,9558,9652,12832,27344,-26311,-26311,-26311,-26311,24692,12955,15910,23823,29703,-30114,-32167,15464,12308,7068,6402,4347,2415,1714,1623,1996,2412,3119,3925,5704,7503,11870,13532,15306,14561,14040,14312,13198,11492,10521,9920
9589,9569,9560,10706,20157,-30035,-26311,-27797,-26311,-31821,16522,12702,20727,26247,31711,-30141,29082,13940,10751,7833,6402,3927,2254,1571,1486,2360,3833,4055,3410,3809,9078,16397,17647,16667,15781,14654,12709,11317,10478,9900
9526,9516,9540,9532,9538,9556,9563,9560,9558,9572,9568,9582,9568,9597,9563,9566,9624,10178,13122,20184,30372,-30366,-32242,32109,26352,15321,9461,9690,16085,23563,-31587,-26311,20952,10554,6689,6113,5166,3557,2404,1980
9574,9572,9567,9616,10080,12490,19164,30797,30965,32740,-26311,-31611,16044,10669,13960,19693,23350,-26315,-27062,24250,20454,18183,11070,9028,6089,4957,3620,4378,5080,6521,6517,7100,7931,10836,11812,13424,15296,15841,14307,12334
9636,9655,9677,9640,9611,9654,9685,9701,9682,9588,9764,9549,9526,9381,9248,10266,12338,16066,22011,26908,26847,23937,20015,13595,6866,1137,-4929,-7645,-9563,-9902,-8851,-7501,-5722,-4673,-3336,-1337,763,2537,5171,8335
9507,9531,9642,9666,9659,9581,9661,9606,9686,9595,9665,9682,9690,10287,11572,15042,18978,23908,24824,23976,19376,12267,5866,237,-4007,-7597,-9295,-8740,-8052,-6398,-5066,-3201,-1403,1023,3064,5305,7120,7937,10382,11677
11820,11409,11271,9639,10128,10014,9599,9835,9731,9516,9448,9510,9563,9615,9627,9661,9672,9683,9707,9704,9719,9713,9769,9980,9761,9749,9348,9625,9417,9333,9961,10784,12454,14616,17105,19230,19128,18083,15540,12731
9709,9662,9672,9636,9731,9689,9645,9583,9715,9645,9665,9662,9761,9552,9524,9862,10011,12160,14378,17492,20544,20883,19281,15787,11944,7157,1405,-2938,-7064,-9047,-9576,-8404,-7406,-5776,-4801,-3651,-2274,-304,435,3270
9700,10067,12498,14851,18853,20582,20545,18618,15611,12451,8008,2353,-3001,-7262,-10116,-10311,-9439,-7183,-5066,-3377,-1801,1240,2521,6611,8471,11656,13831,13698,13879,12813,11754,11200,9896,10143,10266,9613,9543,9556,9295,9381
9591,9658,9751,9714,9726,9666,9720,9658,9657,9710,9685,9641,9633,9640,9676,9662,9633,9655,9769,9507,10169,11627,13702,18592,21062,22515,19816,16394,10866,5743,381,-3427,-6467,-9072,-10998,-10358,-9497,-8094,-7264,-5938
9667,9935,9664,9350,9672,10193,9967,9609,9198,9209,9475,9791,9791,9600,9567,9698,9686,9677,9585,9695,9690,9713,9689,9660,9598,9654,9777,9715,9568,9222,11334,13048,18875,24115,27801,26373,23417,16384,8037,1849
9554,9690,9684,9765,9786,9646,9621,9631,9561,9657,9617,9713,9720,9680,9642,9674,9782,9909,10201,9555,9500,11461,14030,18307,24231,26406,25032,22143,15698,8579,2391,-2382,-7741,-9974,-11091,-10572,-9627,-9440,-9739,-9945
9720,9740,9694,9674,9647,9627,9624,9604,9660,9655,9654,9703,9736,9721,9767,9719,10137,10158,10733,13002,14568,18199,19838,21095,19372,16104,11463,5063,-1358,-4669,-7660,-9260,-9765,-9639,-8511,-7505,-6260,-5567,-4203,-3651
9513,9619,9645,9588,9381,9566,9397,9549,9337,9506,9503,9494,9332,9470,10514,13096,17226,25549,29793,28519,25577,19280,11610,4425,-359,-6493,-8809,-10939,-10662,-9877,-9100,-9628,-9770,-10025,-10194,-10044,-9659,-8898,-7856,-6724
9696,9655,9678,9664,9603,9588,9630,9636,9872,10149,10848,9578,8699,9763,12710,14911,20310,25679,26831,24320,19419,11992,5434,531,-4502,-8520,-11122,-10981,-10153,-9521,-9639,-9806,-9961,-9834,-9732,-9404,-9301,-8902,-8366,-7398
9634,9648,9623,9651,9662,9643,9668,9682,9627,9677,9781,9934,9980,9745,9253,9367,10986,12314,15434,20501,23666,23768,20909,17493,11932,4678,-829,-4723,-8239,-10488,-11069,-10433,-9677,-9581,-9637,-9501,-9228,-8318,-6969,-5436
9682,9639,9587,9642,9631,9607,9689,9639,9719,9751,9909,9753,9781,9583,9084,10796,12648,17800,23896,27576,24949,20436,14501,8204,5669,-2279,-7842,-10104,-9244,-8639,-9006,-10065,-11055,-11195,-9635,-7721,-5412,-3110,384,1037
9664,9653,9664,9652,9651,9622,9671,9689,9724,9794,9841,9983,9508,8977,9059,11098,14094,17700,21710,24106,22379,19081,12392,6351,51,-424,-5969,-9798,-9497,-8013,-7395,-6909,-6836,-5944,-4981,-3284,-1792,533,1946,4905
9447,9386,10024,12139,14919,18604,23210,23579,20828,15605,9849,3308,-870,-4696,-9305,-11139,-10483,-9770,-9391,-9336,-9235,-8823,-8388,-7631,-6155,-4282,-2851,-1407,638,2011,3872,5555,7105,8476,9391,10278,11130,9769,9706,9631
9668,9666,9689,9709,9690,9697,9662,9720,9691,9703,9724,9691,9704,9599,9464,9427,12407,14014,18775,22983,24845,22158,17556,10693,5294,-503,-4408,-7735,-9847,-10703,-10092,-9493,-8968,-8572,-7524,-6223,-5474,-4520,-2905,-1358
9542,9586,9560,9567,9623,9628,9667,9689,9713,9719,9686,9706,9750,9704,9662,9662,9689,9685,9661,9508,9443,9287,9372,10852,13202,17639,22706,25163,23637,18854,13856,8908,3934,-1762,-7283,-10253,-11080,-10465,-9794,-9588
9730,9751,9569,9646,9554,9674,9616,9645,9678,9672,9654,9651,9677,9668,9633,9668,9654,9725,9636,9677,9714,9762,9767,9759,10034,9287,11330,13943,17553,20112,21728,21539,18338,12157,6248,2379,-1435,-7583,-11577,-12060
10857,13718,17055,20354,20909,19201,15005,12117,6714,1962,-2686,-6318,-9497,-10973,-11050,-10443,-10014,-9810,-9727,-9896,-9872,-9903,-9867,-9749,-9606,-9521,-9495,-9301,-8836,-8467,-7534,-6749,-4836,-3709,-1399,49,2906,5264,6657,9257
9354,9042,10449,12269,14876,18606,20894,22128,20386,15811,10542,4695,839,-3333,-7806,-10657,-11180,-10787,-10199,-9800,-9702,-9983,-9973,-9883,-9830,-9707,-9655,-9431,-9143,-8459,-7061,-5890,-4267,-2572,-654,1440,3632,6063,7823,9501
9598,9732,9817,9670,9700,9777,9640,9551,9485,9532,9562,9643,9697,9695,9665,9631,9582,9637,9591,9358,10727,11135,14235,18455,21714,22545,20002,16084,10927,5170,509,-3278,-8091,-11298,-11444,-10292,-9673,-9585,-9832,-9962
9588,9627,9434,9170,9932,10340,12507,16394,20154,22342,20554,16761,6870,3271,-2085,-6776,-9033,-10433,-10496,-10248,-9917,-9809,-9878,-10052,-10137,-9767,-9756,-9779,-9803,-9795,-9314,-8835,-8299,-7505,-6788,-5752,-4541,-2816,-1235,1029
9657,9657,9655,9700,9654,9652,9690,9670,9662,9792,9721,9903,9473,10729,11569,14535,17884,21259,22205,19750,14332,8072,2297,-1256,-5695,-9212,-11262,-10921,-10134,-9640,-9622,-9828,-9994,-9896,-9824,-9690,-9718,-9855,-9876,-9798
9714,9736,9634,9665,9664,9640,9628,9686,9645,9578,9674,9659,9676,9743,9737,9646,9670,9660,9739,9597,9531,9537,9069,9354,10335,12710,15922,19795,22079,22898,20201,16133,9703,3543,-501,-4127,-10700,-11506,-10769,-10099
9402,9469,10554,12510,16676,22042,25467,24502,21053,14253,8140,1389,-2269,-6627,-9498,-10618,-10706,-10340,-9832,-9752,-9737,-9927,-10002,-9973,-9823,-9749,-9831,-9816,-9898,-10190,-9834,-9216,-8700,-7988,-7024,-6315,-5212,-3792,-2098,-214
9652,9658,9647,9589,9582,9563,9666,9658,9702,9745,9816,9534,9832,9367,9544,10735,13074,16847,21429,23320,21964,18642,12837,7278,1594,-2505,-8695,-11571,-11109,-10262,-9712,-9406,-9346,-9609,-9911,-9929,-9761,-9320,-9002,-8281
9747,9682,9589,9556,9465,9545,9598,9633,9677,9758,9756,9736,9649,9740,9816,10433,9136,8863,9062,10763,12804,16086,21267,25015,23107,19492,13374,6807,1713,-1717,-5075,-7866,-9686,-10697,-10576,-10272,-9753,-9769,-9747,-9878
9762,9581,9500,9689,9568,9429,9640,9701,9633,9625,9691,9703,9666,9611,9624,9603,9619,9599,9617,9597,9585,9597,9581,9603,9621,9653,9721,9588,9534,9290,9080,10515,12712,16581,19540,21879,21082,19100,14919,9514
10911,10394,9830,9890,9635,9414,9688,9709,9562,9678,9558,9731,9593,9646,9712,9585,9726,9530,9642,9580,9617,9657,9688,10024,10569,9776,9533,8578,10469,11569,14702,18590,22911,24176,22627,20752,16200,8895,1344,-4113
9713,9668,9570,9504,9561,9642,9595,9640,9539,9575,9696,9671,9648,9572,9685,9773,9823,9783,9666,9514,9475,9465,9609,9609,9672,9853,10158,9545,9221,10509,13832,19127,24180,27649,26551,22743,15486,7151,555,-5798
15603,23531,24983,17301,3943,-10436,-10969,-3497,10190,13087,15777,15776,13767,8904,1980,-861,-1775,-1938,-1465,-1859,-1748,-1886,-1993,-1881,-1808,-1856,-1910,-1810,-1981,-1588,-1865,-1747,-1340,-1377,-519,-483,420,1006,2123,3032
9686,9708,9682,9714,9649,9672,9601,9617,9609,9613,9635,9587,9560,9651,9627,9611,9532,9750,9835,9759,9765,9601,9606,9657,9764,9815,10097,11717,15181,22541,23895,17070,2795,-12225,-11021,-2904,7043,12425,16085,17420
9648,9564,9655,9645,9628,9684,9573,9665,9613,9751,9870,10380,11553,15488,20331,21757,14288,2764,-7608,-7637,-4031,3074,9154,11042,12125,10359,6940,691,-1952,-1690,-2007,-1829,-2231,-1991,-1130,104,1077,1972,3597,5714
9745,9666,10174,11864,15714,20396,21107,15255,4551,-5437,-7175,-3696,3179,6957,9415,11552,11832,9436,8016,968,-978,-1629,-1456,-1109,-509,347,1307,3051,4256,5367,8716,9871,10900,11298,11458,12061,12355,11749,10608,10150
9738,9569,10990,13340,16923,22476,23060,13285,-213,-11913,-8805,-271,6918,11863,14293,14624,13491,8997,3177,525,-2012,-1130,-1364,-1371,-1571,-1537,-1386,-1410,-1057,-67,1227,2879,3833,7105,9362,11633,12014,12370,11938,11329
9640,9703,9753,10224,11823,17165,22389,23232,14760,2136,-9508,-8081,-2361,4145,8421,11724,12719,11893,16444,2152,-1458,-1454,-1648,-1565,-1829,-1747,-1868,-1169,-1024,-737,-69,912,1732,2747,3925,5425,6977,8449,9168,11109
9526,9633,9600,9591,9558,9673,9605,9562,9572,9623,9600,9595,9805,10886,14234,20517,22821,18138,8957,-3174,-8536,-5884,871,6002,10183,11643,11373,8534,2806,371,-1644,-798,20,782,1710,3009,3745,5210,7260,8212
9534,9617,9613,9555,9623,9564,9575,9570,9550,9582,10152,11900,18086,22498,23070,14131,2288,-8176,-7602,-1823,4651,8957,12130,12545,10468,8221,1483,774,-934,-397,689,1796,2573,3484,5264,6475,9193,10351,13090,13509
9542,9594,9560,9630,9551,9622,9591,9613,9622,9595,9588,9603,9659,9959,10724,13528,18370,22273,20058,10180,533,-5844,-6051,-4175,4820,10224,12198,12935,9461,9886,551,120,-930,-573,-891,-496,591,1820,3031,4865
9525,9612,9551,9514,9545,9619,9612,9636,9544,9636,9564,9563,9562,9642,10321,13499,18618,22603,22799,14332,2972,-10096,-7175,-869,4465,8548,11820,13757,13766,11528,13000,1959,-316,-1037,-1114,-987,-1025,-1203,-1181,-810
9767,9649,9585,9561,9676,9697,9545,9447,9414,9545,9619,9721,10278,12084,19012,25512,22401,12696,-3470,-12695,-6205,3836,11506,13850,15376,14659,12085,8921,2062,780,-1343,-711,-1064,-611,-709,-951,-881,-65,950,1917
9520,9442,9581,9563,9528,9524,9509,9476,9502,9604,9506,9509,9515,9442,9516,9643,9841,10529,12459,16140,21501,22072,15871,4952,-4572,-9072,-4796,-477,7317,12372,14055,12964,11415,7801,5731,1221,-235,-715,-319,-693
9549,9556,9533,9484,9554,9489,9572,9509,9531,9546,9510,9507,9528,9572,9550,9556,9610,9564,9595,9544,9567,9528,9528,9566,9588,9599,9524,9503,9537,9591,9573,9666,10401,13875,19721,23982,20369,10582,-1389,-10882
9538,9637,10515,15094,22548,24878,19733,9666,-2057,-10630,-6364,-106,6332,10077,12361,13071,12653,9427,3744,1595,-1052,-104,-653,-381,-351,-660,-208,337,1529,2713,3245,5329,6127,9082,10287,11129,12163,11473,10685,11584
9599,9556,9583,9543,9528,9578,9822,10936,14246,17937,21720,20071,12582,1890,-10693,-7860,-638,6525,9907,11499,13546,12534,10626,6776,2979,1167,-599,-536,-458,-158,-290,-110,645,1954,3083,3428,5691,6841,9795,11803
9569,9570,9604,9471,9560,9648,9653,9539,9585,9587,9538,9579,9617,9592,9628,9526,9581,9601,10128,13886,16602,19235,21673,16678,5725,-8164,-9193,-3155,3569,8921,13528,14559,15705,12929,11851,2280,-5,-1383,-421,-670
9606,9582,9538,9560,9587,9549,9576,9574,9588,9578,9536,9600,9576,9598,9560,9599,9496,9586,9586,9611,9581,9634,9612,9567,9442,9617,10733,13578,17524,20982,21533,15976,5305,-7813,-11572,-3312,4477,9313,11259,14097
9625,9600,9613,9647,9556,9615,9601,9636,9619,9623,9599,9624,9558,9755,10940,13757,20181,23089,20367,11178,-1018,-9752,-6709,-220,7592,11602,12217,12966,10783,9668,2121,-805,-304,-1054,-434,-784,-721,-888,-656,-776
9606,9589,9544,9649,9605,9560,9604,9579,9616,9540,9594,9568,9651,9794,10174,12470,17070,22230,23139,14663,2948,-9103,-8143,-2114,5517,9819,12368,13395,10963,12425,2312,-162,-976,-828,-723,-861,-1121,-1162,-814,-932
9578,9528,9490,9558,9573,9516,9570,9489,9536,9453,9623,9531,9578,9556,9549,9540,9495,9605,9637,9582,9599,9627,10023,11700,16913,23014,24533,15508,1198,-11238,-8829,-104,6497,11280,13579,12320,10436,2279,1108,-1549
10183,13200,18085,25853,30206,32094,30603,24615,19541,10269,5434,8756,25219,-26311,-26802,22553,12613,11348,16734,17884,19676,19899,15045,12592,12463,9793,9132,9538,9944,9823,9703,9570,9615,9692,9715,9568,9673,9612,9664,9635
9633,9641,9594,9666,9756,9684,9597,9583,9597,10708,14584,21803,28467,32191,31693,28183,20227,12806,6009,8713,27814,-26311,-26311,26482,16988,14919,18760,21529,20330,16164,12593,11487,10868,9520,9670,9725,9870,9695,9508,9472
9595,9631,9655,9668,9646,9647,9657,9659,9653,9603,9674,9973,13308,18923,24307,25863,26308,26726,23833,15263,7083,3998,11883,30382,-28918,-30094,24091,19755,18820,19964,19461,17252,13894,13646,10001,9747,9380,9175,9903,9986
9641,9696,9607,9662,9707,9581,9646,9629,9668,9615,9703,11869,16290,18869,21558,24195,23325,21671,17338,13425,6427,4106,6804,22695,32075,-29623,27890,19576,15965,16205,17217,16083,15356,14968,15794,10527,9636,9109,8421,9283
9619,9538,9634,9546,9591,9573,9603,9575,9616,9721,10292,14249,23072,28795,29676,28451,24133,19664,17864,9896,2357,1844,509,5263,27990,-28140,-29828,22238,21047,20148,21474,22169,18507,17162,12970,9230,9198,9181,9745,10038
9601,9639,9588,9576,9615,9646,9642,9550,9611,9631,9694,10796,14194,19440,23150,24365,25225,24763,22315,18496,8005,1170,2491,14488,27736,-29614,25840,16764,14510,13566,15666,13917,15113,16177,13505,13822,9623,9526,9153,9575
9651,9631,9615,9628,9514,9561,9684,9676,9580,9543,9621,9749,11189,15091,20766,25558,25787,24851,22772,19742,16209,7135,105,809,10890,25916,-30436,30207,20855,15875,15181,16798,18017,18142,15773,13348,12447,9332,9144,8993
9892,9897,9459,8414,8031,8898,9734,10066,10830,10748,9419,8191,8477,9458,9501,9749,10352,10071,9491,9169,9493,9543,9502,9376,9433,9811,9184,9731,11926,17053,23150,27247,29813,28726,24311,18710,11883,4782,1965,4177
16390,32100,-26311,30868,20907,20402,18233,22159,19616,16333,15116,11057,9419,9684,9543,9179,9983,9812,9635,9410,9246,9455,9544,9640,9882,9902,9714,9806,9653,9789,9513,9089,8529,8809,10371,10872,9618,9151,9592,9685
9732,9640,9657,9673,9414,9508,9643,9481,9558,9601,9586,9564,9615,9621,9575,9654,9593,9665,9642,9621,9761,10551,13922,18139,23046,24064,24697,21896,18982,15725,9520,478,325,2218,16849,24357,-31617,28842,19038,17477
17202,16889,16233,14844,17280,11566,9714,8826,8316,9627,10530,10292,9546,9143,9357,9744,9779,9527,9452,9556,9645,9601,9567,9586,9591,9551,9619,9641,9555,9534,9601,9552,9610,9640,9634,9613,9628,9598,9516,9551
18387,25558,29823,32083,30216,27836,18126,8717,3155,12461,30375,-26955,-32119,23809,20712,19451,18976,21034,16967,16972,12289,9224,9412,9065,9583,9916,9831,9569,9375,9531,9662,9593,9629,9642,9601,9629,9611,9575,9589,9622
9560,9576,9609,9570,9585,9568,9579,9572,9536,9589,9637,10770,12416,19679,24372,28416,29002,25572,22963,14392,4525,-1946,2497,20766,-28996,-26311,28082,20798,17903,19013,20403,16333,15844,13927,10358,8971,9273,9358,9834,9914
9551,9527,9560,9554,9551,9548,9554,9546,9556,9521,9551,9576,10389,14520,21534,26651,29504,27162,26649,20253,9461,-1108,3687,23762,-28059,-28946,27152,20235,18757,19572,20022,17864,14677,12587,11449,9325,9317,9521,9846,9732
9554,9526,9568,9564,9560,9507,9528,9579,9555,9557,11018,15869,21790,27056,30257,28777,25422,18901,9336,-572,766,14918,28693,-30349,31984,21224,19007,19857,19490,18310,14780,13922,13487,8829,8669,9248,9897,9864,9667,9706
9594,9581,9588,9544,9564,9574,9569,9587,10511,16966,26720,32163,-32492,29949,25740,18664,7981,-417,4632,23699,-31340,-27038,29430,21594,19561,19533,18849,17506,15253,16187,9193,8635,8775,9706,10339,9907,9458,9370,9548,9623
9510,9527,9549,9510,9501,9548,9537,9501,9530,10704,15286,21240,26521,30864,29194,28177,22331,12609,2458,31,9925,27535,-27570,-32157,25386,22646,20478,20884,19218,15729,13615,13017,9804,9095,9374,9489,9822,9798,9698,9476
9587,9603,9583,9560,9588,9589,9575,9598,9625,9564,9600,9606,9679,9636,10314,14204,21493,29969,-30686,-31927,30935,24673,12345,1300,3922,20005,-30683,-26311,29753,20537,20751,20263,23353,19490,24927,10134,8725,8486,7558,8944
10235,9623,8865,8519,9487,10169,9810,9065,9320,9465,9512,9730,10400,12719,17256,23259,28645,30751,30417,27619,22892,12966,-3236,1614,18753,31757,-27448,29094,21204,18989,18966,21874,18564,16241,18240,10269,9321,8817,8355,9828
9545,9544,9600,9555,9526,9537,9581,9581,9557,9570,9582,9588,9606,10025,12411,16505,23232,27143,28896,26214,23549,18726,9769,-748,128,13794,27539,-28326,29137,19482,17302,18418,20871,19303,17158,16572,12430,8919,8787,9179
9700,9583,9514,9504,9586,9458,9591,9785,10354,11925,12826,15720,27759,32193,-30813,25650,5207,13940,12553,14698,10679,11924,13399,11718,9662,9469,9823,10110,9501,9503,9178,9388,9338,9576,9261,9332,9289,9501,9287,9411
9509,9500,9516,9524,9417,9493,9476,9501,9445,9572,9515,9469,9532,9520,9625,9677,9782,10315,11337,11985,12678,23432,26172,25723,7383,11845,13870,11676,12175,13239,13663,10682,9696,10119,10145,9384,9054,9226,9215,9131
9603,9519,9501,9506,9512,9461,9487,9563,9509,9562,9582,9715,10202,11147,11915,11523,15063,24575,30480,26295,5841,14229,11518,11569,11489,12379,12747,12218,9657,9572,9350,9051,9023,8943,9068,9607,9507,9665,9637,9558
9471,9411,9433,9332,9527,9470,9593,9241,9412,9599,9624,9380,9344,9543,10404,11973,9938,14356,23454,29824,12239,9745,9206,8394,10678,9282,9970,11608,10247,9665,9567,9435,8740,9597,9072,8987,8975,9209,9488,9406
9478,9908,10310,10992,11832,10641,14208,24159,30406,14317,7036,10572,10327,7319,8038,8719,11427,12489,10928,9300,9759,9615,8714,8948,8851,9223,9702,9300,9405,9258,9400,9241,9288,9229,9313,9211,9360,9272,9344,9232
9446,9315,9421,9398,9317,9376,9364,9402,9357,9416,9408,9475,9611,10138,11276,11869,9367,10800,23511,28884,21763,4364,10010,10890,6780,9525,8931,11040,11830,9552,9244,9074,8852,8912,9187,9361,8986,9193,9326,9228
9424,9340,9381,9357,9355,9288,9396,9369,9464,9552,9838,11330,13402,12366,11056,11607,21880,31550,21684,4029,11452,11071,12849,11749,11087,11513,10709,9457,10302,9012,9130,9314,9732,9390,9101,9467,9502,9609,9425,9707
9510,9380,9542,9493,9448,9414,9515,9488,9588,9651,9724,10304,12682,13802,12372,13443,22301,28377,20009,5394,9713,9753,8400,10372,9809,10986,11401,9965,8756,9627,9143,8875,8633,8787,9253,9190,8781,9097,9472,9210
9409,9273,9498,9465,9500,9454,9510,9452,9494,9457,9527,9556,9850,10093,10529,11751,11993,11075,11951,18230,19375,26204,16727,4978,12497,10468,10245,11407,12149,12820,11458,9113,9404,9324,8880,8748,9342,9659,8910,9289
9406,9266,9275,9206,9272,9312,9339,9320,9264,9319,9309,9419,9380,9419,9568,9622,10749,12182,12091,10433,10326,17933,26118,23272,3465,11828,11030,8887,9987,10213,11388,12652,11276,10280,9449,9076,9035,9107,9296,9145
9683,9446,9588,9598,9668,9337,9651,9349,9697,9580,9872,11659,11862,11651,11893,13539,17548,20599,23120,12996,5455,10129,8438,9616,9868,10023,10481,10176,8409,9715,8931,9288,9222,9387,9081,9181,9429,9311,9493,9315
9431,9339,9418,9331,9381,9326,9399,9362,9451,9436,9791,11565,11972,11836,11932,11617,19093,23569,28226,18267,5267,12029,10732,8485,7941,9722,11368,11786,9682,9297,9530,8492,8947,8968,9576,9448,9103,9080,9465,8983
9217,9240,9261,9284,9295,9257,9324,9214,9408,9247,9442,9540,9569,9810,10261,11501,13379,12136,8412,13273,24843,30243,6186,10251,11519,10346,10345,13510,12516,12575,9867,9184,9303,9297,8789,9169,9226,9532,9604,9386
9323,9334,9457,9283,9479,9259,9428,9277,9380,9387,9494,9589,10064,11432,12835,12137,10615,18061,25141,31584,15118,8124,11356,8995,10155,10845,10979,11388,10323,9452,9290,8744,8920,8784,8900,8769,9034,9100,9153,8877
9513,9473,9463,9361,9317,9323,9430,9340,9476,9799,10812,11757,11021,10913,13061,19220,26384,7147,9502,7848,8477,8900,7662,8014,10644,10107,9617,9475,9136,9336,8677,8474,9176,9236,9221,9135,9415,9384,9346,9197
9296,9397,9458,9302,9475,9354,9410,9348,9418,9266,9386,9352,9366,9326,9504,9230,9607,9291,9543,9338,9488,9439,9631,9222,9435,9532,9434,9348,9360,9385,9600,9781,10172,11245,11226,10730,15852,25951,-31423,7890
9230,9652,9062,9528,9269,9260,9349,9245,9516,9321,9393,9412,9227,9415,9370,9326,9514,9339,9464,9441,9423,9204,9323,9334,9524,10028,12084,13286,12947,15411,28451,30898,5699,10308,9877,8034,10078,10705,12271,12265
9439,9321,9477,9439,9424,9379,9410,9363,9465,9271,9694,9439,9993,10002,12084,12633,12585,13528,27534,-30640,11104,7401,11241,8817,7268,10421,11410,11767,12264,10158,9549,8549,9081,9148,9253,9397,10098,9423,9313,9770
9485,9597,9542,9538,9561,9461,9465,9418,9543,9536,9690,9977,10453,11402,11973,11942,13443,19901,25741,23394,2923,12314,9964,8775,9950,11659,11724,11583,9607,9305,9795,8722,9257,9495,9008,9653,9570,9545,9447,9421
9495,9514,9481,9594,9482,9563,9442,9563,9518,9745,9801,9465,9976,10212,12356,13280,9526,20203,26916,29307,5333,9592,11289,7917,10393,11621,10615,11301,9087,9234,9478,9244,9246,8924,9284,8995,9346,9142,9487,9257
9366,9398,9475,9473,9510,9494,9878,9576,9458,9600,9601,9670,9611,9582,9585,9606,9666,9647,9615,9595,9495,9404,9314,10421,10330,15066,21411,27990,29182,27511,15506,3657,-76,-3349,-8036,-7736,-4539,-693,1690,4296
9429,9233,9767,9884,9870,9676,9406,9532,9380,9429,9728,9853,9659,9653,9787,9843,9495,9187,9221,9664,9246,9781,10806,14566,22035,30831,32540,28334,15672,2971,-2466,-5352,-4770,-5437,-2566,673,3943,10080,6033,12156
9525,9555,9572,9648,9657,9779,9985,10462,9106,9203,9105,9524,9387,10763,13132,17052,21985,25392,26403,19697,9005,4479,-2673,-5465,-5613,-2311,780,4176,6321,7959,9508,13623,15198,10468,7493,9154,8256,8838,9238,9527
9533,9360,9561,9724,9467,9357,9755,9471,9391,9615,9727,9549,9489,9572,9607,9552,9372,9631,9714,9476,9503,11390,12646,16839,25031,30544,30554,20448,8281,3119,-4702,-4548,-6690,-5305,-2051,573,3505,5131,4955,5972
9445,9503,9568,9676,9625,9648,9530,9493,9504,9540,9549,9534,9497,9502,9527,9678,9539,9660,9639,9671,9112,9745,10435,9752,8501,9026,12416,18053,26519,30456,27852,17982,6694,1114,-4271,-5288,-6618,-4271,-371,3037
9567,9582,9460,9545,9621,9783,9593,9876,9579,9516,9549,9489,9082,9124,9641,12405,17081,21971,24059,23205,19947,12728,3576,1972,3274,-7864,-10245,-9063,-8082,-5461,-2685,462,3418,6538,10745,13595,20032,13583,6760,8803
9738,9892,9694,9508,9615,9458,9396,9477,9506,9516,9819,9716,9594,9411,9436,9586,9726,9633,9537,9726,9788,9421,9458,9548,9630,9538,9695,10229,11581,11779,14064,17658,19710,23148,22492,17272,6066,-1497,-3233,-6813
14876,18958,20173,19968,18656,14447,7805,1678,2056,-4435,-8354,-8282,-7489,-5971,-2450,-1084,1203,1896,3931,3866,6716,8343,11821,11587,9001,8248,8974,9537,9387,8894,9473,9907,10080,9976,9742,9425,9123,9042,9179,9452
9501,9533,9598,9564,9569,9568,9558,9558,9579,9568,9550,9513,9283,9598,9749,9822,9744,9482,9776,9483,9801,9437,9059,9380,9053,8969,9961,11350,15149,20025,22535,21766,17450,11508,4418,-5561,-7620,-7170,-7908,-8646
9478,9506,9461,9466,9458,9554,9501,9519,9546,9600,9568,9524,9488,9515,9540,9507,9540,9527,9442,9473,9567,9601,9469,9509,9434,9336,8665,9011,9272,10147,11493,17246,22998,24347,25395,21734,15622,5808,3281,-6539
17993,20400,22701,22985,17948,9982,5114,-411,-6215,-8546,-9674,-9240,-7339,-5389,-2068,444,3738,5510,7887,10037,15716,15026,8408,8500,9077,9144,8971,8602,9085,9679,10041,10354,10086,9503,9230,9188,9308,9387,9416,9481
9552,9548,9530,9561,9561,9542,9540,9528,9515,9506,9519,9513,9493,9406,9364,9601,9618,9680,9424,9232,9416,10083,12029,15489,19091,21210,20782,18916,14251,7237,172,-3335,-6795,-6411,-7032,-7292,-5890,-3824,-1728,390
9519,9494,9500,9488,9482,9475,9373,9348,9324,9369,9418,9329,9408,9645,9660,9599,9458,9360,9290,9294,9314,9349,9384,9336,9574,9508,9519,9424,9387,9166,8705,8921,9970,10679,12963,19136,24181,26692,26788,22427
9315,9515,10560,11738,16146,20157,22583,23447,22869,17976,10281,1832,233,-4118,-6130,-7710,-7068,-5717,-1899,4602,9470,5176,6976,12046,15031,16476,8426,8884,10006,9494,8951,8850,9683,10317,10661,10852,10153,9181,8786,8819
9613,9587,9562,9552,9557,9524,9509,9568,9579,9560,9569,9573,9543,9520,9360,9272,9589,9597,9694,9776,10096,9251,9884,12138,14739,17071,20077,20960,19252,15429,6952,1022,-4290,-4988,-6675,-9087,-9582,-8561,-7095,-3971
9595,9448,9618,9971,10611,12346,16452,21017,24513,24226,18849,11937,1865,-1270,-5458,-7246,-7380,-5252,-1686,931,3501,5114,5422,6846,10447,15479,14524,9562,9429,10011,9422,9145,9318,10157,10550,10617,10253,9592,9223,9199
9550,9493,9507,9464,9515,9633,9662,9691,9667,9603,9566,9551,9519,9442,9521,9543,9651,10959,12837,16385,20351,23112,24874,23535,17417,7858,3351,-4267,-8179,-8881,-8683,-8269,-6764,-3629,-239,2460,4135,4768,3805,7514
21888,23041,21727,14908,4760,-445,-2456,-4847,-5975,-6724,-4418,-1102,3536,6161,3457,4673,6968,9867,13468,15160,11225,9550,10478,9798,8987,8979,9433,9908,10219,10451,10347,9862,9411,9319,9301,9308,9303,9509,9567,9540
9567,9640,9579,9542,9677,9318,9733,9774,9697,9451,9441,9603,9697,9575,9461,9210,8869,10013,9922,9716,9758,9524,9313,9172,9412,10204,11772,16589,23824,25902,24104,20064,13539,3931,-2889,-8851,-7501,-6588,-5459,-2840
9327,9380,9467,9618,9911,9876,9528,9081,9652,9781,9888,9557,9498,9640,9671,9546,9542,9525,9484,9533,9526,9385,9402,9240,9102,8883,10328,9928,13287,18665,22396,23879,23320,19989,13763,4210,2719,-5364,-6330,-6636
-4936,-2859,-177,2699,5570,7350,9986,12247,18811,13966,6514,10375,9252,8228,9167,10338,9933,9070,9576,9973,9239,9233,9411,10186,9472,9192,9446,10313,9757,9386,9678,9947,9694,9295,9403,9992,9782,8875,9399,9815
5276,8347,26919,2021,-1909,-2292,-2843,-2747,-626,792,1659,3374,5955,9325,15292,23330,28319,16123,11596,12297,10316,8866,9564,9373,9753,10236,10166,9913,9825,9877,9803,9568,9611,9636,9670,9572,9612,9592,9709,9712
9588,9552,9513,9422,9452,9434,9761,9828,9539,9139,9191,9435,9527,12697,24278,23841,7320,-3998,-3438,2087,6391,5452,1861,-2786,-3720,131,1622,5833,-31004,3410,2391,-1055,-1580,569,3671,5743,8020,14126,15518,25066
2467,1218,1024,4578,11702,10287,1242,-2048,-169,1569,3705,5499,8695,13466,16699,20277,18274,12429,11045,11364,10098,9295,9662,9836,9664,9558,9433,9466,9461,9477,9548,9651,9674,9605,9595,9554,9599,9591,9611,9603
9527,9592,9606,9454,9600,9683,9746,9716,9586,9441,9573,9495,9598,9744,10092,10194,9884,10431,15210,24941,22707,3428,-1916,-907,5998,8437,7756,3806,-1617,-1236,-3120,-436,616,4183,6924,25105,3153,-3011,-4709,-6284
10928,10666,10225,9694,9342,9434,9625,9742,9618,9605,9479,9548,9567,9551,9528,9467,9501,9587,9618,9568,9715,9724,9635,9783,9647,9566,9618,9285,9227,9631,9473,16818,-31959,17256,-2989,-4078,2843,6370,4819,2397
9621,9635,9672,9671,9683,9706,9680,9664,9605,9635,9640,9539,9487,9518,9556,9479,9736,12032,25810,28115,3657,-9867,-3139,6190,7776,2504,-6133,-5767,1616,19171,-26322,7085,-1171,-2598,-5453,-6217,-6374,-6421,-6198,-5918
7194,445,-4086,-1335,336,7038,15216,26466,-462,-3414,-5996,-6904,-7253,-7353,-7194,-7246,-7092,-6449,-5384,-2628,-361,1103,4192,8663,13176,18266,23578,22293,16296,12259,10477,8969,8981,9009,9876,11031,10886,10429,9816,9149
-3445,-547,3186,8173,9399,28561,1638,-3942,-6156,-7271,-7411,-6442,-5929,-5576,-5550,-3721,-2822,-869,1030,3799,6181,8917,12532,17117,19573,15158,11535,11332,9806,9030,8960,9451,9842,9825,9732,9655,9726,9750,9568,9451
9622,9624,9618,9593,9613,9652,9635,9589,9651,9673,9587,9576,9612,9567,9522,9546,9563,9545,9568,9543,9563,9512,9610,9939,11421,18337,25883,11701,-1295,-693,1479,5278,4817,-786,-6769,-3683,2510,8098,10951,27080
9583,9609,9537,9534,9627,9623,9734,9779,9801,9921,12548,21590,25831,7644,-4629,-735,2801,3882,2164,-2118,-2054,2325,5829,10635,12606,14627,-114,-3081,-4660,-5398,-6465,-6720,-6956,-6584,-6811,-6350,-5826,-5183,-5141,-3790
301,2308,4191,10943,31334,3409,-3706,-2243,-3756,-4467,-4695,-4299,-4210,-4412,-4331,-4012,-2743,40,835,2375,5136,9731,11507,13585,15027,14708,12804,10850,10166,9700,9248,8913,9093,9470,9738,9751,9639,9488,9526,9457
9501,9489,9465,9428,9408,9393,9387,9430,9403,9415,9409,9437,9452,9423,9192,9525,9617,9742,10916,14921,26742,18401,-3657,-6083,203,4532,3118,-390,-378,1892,3563,8416,16237,-31717,1274,-2707,-5902,-6736,-6974,-7044
9524,9597,9600,9666,9583,9425,9733,10121,10376,11415,16837,24285,10194,-2557,-2009,3072,3622,1616,120,990,2671,4198,10484,16582,23877,1224,-2761,-2517,-3989,-5263,-5337,-5561,-5178,-5141,-4920,-4738,-4679,-4059,-2618,-2165
9884,12376,22509,25178,4701,-7509,-2224,3920,4103,2327,873,2209,3859,3417,8348,15303,8056,-2707,-3167,-3311,-4229,-3736,-2031,-189,1193,3276,5307,7814,11742,16242,18495,12553,9886,10093,9236,8864,8881,9427,9919,9949
-499,-1187,1747,1643,5173,10390,32734,2442,-1975,-3774,-5992,-6013,-5826,-5406,-5199,-5140,-5501,-5489,-5052,-3934,-2989,-1312,1043,2366,4139,6288,9109,10572,12495,13444,13715,12088,10602,10019,9694,9343,8941,9364,9788,9503
5925,3748,1952,2665,1570,1887,5628,12436,15307,-1063,-3288,-3791,-4983,-5917,-5301,-5228,-5298,-5330,-5167,-5087,-5070,-4989,-5060,-5191,-5145,-5112,-5220,-5157,-5181,-5203,-5151,-5187,-5163,-5281,-5249,-5153,-5152,-5112,-5085,-5105
482,4430,3326,768,2588,2894,4092,5868,11917,21714,-2039,-4778,-5456,-6521,-7044,-7347,-7034,-6992,-6622,-6696,-6475,-6417,-5998,-6069,-6367,-6343,-6263,-5941,-5894,-6107,-6075,-6089,-5772,-4881,-4147,-2919,-1122,1162,3505,5653
1661,8488,13877,30945,2436,-1553,-2674,-4910,-5963,-5746,-5318,-5200,-5219,-5045,-5005,-4827,-4611,-4605,-4663,-4537,-4532,-4801,-4814,-4744,-4606,-4677,-4513,-4600,-4438,-4381,-4235,-4237,-4271,-4282,-4268,-4213,-4320,-4194,-4230,-4248
-350,1027,1456,6039,31259,-2846,-4284,-4859,-6555,-6992,-6749,-6254,-5920,-5955,-6177,-6174,-6048,-5935,-6427,-6393,-6052,-5937,-6133,-5999,-6030,-5997,-5972,-5911,-5965,-6235,-6330,-6040,-5941,-5741,-5875,-6011,-6070,-5980,-5968,-5889
9853,9849,9907,9688,9437,9239,9106,9209,9281,9320,9516,9536,9597,9630,9716,9493,9373,9318,8959,9725,12193,16627,24659,-31930,-28432,-29597,29645,18612,3793,-312,-2324,-1806,2281,7547,17135,21659,18646,10273,5169,2743
800,161,1810,2811,1280,210,1731,7234,14949,17708,19849,23017,18106,13900,12215,10390,9654,9776,9870,9829,9834,9686,9241,8887,8923,9244,9629,9799,9907,9888,9792,9595,9532,9586,9686,9639,9674,9588,9586,9439
9382,9489,9642,9607,9568,9503,9527,9561,9591,9554,9525,9500,9439,9574,9666,9585,9598,9561,9244,8975,15745,25006,32237,-26311,-26311,-28363,28795,17703,7243,-1622,-3083,-5108,-5480,-4807,-566,5312,14312,22315,14614,6891
31355,-31273,-30952,29253,18224,4473,-2797,-5327,-7181,-6781,-7643,-4368,1426,7296,17622,22031,10933,5764,1651,858,3468,3025,4120,8434,15324,20785,31662,26481,14197,17478,13506,11862,9758,9264,10052,10873,10480,10066,9677,9349
31123,30928,29273,24052,14386,3815,-416,-3611,-4152,-1704,4223,14972,21838,19685,11292,5712,1787,1644,2941,3289,1610,1204,5960,8858,14085,18972,18879,20234,18772,13742,11546,9522,8384,9156,10068,9853,9856,10244,9897,9588
9507,9336,9557,9537,9666,9722,9589,9534,9806,10882,18399,24626,30794,32697,-32629,27208,19377,7841,1403,171,484,4158,10351,25522,27564,13831,10890,11247,6349,6552,18133,-29675,-26311,27402,14188,13129,11348,8570,8798,10213
9543,9467,9508,9591,9593,9518,9488,9564,9563,9515,9465,9441,9471,9476,9430,9418,9431,9531,9594,9481,9586,9467,9471,9816,9727,9782,10467,13674,20517,27887,-31238,-27193,-30197,26197,5483,-1543,-778,8061,26597,-29396
-27695,-26311,-30521,25183,13649,1872,-1400,-1374,6042,20629,-29771,23033,10370,6405,6904,4155,2889,4375,14624,25564,30342,31632,18151,16241,12234,10729,10238,9976,10190,10790,10326,9485,9569,9536,9050,9239,9955,10151,9933,9776
9533,9551,10813,14160,19393,28026,30493,32169,30465,25106,17633,2472,-2494,-3879,-2553,1740,7738,24285,26637,10350,4586,1808,2990,4407,4127,1685,4474,15865,21515,23987,22080,14929,13239,12587,11316,9569,9044,9312,9712,9961
9576,9607,9595,9594,9603,9560,9597,9647,9591,9567,9551,9601,9569,9606,9603,9600,9593,9557,9561,9612,9613,9549,9564,9429,9483,10521,17849,29121,-28613,-26311,-26311,-31770,9536,-129,-1429,5030,12988,-31672,31076,10530
9536,9390,9147,9561,9949,11219,13880,21483,31614,-30963,-31110,-32367,26369,5702,-1397,-1974,4156,13646,-28790,-29855,17908,12659,8141,8602,8086,3591,3524,16085,28905,30839,23545,17630,13816,11803,11127,9758,8889,9506,10261,9967
9809,9660,9266,8945,8864,9064,9399,9585,9489,9427,9496,9852,10002,9761,9245,9064,9327,9585,9519,9548,9579,9611,9504,9367,9333,9427,9578,9589,9598,9526,9481,9423,9475,11068,12940,25377,-32497,-26311,-26311,-31056
9530,9477,9431,9442,9425,9397,9374,9455,9585,9634,9641,9485,9451,9642,9342,9317,13022,23289,30049,30970,31619,27736,21338,11677,751,-885,-1553,-1352,1975,11992,26549,14641,7162,4335,5315,4231,2413,3347,11827,22552
9543,9525,9484,9482,9544,9512,9485,9508,9522,9506,9554,9525,9514,9182,9424,9854,9680,10992,17814,24764,32054,-28833,-26311,-30713,15484,1657,-2931,3130,13682,-26311,28840,7684,10935,10897,6593,5643,20611,31443,30461,20596
9522,9672,10159,9883,9578,9591,9742,9801,9697,9605,9592,9619,9664,9765,9670,9563,9506,9606,9756,10589,14706,22542,29692,-31298,-30373,-32736,24649,4910,-808,234,11420,30658,-26311,17893,11929,12047,5574,6467,26372,-32425
9927,10159,10536,10352,8817,12513,18380,22483,29747,-27976,-30047,12239,-684,-2255,8937,-26311,-26311,11625,9011,9169,10001,4155,8626,23175,-31562,-27621,22612,16414,9651,8347,7595,8066,9725,10502,10532,10119,9825,9934,9544,9351
9757,9670,9633,9540,9583,9558,9512,9683,9682,9591,9299,9397,9406,9283,9524,9579,9382,9329,9399,9550,11210,17822,26642,28469,32073,-30927,29516,10775,545,2207,9631,-26311,-26311,14522,15168,6126,2079,15343,29721,31562
16767,25516,27855,25967,24643,20462,12783,2383,-3620,-8508,-10625,-9623,-3810,9194,23216,24236,13723,6090,1745,883,1345,5228,7545,4283,-741,1995,14420,17766,24445,30143,17274,13182,11064,10013,10265,9855,9391,9466,9112,9035
10081,13472,21423,29066,-30769,-26311,-26311,32492,15869,3960,-1029,-4127,-701,5827,23216,30806,20391,8323,3456,3338,4878,4134,1236,-1407,3049,15601,20189,21811,25444,18273,14821,12542,9807,9160,9543,9770,9894,9916,9588,9030
9549,9738,9585,9575,9452,9548,9612,9580,9725,9446,9390,9838,10129,9734,9301,9208,9421,9603,9561,9352,9356,9589,11160,16136,17511,23013,27609,-32714,32397,24526,8434,-980,-3014,-1734,10137,-26311,-27934,14902,4458,1386
9530,9720,9542,9337,9109,8689,8725,9095,9193,9096,8963,8762,8542,8277,9163,9664,9678,9398,9364,9418,9557,9516,9368,9481,9884,9557,9680,9642,9720,9261,9448,9313,9113,3605,-4104,19582,4884,7946,9926,7829
8937,8779,8942,8941,8828,8748,8932,8911,8826,8615,8281,8487,8798,9056,8863,8761,8808,8547,8774,8765,9372,6840,5852,4424,-1253,13639,12939,2832,-3986,7930,6230,6417,7491,7953,7668,7569,7933,9703,8785,8449
9187,13382,-32444,-500,11421,6830,4595,4407,5999,7117,7642,7408,6701,6466,6879,8084,8111,7643,7186,7022,7105,7641,8115,8070,7778,7931,8145,7966,7641,7638,7641,7799,7685,7407,7521,7542,7852,7972,8039,7951
7576,7550,7447,7559,7609,7650,7517,7387,7462,7523,7617,7501,7315,7292,7029,7163,7307,7443,7465,7510,8167,7784,8365,11127,12764,16225,28153,28423,16505,9625,6338,8282,25008,-1393,11923,3163,2536,4358,6387,6499
7165,7226,7115,4135,2373,-1953,12392,18064,8339,8152,6761,6969,5190,17480,16587,5643,7261,7972,4789,6532,8356,8155,8171,7893,8444,8474,8220,8113,8170,8565,8555,8556,8328,8118,8590,8356,8392,8530,8226,8420
8082,8045,8092,8135,8146,8129,8048,8103,8107,8025,8081,8086,7867,8129,7990,8016,8092,8043,8148,8139,8961,8608,4192,4073,19151,13528,5592,5821,7437,7814,18613,11669,5797,5635,3278,5396,6904,7544,6992,7581
5436,13566,8354,8560,7278,5291,19299,-525,8734,2655,3920,5347,7249,7685,7402,7970,7771,7466,7536,7513,7162,7000,7235,7176,7146,7180,7364,7601,7991,8325,8350,8043,7751,7736,8268,8236,7976,7513,7655,7905
7757,7820,7722,7796,7750,7821,7767,7674,7815,7698,7642,7620,7734,7716,7759,7778,7690,7627,7528,7674,7539,7551,7485,7534,7588,7574,7630,7612,7575,7618,7677,7698,7308,7424,7338,5652,4083,3506,21947,5799
7741,7414,7369,7317,7392,7325,7188,6851,6694,6967,7224,6986,6918,7177,7851,7635,7661,8013,7766,7637,7540,7574,8007,7904,8072,8379,8961,9297,10596,9786,9421,7686,14653,6136,6023,8856,8864,14925,331,12820
7882,8249,8432,7820,7884,7104,1668,286,22783,12501,8148,6914,8653,10581,16644,-111,7360,3527,5036,7498,8528,9028,8555,8091,7668,7122,7433,7489,7799,8002,8122,8214,8119,8139,7967,8113,8213,8145,8237,8064
8280,8473,8317,7926,7939,8152,8171,7744,7864,7914,7906,7830,5884,7677,8602,8105,10086,6861,5370,6048,6056,8018,7255,5020,4474,7194,8386,8686,7717,8258,8519,8196,8407,8259,8026,7885,7821,7917,7890,8450
8462,7838,8212,8115,8192,8044,7902,8040,7744,7413,13389,13737,16375,8643,3834,3028,3174,1045,6598,10048,8368,2317,5407,7419,7832,7322,7377,7202,7510,7088,7358,7223,7706,7642,7841,7528,7632,7769,7987,7766
7722,7767,7710,7686,7659,7679,7736,7696,7718,7678,7686,7726,7667,7637,7635,7602,7678,7654,7684,7603,7632,7647,7727,7720,7656,7779,7680,7534,7790,6513,7414,6163,13196,4314,13235,5461,4493,6417,6983,19481
7538,7572,7491,7720,7694,7426,7823,7439,7557,7450,7510,7491,7520,7438,7507,7292,7418,8201,8026,8133,7498,7369,8947,13678,10085,5832,5258,6327,8164,16666,5547,8350,5820,5433,7686,8293,8380,8113,7826,8095
7144,5798,2540,12082,13379,7242,6132,6710,5639,11159,-4175,7665,5552,4812,5430,6355,7960,7565,7637,8045,8060,7571,7012,7109,7961,8268,8098,7843,7963,7867,8074,8118,8184,8057,8099,7924,7996,8007,8008,8038
8617,8592,8825,8619,8435,8081,7508,7849,7717,7970,8078,8182,7741,7284,7521,7469,7626,7557,7530,7562,7632,8236,8107,7688,7334,7236,5881,4780,-2827,18976,11627,8761,7284,7000,7011,28917,5072,9458,3314,6185
5689,10360,25154,16043,13269,8984,6070,7189,7308,14434,-2054,10779,3044,4422,5675,7721,7502,7441,7490,7449,6848,6704,7065,6851,6944,7383,7917,7977,8118,7696,7398,7347,7399,7606,7536,7641,7849,7687,7923,7703
7668,9169,9423,20555,6692,6912,7363,7386,12655,4793,9323,3895,5505,6700,8335,7897,7304,6955,7323,7268,7352,7357,7509,7712,7675,7644,7266,7120,8185,7916,8136,7971,7946,8236,7990,7653,7754,7739,7820,7892
7465,7435,7447,7386,7481,7407,7536,7538,7499,7472,7387,7272,7533,7564,7311,7405,7614,7577,7335,7372,8492,5874,6912,9562,17970,9933,4721,3351,5098,1975,2194,3993,9981,2597,4176,5608,7559,7168,6846,7305
6821,6926,7328,7580,7281,6852,6970,7230,7059,6950,7165,7013,6854,6782,6180,5324,4885,17181,19451,5409,3995,5969,1855,5839,7438,14748,3144,4906,6446,6578,6666,7243,7756,7498,7449,7390,7133,7351,8270,8397
9318,9352,9332,9311,9282,9315,9267,9349,9380,9392,9594,10110,10538,11895,12609,12455,18193,24431,27760,30540,30089,23590,14864,-3388,-8632,-7635,-7296,-6098,-4771,-2347,312,1273,4776,9445,12198,15885,19501,17301,15735,12284
9301,9319,9382,9364,9349,9368,9376,9417,9382,9355,9348,9305,9493,9358,9196,9068,9021,8932,8841,8805,8863,8877,8755,8634,8907,11043,10696,11658,13710,14525,17432,19128,22116,23824,23172,19839,899,-8279,-6157,-7559
-8480,-8008,-6032,-3858,-1210,964,5450,9211,11836,16407,14308,17866,18634,13962,11949,10828,10248,9257,9075,8979,8877,8730,8949,9249,9519,9476,9473,9537,9514,9628,9805,9625,9431,9289,10611,13468,16419,23410,29430,32567
-32283,25116,15055,-1315,-8503,-6472,-6818,-8506,-8392,-5612,-2171,407,3072,6974,13595,15640,14992,15862,18368,17147,13887,11687,11216,10550,9471,8989,9060,9181,9414,9526,9367,9339,9481,9866,10159,11149,12307,12835,16686,21936
29003,31896,-30408,31571,22582,9309,-28,-2278,-7590,-10038,-7997,-6976,-7151,-5916,-3444,-1015,1118,6487,10887,15275,15452,17225,14629,13381,12294,11262,10572,9909,9160,8932,9052,9066,9193,9238,9269,9227,9282,9320,9363,9384
9443,9702,9771,10460,11847,14445,17426,22270,23700,22307,22352,22562,17217,12871,-4771,-5995,-6090,-7736,-7225,-5555,-2776,-1108,-4,2899,4927,7983,9567,12610,14267,15637,15545,14022,12245,10954,10114,9017,8731,8778,8920,9318
9718,9927,9988,10951,12030,12884,14240,17791,25155,31964,-31141,-29094,28161,19275,-1174,-3913,-7946,-10046,-8901,-7366,-5803,-3187,-1302,8,3377,7133,13139,12073,14676,16032,15557,14167,11803,10287,9811,9543,9214,9248,9331,9355
9427,9471,9472,9467,9501,9528,9527,9552,9552,9497,9469,9431,9378,9374,9279,9870,10207,9649,9733,11465,13223,16705,21438,22709,22211,20852,19822,15239,2087,-5949,-7074,-9882,-9985,-7639,-5948,-4282,-1054,1798,4996,10272
10933,14450,14429,13375,15992,15061,13763,11681,10413,9646,9227,9085,9048,9034,9215,9440,9414,9422,9688,11039,11889,12447,13284,17317,22367,26545,27273,27052,22525,15579,9567,-3897,-6185,-8579,-9181,-7079,-5086,-3165,-322,2444
7344,11998,16078,16306,14460,14148,13758,12738,11174,10308,9744,9483,9257,9145,9236,9333,9448,9433,9391,9266,9327,9520,10611,10465,10338,10760,15860,22189,23428,21845,18813,13911,8300,1297,-4353,-6329,-9325,-8203,-6527,-6329
-6403,-5127,-2680,-567,1662,4521,8080,10052,14020,14646,14390,15631,13050,11502,10468,9767,9411,9168,9155,9211,9143,9119,9126,9279,9273,10160,10427,9788,11314,16188,21669,28306,31397,26657,19812,15284,7176,-859,-1614,-5793
8831,9519,9671,9119,7902,7025,6854,9172,13117,20010,26528,26396,22878,14280,836,-7947,-8434,-6728,-4407,-1859,1019,2425,3827,7526,8714,10922,13506,12680,14150,11869,10755,10692,10487,10198,9858,9479,9251,9154,9115,9041
8911,8966,9202,9536,8965,8552,8560,8110,8816,9998,11555,12804,16458,20175,23238,23270,21818,17634,10854,-2782,-5614,-7353,-8269,-5310,-1126,1850,2777,5025,7472,9211,11124,15083,13561,14167,14038,12375,11398,10214,9301,9057
9102,8972,9136,9247,9199,9088,9041,9035,8981,9385,10256,10425,10182,10828,13567,16765,20442,25724,29615,29825,25082,23453,10595,-4912,-8791,-8226,-7900,-6398,-4226,-1804,-537,712,2200,6224,8750,10644,11766,13623,15107,14891
12543,10928,9979,9253,8347,8202,8513,8851,9190,9266,9047,8916,9016,9781,11695,13028,12437,19235,24977,25032,23685,21090,18877,16413,8418,-2670,-7878,-8614,-8050,-6860,-5632,-4193,-1461,1321,2778,4155,5254,6957,9513,11389
13390,13488,12820,11656,10670,10240,9955,9810,9346,9131,9038,9190,9273,9374,10004,10156,11034,13089,14911,20386,25906,28455,30311,25236,16333,5928,-1677,-3799,-8895,-9421,-7562,-6868,-5734,-2592,-41,918,3877,7105,9315,11500
15549,15182,17337,15024,12193,10874,9740,9220,8929,9017,8917,9160,9520,9641,10172,9931,9740,10359,12338,14246,18233,22743,21736,23424,24426,19839,10483,-3406,-4508,-8141,-8839,-7465,-7030,-6733,-4352,-952,421,4141,6946,10114
13221,13175,15295,14386,15577,13497,11517,10480,9957,9121,8422,8360,9391,10606,11808,11605,11091,11589,15756,28666,24343,22384,18994,16576,6441,-7896,-9135,-8461,-8552,-7052,-6432,-5984,-5125,-3244,-1754,-153,2919,5291,7138,9568
13212,15199,19634,17220,13087,11696,9782,9309,9287,8519,9112,9803,10240,9933,10692,11622,12643,16554,18531,21086,21498,20764,18844,17561,13676,1947,-10232,-8944,-7259,-7675,-8389,-7886,-7615,-6124,-2980,1241,2931,4529,4869,7184
6443,11010,10409,13559,14987,14419,12594,11147,9861,9008,8650,9016,9734,10602,9601,9771,10789,13919,19540,22345,19479,17050,14985,13919,11479,10058,-7304,-8847,-7607,-8748,-9178,-8645,-8329,-8598,-7614,-6063,-4537,-3239,-1711,721
8910,8924,8911,8944,8983,8957,8950,8974,8992,9060,9885,11313,14208,13250,9639,6918,5175,3253,1441,493,1533,5011,7222,11245,15241,30424,9753,835,-3139,-2252,-1703,907,3574,5658,8087,9180,9722,10350,11064,10617
7170,6981,7505,8919,9404,8031,8275,9130,8553,8832,9011,7904,6688,6458,6622,6326,8844,12634,14340,-27718,-652,2342,-1460,-1813,-767,-446,2132,4550,6115,7715,10682,14036,14493,14499,13437,11701,10595,10788,9725,9507
9379,9113,9235,9475,9194,9205,9402,9368,9260,9229,9299,9275,9611,10424,10844,11403,12932,13431,15555,17678,18310,14056,5704,40,-2401,-500,-872,-852,-76,165,2184,4654,5261,7183,9246,13502,12491,12293,12117,12204
11032,10295,10576,10193,9082,9119,9662,9600,9102,9227,9417,9361,9788,11502,18095,17220,8283,5172,3829,2571,3773,4405,6033,8104,12187,13314,16528,5336,-825,-2633,-2103,-1900,-902,1586,2116,3776,6139,8025,9070,10040
5619,3640,2312,10,424,4399,7793,16716,26611,6621,2163,-919,-1544,-630,1490,3214,4690,6766,8591,11048,11911,11494,11196,11420,11129,10655,10279,9991,9773,9744,9487,9273,9702,11245,15654,13542,7242,3293,3191,4294
3545,8359,9105,10941,14216,-26311,-3713,5967,-536,-3438,-1102,948,3484,3700,6950,9461,13204,13542,14976,14016,12193,10730,9849,9230,9259,9356,9435,9410,9574,10255,12178,15247,12715,7493,5110,4432,2576,1084,2159,3948
8811,6347,-848,-4122,-2572,-2225,-3,3335,3379,4695,7921,9649,12958,13951,13803,11484,10269,9937,9331,9180,8990,9181,9351,10042,11815,16164,14227,7534,4074,3853,5102,6843,5850,4815,5239,7681,9971,11350,13497,21023
9709,136,-2898,-3427,-2844,-2460,-1418,834,1577,2179,4054,6471,8070,10499,11483,12379,12320,11200,10404,10390,10119,9713,9708,9861,9831,9982,10930,13309,16007,12668,7157,3903,2597,1403,2524,3470,5507,9587,13012,-26311
399,390,3136,3226,3811,6622,8206,11493,16084,16375,8611,5639,-221,-3744,-2031,-2375,-2114,-9,2199,3366,4510,7362,8644,11104,12243,13077,13057,11592,10533,9822,9433,9405,9500,9765,9835,9759,10572,13803,17730,13046
9658,9636,9417,9345,9465,9655,9648,9558,9494,9502,9648,9733,9904,10498,11243,16974,21977,11221,1253,-1000,-3,-446,2929,5386,10174,13196,14897,31633,2817,1843,-2744,-3824,-2376,-2646,-2175,-1790,-2134,-2302,811,1025
2851,4466,7666,8975,10625,12120,11980,11411,11030,10488,10066,9949,9639,9428,9233,9239,9273,9342,9369,9290,9214,9327,9885,13658,19047,15160,6102,2547,2646,3175,4981,5465,5032,5550,7485,10200,14270,13578,9284,5230
7393,7823,8342,10484,13563,15182,16832,14269,2562,-1586,-4210,-2567,-2337,-737,1502,2986,5045,6910,9269,11044,11962,13324,12307,11103,10605,10013,9255,9417,9825,9624,9333,9890,13087,16916,13329,5965,2600,2560,4552,6136
4862,5802,6837,8280,9655,13336,15507,17797,14431,5090,3020,-1315,-2808,-1878,-1667,924,2378,3912,5339,8421,9009,11198,11693,10919,10775,10389,9806,9625,9874,10010,11968,15836,16302,9006,3912,3262,2717,3221,1656,3236
6023,9165,10933,18145,2554,-280,-3691,-2698,-3259,-3355,-496,434,1753,3567,4347,6077,7431,9148,9738,11487,11127,10193,9823,9945,9849,9555,9312,9325,9287,9952,11834,13160,11404,8440,6123,3465,487,1063,3956,9215
9161,9162,9283,9088,9102,9003,8901,8827,8790,9065,9165,9127,9172,9166,9125,9072,9156,9361,9568,9642,9706,14605,13912,7501,5809,4707,4170,5483,3038,3891,7201,9831,13241,16188,-26311,-746,5778,2262,573,839
1040,530,1941,4125,4149,5474,7295,8716,9794,11538,12502,12047,10315,9849,9170,9065,8932,9136,9241,9245,9369,10341,11793,10942,8596,6639,6803,7564,7356,6393,5079,4583,5791,7862,9931,11724,12285,-26311,3549,932
11039,13139,14997,15982,29940,890,4290,-837,-1708,-445,-495,810,3521,3927,4718,7447,11016,12089,13341,13180,12514,11665,10314,10064,10284,9974,9527,9182,9076,9065,9026,8979,8889,9236,10400,12424,15344,11251,5732,5115
6209,7921,8145,7981,7414,6240,6277,5895,6576,9348,9946,9379,9011,11852,14229,13449,8464,1613,-241,-1810,-2543,-2337,-1923,192,1729,3301,4705,6420,8613,9989,12048,12394,11270,9853,9473,9773,9121,8742,8887,9527
9532,8877,8865,8997,9141,8930,8738,9957,12637,11136,7775,5342,2867,3300,3240,6719,7536,9817,11901,16976,16456,7982,3193,1326,-1194,-1663,-1801,-1690,-1131,313,2497,3733,5200,7184,10119,11863,14401,14432,12684,11094
10193,10371,10281,8983,9032,9309,9129,8890,8993,9179,9446,9178,9130,9136,9038,9074,8904,9587,10077,8769,9439,11750,14769,17647,19498,15444,138,-723,-3251,-3665,-3292,-3308,-3131,-2523,-843,1073,2275,4217,6640,9002
10399,9923,9622,9402,9637,11021,14872,19458,20891,19391,15642,11637,7736,6366,5440,3137,762,-2215,-4581,-3597,2473,12398,-28096,-26311,-26574,31053,28646,29762,28009,21692,14972,10641,9973,9616,9241,9846,10125,9890,9824,9809
9574,9472,9453,9354,9336,9502,9679,9792,9823,9551,9332,9300,9526,9660,9710,9483,9296,9440,9397,9510,10244,11723,14536,17477,18006,16588,13648,11088,8795,6132,2829,-216,-1969,-1802,276,3029,18940,-26311,-26311,-29744
-32576,31551,25610,19888,13930,11926,10925,9658,9253,9241,9788,9605,9339,9647,9768,9545,9242,9193,9419,9749,9827,9752,9678,9549,9587,9631,9591,9706,9871,10351,10726,12260,11967,11840,12310,11684,11405,10894,8359,3985
-1981,-4551,-3908,-3716,-1593,1256,7456,28777,-26311,-26311,-28586,-28627,32358,22742,17397,12951,10964,9818,9270,9410,9758,10036,9849,9083,9357,9518,9712,9844,9949,9825,9789,9668,9659,9619,9606,9572,9730,10335,12099,15685
18626,18215,15722,13650,11007,7868,3309,-900,-3866,-4891,-1829,7767,25195,-26311,-26311,-26311,-31217,-32371,26256,18847,13864,10893,10120,9445,9320,9639,9963,9613,8945,9560,9901,9786,9676,9799,9745,9737,9636,10129,10563,11003
15017,19858,17555,13651,9653,8705,4806,1766,162,-4581,-2693,2734,11171,29000,-26311,-26311,-28617,-30111,-31931,25430,18816,13429,11404,9222,9364,10079,10237,10064,9439,9351,9642,9556,9370,9485,9676,9730,9752,9508,9528,9439
9586,10133,12370,17920,22529,22409,19541,16262,12437,9303,4070,-617,1953,10477,-32701,-26311,-26311,-27032,-31703,-28368,32671,22087,13138,11598,10663,9627,9324,9038,9447,9498,9512,9425,9524,9604,9543,9575,9704,9683,9694,9756
10098,10922,11993,12720,13102,14456,12650,12156,13536,9850,3898,4661,21192,-28669,-26311,-26311,31899,27098,24532,21264,16915,14523,12502,10302,9698,10111,10275,9397,8907,10041,11001,10260,9728,10392,11341,12278,12381,13041,16265,17889
15501,10396,9685,6831,3518,10491,23787,-26311,-26311,-26311,29628,22301,18760,17908,11473,10071,9840,9589,9315,9076,8802,8912,8953,8809,8657,8421,8447,8626,8876,8987,9336,11061,13250,15759,16698,14562,13269,10409,6336,1527
2033,-1104,-6117,-4429,7320,31320,-26311,-26311,-27737,-26311,-26311,32210,17026,13163,8591,7788,8028,8335,9051,10119,10876,9467,9736,10059,10199,9646,9494,9483,11449,14536,17092,20318,18671,16766,14794,12911,9068,5524,1230,-2375
-3780,-1739,374,5074,19522,-26658,-26311,-26311,-30698,-26311,-26311,27255,16748,13062,10474,9870,10067,9435,9125,9083,9382,9753,9536,9273,9040,9141,9463,9800,9910,10461,11364,13781,18401,20496,17557,17193,17501,14330,7954,2657
-446,672,6512,13779,27301,-26311,-26311,-26311,-26311,-31580,23709,18283,13400,11566,10778,10111,9487,8949,9234,9609,9946,10293,10996,10919,10505,11237,12793,12887,13054,11822,8784,3703,2195,987,-736,-1453,-2765,-2306,-2317,-1871
263,5266,14185,-28790,-26311,-26311,-31004,32296,25851,19369,14595,12561,11305,10427,9764,9801,9637,9333,9236,9340,9257,9330,9436,9333,9342,9249,9350,9587,9962,10742,13324,17362,15562,12791,9652,9958,10189,6807,-471,-3954
-6131,-6587,-6068,-1826,2009,10353,-28638,-26311,-31862,27257,27873,28350,27218,21887,15599,12484,10081,9781,9909,9716,9200,8617,8965,9271,9130,8966,9295,9376,9737,10013,11113,12265,13597,13353,13032,16055,13545,12747,10964,7973
1616,-810,-3289,-4344,-2539,1189,9062,26263,-26311,-26311,-30133,-31685,-29560,31079,23057,15610,12648,10625,10861,10253,9882,9194,9320,9431,9273,9198,9694,10384,13060,19175,22087,17711,14392,12216,9362,3094,225,-2254,-3944,-1729
1486,4292,8220,15393,-26311,-26311,31805,-31679,-32483,27238,21696,16527,12828,10236,9745,9922,9736,10797,12717,13843,14000,11903,10330,8935,8090,6440,3219,798,-2152,-3053,-3651,-2214,-1679,-107,1254,1811,7001,13846,-32559,-26311
-26311,32722,-32670,29757,23342,16153,13241,12356,10469,10359,9825,9273,9008,9305,9938,11416,12277,12023,12558,14313,14155,11615,7921,6728,2948,-867,-2371,-2163,-2719,-3299,-3446,-3373,-821,9089,-26311,-26311,-26433,-31775,-31923,32525
26714,19758,14069,11992,10554,9894,8714,8775,9398,9753,9718,9909,9498,9548,10630,12543,13509,13946,13845,12612,10727,9708,3968,2116,-110,155,-167,-2238,-1806,-2287,2908,18923,-26311,-26311,-30180,29536,30453,28402,26151,20365
20094,13661,10857,9917,9898,9414,9232,9125,9325,10316,11567,13949,15443,13933,13474,12838,10842,6854,4124,553,-735,-1811,20,3627,12876,-31208,-26440,32559,29534,31421,-29777,31565,20374,14623,10613,9799,10395,9986,9543,9657
11080,10960,10254,9676,9354,9431,10145,9378,10290,13141,17632,19814,15782,11344,8463,5966,1978,-1136,-1991,-43,-675,-1565,-1110,11755,-26311,-26311,-30002,26724,27137,27359,24285,21687,17599,13658,13012,10845,9526,8815,8961,9259
9497,9034,9154,9115,9026,9026,9239,9204,9113,9254,9459,9393,9222,9138,9240,9373,9470,9685,11253,12350,9785,908,29307,18148,4581,13253,10654,15328,27108,23585,12346,10706,7333,9279,9044,8582,8274,8907,8905,9150
8646,8585,9050,9399,9330,9209,9109,9044,8983,9042,9029,8966,8959,8995,9068,9101,9142,9299,9155,9191,9076,9064,9283,-920,-2595,15644,356,11780,11453,10235,8775,9264,11305,9484,9179,9662,9533,9261,8585,9375
9411,9076,8986,9069,9179,9214,9252,9325,9296,9422,9498,9482,9411,9333,9411,9464,9418,9312,7996,-1229,131,14065,457,10913,10020,12836,18391,17784,12156,11048,9550,8692,8986,9761,9789,9173,9119,9336,9510,9417
9411,9427,9366,9153,9234,9296,9397,9387,9397,9504,9375,9099,8995,9090,9392,10217,10892,-5646,-6526,14724,5366,12119,15034,14531,10494,11905,10839,7507,9054,9218,8992,8953,9326,9589,9285,8822,9111,9163,9008,9023
9147,9166,9144,9095,9063,9130,9271,9314,9355,9545,9346,9230,8998,9021,4557,3792,-672,12613,2359,13757,15509,14340,10105,12157,9179,8538,9502,9521,9483,9463,9355,9210,9115,9417,9277,8944,9113,9276,9106,9190
9445,9396,9252,9159,9252,9356,9423,9404,9564,9597,9526,9476,9408,9265,8845,1850,6542,5130,10703,6868,13639,13001,5304,15277,11154,8907,9229,9403,9154,9744,9370,9305,9214,8960,8896,9187,9466,9363,9166,9247
9349,9552,9454,9311,9485,9518,9510,9384,9312,9501,10425,10547,8514,-8933,2358,19443,13801,12136,14289,9109,11226,14587,9993,8249,9120,9479,9311,9206,8823,8840,9233,9223,9040,9303,9479,9336,9260,9222,9204,9295
9252,9397,9345,9220,9150,9199,9228,9165,9187,9206,9241,9209,9270,9890,12389,11402,3335,7107,25115,19973,13212,15538,23479,22955,9825,21857,10181,9258,8534,9403,9491,9185,8771,8872,8792,9005,8983,8846,8999,9166
9242,8945,8890,8967,9026,9123,9159,9018,9065,9215,9449,9497,9084,7523,-438,5874,18031,10269,14386,18225,17621,6166,10906,10721,8883,8734,8202,8124,8522,8700,8821,8401,8439,8576,8672,8799,8643,8566,8705,8866
8823,8726,8756,8737,8834,8876,8858,8856,8947,8808,8720,7858,1237,10071,14051,11927,26426,27163,14674,15531,10320,9070,8390,9478,9300,9295,9199,8914,9001,9236,9161,9087,9036,9001,9111,9121,9082,9107,9030,9035
9026,9099,9032,9085,9151,9033,8957,9135,9090,9317,7284,4016,8655,13972,7954,19063,22106,11765,14516,10465,8252,8288,8793,8750,8967,9111,8682,8591,8756,8927,8787,8732,8695,8808,8881,8884,8706,8913,8863,8817
8844,8927,8811,8701,8877,8962,8844,8839,8826,8799,8841,8884,8877,8978,9046,9185,9198,9093,8951,8068,3253,6173,8495,10348,12689,15087,11971,14816,10766,8152,8499,9332,8953,9102,8831,8896,8953,9008,8980,8955
8877,8889,8896,8860,8853,9016,9074,8894,9026,9123,9109,9045,9091,9300,9561,10047,8482,2958,4888,10066,7158,12509,15033,9621,12843,10711,8486,8577,9423,8955,9342,8911,8912,9045,9147,9030,8877,9145,9295,9235
8893,8950,9026,9070,9096,9168,9175,9126,9101,9210,9299,9184,8943,3094,6545,6795,11225,11882,16480,15907,11014,13044,8722,7857,9010,9068,9260,9258,8662,8815,8971,8932,8938,8832,8905,8968,8989,8995,9050,9058
9357,9329,9068,8968,9129,9422,9909,10061,5436,5681,2036,12050,12090,15365,15690,12436,13642,11428,7248,8547,9346,9352,9410,9068,8889,8981,9159,9143,9018,9039,9227,9120,9081,9083,9056,9089,9074,9088,9139,9084
9045,9060,9141,9233,9216,9078,9126,9163,8983,3651,6314,8115,13435,20642,23554,10269,11913,10108,8091,9220,9352,9642,8969,8842,9029,9392,9229,9006,9018,9094,9251,9131,9161,9186,9186,9246,9204,9244,9312,9350
9305,9289,9263,9215,8968,9089,7861,515,7965,12957,6861,9823,8058,6209,11542,9933,8406,9156,9357,9065,9443,9099,8814,9254,9261,9176,8972,9089,9184,9038,8811,9046,9182,9204,9074,9003,9078,9127,9057,9060
9162,9089,9159,9042,9090,9143,9229,9252,9143,9059,9202,9815,4108,9983,12248,9095,10347,9615,7226,11064,10019,7960,9065,9024,8858,9471,9163,8933,9056,9119,9236,9130,9045,9234,9239,9175,9076,9022,9074,9087
9106,9099,9114,9157,9170,9144,9173,9251,9576,9991,9706,-531,7799,6861,9120,8145,6712,9441,10943,9364,8280,9303,9125,9530,9246,8962,9009,9218,9209,9126,8997,9113,9209,9137,9235,9291,9179,9034,9076,9182
9157,9136,9109,8986,8997,9143,9165,9198,9283,9303,7117,3593,1665,12840,12542,18679,14887,12332,11101,9405,8271,8678,9131,9087,9093,8886,8948,9010,9077,9214,9074,9020,9023,8972,9001,9020,9029,8953,9020,8893
9856,9791,9683,9668,9580,9767,9736,9689,9512,9466,9651,9621,9631,9635,9962,9457,9446,9339,9489,9762,9884,9896,9498,9483,9367,9387,9414,9408,9083,8632,9662,11304,13576,17769,25684,-31176,32644,30063,24843,13126
4480,-3090,-3934,-968,5919,11520,15746,19960,26039,-28776,29947,17484,11294,7802,8541,10666,10439,9011,8580,9273,9903,10778,13053,16903,20409,28605,31025,31944,31555,22284,9454,-3604,-5809,-763,3860,8951,15878,23902,28736,32486
23641,17031,12604,8956,8289,9355,9581,9111,9192,9483,9609,9701,9862,9952,9891,9503,9260,9381,12158,17134,22486,32033,-29380,-29024,-30843,24442,9119,-7109,-3356,-1513,3324,6420,12951,19091,26177,-30544,27497,17111,12191,10366
9422,9520,9566,9255,8996,9071,9349,9515,9655,9880,9788,9472,9402,10712,18403,24982,-29218,-27371,-28034,32163,18273,7060,-9089,-7388,-7849,-4594,1223,7010,11506,15358,24781,32698,27352,18353,12253,9914,9301,9399,9411,9270
9278,9273,9549,9688,9658,9561,9595,9879,10496,15143,19517,29185,-26311,-27238,-28911,23195,7474,-4429,-6792,-6379,-3848,1284,6143,10864,15612,24553,30014,26744,18698,13097,10697,10147,9684,9234,8839,9062,9370,9457,9552,9747
9787,9667,9937,9781,13552,19400,26888,-28327,-29685,-30576,27274,9676,16,-7485,-7354,-5190,-1332,2612,7942,13593,19740,29035,28907,20894,14640,10226,8783,8777,9339,9558,9489,9525,9592,9726,9691,9479,9491,9595,10160,18403
26897,-29464,-27526,-28249,28279,9133,-2555,-7916,-5317,-2175,3107,8787,12272,13371,20721,32012,30030,17166,12014,9813,9485,9841,9898,9617,9362,9330,9204,9402,9464,9661,9855,9977,9578,9301,9135,9841,10972,17511,22249,-32601
-29027,-29823,-31376,22882,7632,-6196,-8116,-6756,-4167,-384,4307,9429,12258,18774,30273,30523,19400,13408,10675,8962,9476,9952,9437,9170,9415,9616,9455,9509,9621,9677,9592,9636,9558,9680,10042,11492,14205,18952,28674,-26387
-26319,-26311,25837,7321,-4361,-6696,-6937,-6236,-2108,2208,7254,12976,14945,22149,30969,25579,15524,11238,9357,9228,9672,9563,9180,9255,9483,9593,9694,9634,9606,9627,9641,9673,9865,10441,13948,19047,27529,-26661,-26639,-26311
29251,8657,-4249,-7501,-7698,-5847,-1562,2731,8427,14495,14499,21112,25007,22342,15969,10839,9800,9300,9278,9323,9423,9463,9532,9495,9464,9384,9417,9727,9762,9579,9692,9807,11621,13463,16470,27799,-26491,-27592,-26311,26370
8535,-4406,-6016,-3867,1082,5750,10348,15309,21264,29512,29874,19444,11969,9240,8983,9884,9914,9621,9200,9318,9549,9732,9692,9776,9798,9634,9501,9463,9597,9715,10048,13113,17312,27423,-26311,-26311,-26311,26332,7516,-5533
-5358,-4448,-434,3951,8423,14496,20354,25179,27812,23114,13541,9732,9473,9530,9317,9339,9469,9768,9736,9386,9622,9661,9619,9785,9733,9381,9550,10018,11796,15837,21052,-28940,-27183,-26311,29666,9052,-7820,-6015,-5474,-1684
4106,9138,13269,15589,26309,27752,20713,12871,9136,8300,9185,9722,9725,9526,9460,9794,9688,9556,9706,9773,9792,9636,9701,10163,13084,17778,25267,-27678,-26311,-26329,32434,14542,-1851,-6876,-6277,-4303,-1112,2807,8641,14194
17095,24207,25434,22764,13108,9745,9230,9412,9212,9331,9428,9358,9476,9476,9652,9666,9616,9558,9533,9533,9522,10208,15195,22734,-27998,-26311,-26311,-30030,14981,3215,-8000,-7066,-5900,-2139,2391,7619,12191,15613,20603,26963
24286,14240,9339,8528,9889,9904,9017,9461,10205,9821,9800,9451,9514,9581,9549,9665,10099,11146,15412,21376,-32154,-26311,-26311,-27224,21215,5141,-6631,-7281,-5418,-1478,3369,8362,13947,16141,20979,28435,26797,15042,10249,9190
9417,9846,9670,9414,9734,9658,9702,9452,9297,9679,9636,9761,9612,9589,9770,11097,15407,19859,32234,-27112,-26819,-28722,21485,7335,-6936,-4933,-3161,1136,7996,12671,11300,16964,27582,31016,20836,12063,9640,9384,9261,9423
9376,9911,10040,9643,9507,9747,9658,9764,9888,9694,9643,9582,9525,9908,12175,16820,26100,-26311,-26311,-26311,-30991,13048,-5146,-7035,-6830,-3967,1708,7307,12430,16321,18197,26734,28694,19613,13086,9205,8690,9768,9871,9461
9670,9425,9798,9690,9642,9648,9688,9708,9526,9708,10822,12394,15896,23015,-27873,-26311,-26311,-26311,22072,3311,-6892,-4226,-92,8312,14239,17344,22148,28506,25736,16559,12047,9166,9014,9797,9850,9551,9591,9708,9720,9744
9759,9698,9589,9692,9878,10101,11933,14255,18325,28421,-26311,-26311,-26311,31329,11512,-4490,-8497,-7729,-4990,-197,4958,10643,14960,14146,23999,23851,20213,14334,9422,8656,9257,9871,9973,9635,9591,9742,9759,9697,9691,9888
9712,10056,9810,9399,9046,10824,17179,23707,-26311,-26311,-26311,-26311,22392,4314,-6997,-6443,-3827,1240,6071,12054,18598,16008,21771,27108,24691,15676,10578,8613,9205,10151,10071,9588,9561,9708,9635,9774,9816,9572,9572,9692
9642,9706,9642,9658,9634,9673,9689,9647,9686,9696,9600,9531,9615,9676,9615,9683,10007,12394,15630,22470,25890,23154,27398,9983,6997,11403,16305,21738,28538,29879,13974,12970,13126,11213,10229,9562,10214,9719,8978,9373
9776,9686,9713,9714,9649,9657,9575,9513,9677,10539,14000,15478,20818,28046,28173,-30011,5081,8294,12582,15802,19437,28244,30638,14452,12072,10857,10629,9837,9797,9756,9159,9368,9708,9736,9639,9549,9724,9694,9604,9652
9543,9599,9605,9613,9621,9670,9673,11851,14629,18072,25353,28207,26740,8231,6889,8537,12411,16165,21873,30066,21628,13925,11738,10681,10409,10230,9815,9939,9955,9253,9415,9722,9722,9640,9585,9722,9697,9579,9543,9503
9497,9688,9958,10916,14203,14152,22175,28244,25645,32714,5380,2811,4447,9642,13939,19242,26649,27530,13936,12848,10340,10510,10460,9793,9806,9739,9659,9404,9672,9522,9594,9485,9485,9440,9538,9739,9834,9874,10668,11670
12817,19724,26573,24855,27202,6325,1097,1874,6946,11295,16448,22991,26337,17870,12765,11269,10178,10178,9686,9671,10085,10107,9600,9830,9520,9300,9295,9485,9515,9515,9464,9455,9566,9785,10814,11567,12661,16267,21206,23706
9497,9522,9526,9498,9439,9387,9573,9458,9437,9430,9396,9346,9372,9414,9373,9716,12154,13235,20124,24624,24751,27157,9913,4823,8471,13528,16490,23154,25133,16077,11786,10892,11107,10584,9934,9674,9720,9618,9400,9703
9708,9647,9628,9647,9659,9698,9662,9560,9472,9479,9509,9594,9786,9734,10621,12635,14385,22178,27089,24017,18349,5209,6673,11109,15496,20724,27127,27202,14519,11984,10977,10838,10400,10061,9860,9977,9592,9494,9704,9817
8926,8858,9167,9162,9174,9034,9065,8991,9264,9070,9131,9210,9244,9275,9068,9060,9196,9387,9364,9449,9190,9544,9221,9024,9052,9443,10740,9441,8621,9166,8350,8689,9343,10188,10605,12465,15407,23393,28882,25826
21685,8890,7533,10571,16407,19905,20708,24530,20547,12539,11176,10751,10058,9783,9726,9768,9835,9472,9218,9648,9719,9522,9736,9496,9998,11061,14124,17726,27149,26992,22364,22527,3806,761,5421,11092,13215,20241,30635,26787
13388,11690,10627,10916,10135,9641,9594,9630,9467,9483,9631,9631,9649,9757,9709,9758,11142,15342,18843,27738,27168,23277,20644,3914,312,3794,8655,11510,16099,27049,27032,16559,12167,11519,10764,10016,9307,9576,9629,9448
9551,9655,9708,9753,9756,9759,9698,9672,9588,9402,9235,9301,10064,11857,15757,17483,29973,31659,11786,6120,7856,14298,18361,23427,25882,20706,12989,11684,10585,10449,10162,9854,9747,9712,9600,9670,9755,9563,9677,9576
9593,9637,9558,9648,9572,9654,9642,9646,9661,9648,9469,9261,8850,12805,17411,23861,30279,26385,21098,6244,2726,6318,11129,14080,18980,26555,24598,15247,12970,11526,10354,9707,9515,9576,9815,9601,9443,9670,9788,9604
9637,9655,9727,9744,9709,9709,9568,8951,9465,9904,15387,17124,28068,-32346,27971,23699,2270,957,2913,7682,12160,17551,27941,26539,18494,13177,12388,10585,9485,9232,9630,9623,9561,9680,9691,9713,9683,9594,9593,9575
9619,9645,9613,9702,9639,9191,9496,13445,16839,22139,29058,26940,21009,6497,1405,2687,7364,11098,14626,22657,27480,19627,13189,11352,10463,9886,9780,9730,9445,9390,9566,9707,9657,9694,9689,9702,9720,9737,9654,9647
9641,9611,9593,9635,9661,9654,9531,9240,9260,10159,16582,18962,29764,32522,29555,30771,4012,463,2029,8206,11955,16876,25851,23860,16463,12694,11920,10676,9484,9066,9546,9658,9555,9722,9645,9746,9680,9623,9636,9682
9657,9623,9635,9685,9710,9682,9756,9418,8817,9487,15994,18218,28361,31168,25740,19158,4657,259,4018,10579,13897,19139,25516,21892,15035,12550,11871,10158,9273,9251,9988,9372,9346,9838,9846,9563,9616,9800,9701,9673
9670,9566,9594,9737,9689,9625,9367,8842,9507,11701,17040,20506,31330,-31484,28977,11286,-696,-489,4961,10642,13111,18291,27711,21811,15285,12345,11221,10171,9744,9574,9422,9453,9497,9712,9901,9758,9623,9767,9692,9652
9679,9677,9659,9631,9572,9538,9593,9560,9478,10020,15455,17988,27238,27727,23849,16057,4612,-877,2223,8388,12521,16093,25582,26127,16225,12240,11275,9971,9621,9707,9679,9804,9587,9615,9728,9740,9703,9653,9661,9618
9706,9639,9665,9719,9657,9630,9694,9522,9257,9293,13709,17902,25766,28325,24896,16589,8631,10,925,6748,11714,14956,22629,25992,19026,13506,11742,10386,9738,9566,9586,9585,9661,9617,9554,9733,9749,9776,9601,9664
9543,9640,9662,9642,9678,9621,9615,9605,9560,9688,14130,18946,26350,29676,24643,14472,4893,1145,4062,8975,13086,18799,27587,20305,14322,12105,10936,9725,9508,9691,9752,9481,9502,9781,9712,9800,9690,9758,9733,9568
9609,9603,9618,9604,9607,9576,9574,9550,9566,9633,9993,10395,9943,9370,9034,9261,10740,15398,20390,25504,23846,24587,21095,18836,17488,15575,14214,12208,19316,24181,-31991,-26311,-27390,-30757,-32656,25505,24352,19481,16115,10952
10223,11323,10466,9765,9373,9482,9560,9771,9334,9205,9293,9649,9917,10169,10196,9753,9340,13350,22527,29358,-32327,-27879,32327,25627,19901,13941,13997,21133,30551,-26311,-26311,29289,24848,30386,31420,28658,22930,14968,11988,9903
9272,8570,8548,9992,10190,9720,9724,9423,9504,9593,9667,11220,17107,23721,25957,26514,22586,17737,13298,12038,12022,13864,11474,19171,22015,-29476,-26311,-30051,29791,28863,26688,24252,19970,14420,13051,10844,9317,8644,9068,9886
9506,9385,9586,9598,9627,9625,9613,9561,9510,9957,11279,15257,20406,25256,25033,28246,28231,20932,15491,11935,11780,11180,16952,21979,-31038,-26920,-32243,29555,28791,25750,25661,20361,15668,11671,11437,10522,9405,9448,9370,9509
9809,9576,9493,9613,9710,9726,9706,9224,9469,10017,14323,20020,24650,25475,27867,28087,20120,15154,12817,11240,10715,12807,18902,24418,31622,-29679,-32696,-32754,28996,25427,22592,17666,15348,13704,11660,10387,9227,9203,9750,9581
9560,9500,9397,9580,9506,9643,9297,9305,9264,10234,12251,18030,24466,28479,28295,29330,25360,17779,13178,10419,10961,12555,19352,26615,-26311,-26311,31777,26862,27134,23833,24310,20296,14058,12400,11517,10164,9131,9226,9773,9804
9615,9382,9441,9666,9740,9709,9641,9714,10760,14277,20541,23060,23315,22127,23007,21480,17082,13494,11176,11075,12581,17792,24661,-32435,-31042,29034,25137,23251,22773,26610,21478,16725,13098,11650,10995,10038,9521,9769,9946,9873
9788,9582,9230,9012,9190,9214,9302,9393,10480,15971,21150,25131,23404,22035,19546,17466,16229,14101,12537,12249,14935,22826,25969,32033,-30082,-28380,32620,32127,29956,24520,18543,15029,11856,10533,10095,9923,9974,9823,9713,9674
9637,9586,9222,9172,9293,9460,9558,9866,10526,13669,19302,24706,23827,24179,26330,25033,21638,16534,11931,12706,18321,25626,-32027,-26311,-27016,31814,26205,25676,28963,24207,20050,14598,11358,8598,9408,10166,10000,9637,10620,9985
9297,9433,9324,9230,9512,9860,9885,9807,9725,11165,15009,21041,23591,24116,23471,25664,22929,18430,14524,13497,11446,17563,24284,-30542,-26311,-27877,29695,29636,31316,-32686,24347,20032,14251,10686,8882,9281,9392,9730,9528,9386
9223,9533,9625,9619,9552,9501,9528,9522,10478,14468,19631,23385,22542,21256,21430,19991,16120,12409,10059,10030,12750,21623,30746,-26311,-26311,32427,31715,32576,28589,26285,17793,14186,11694,9075,9141,9090,9431,9751,9594,9460
9339,9485,9622,9569,9487,9507,9575,9662,9671,11388,16231,22371,23321,21914,20655,20568,18938,16365,12688,10163,10293,15236,22741,-29934,-26311,-26311,-30900,-28477,32066,29321,22838,17284,12698,10378,9026,9666,9446,9653,9674,9403
9296,9337,9629,9695,9701,9697,9564,9519,9880,12759,19020,24270,24001,22761,24568,23075,16956,13534,12172,11684,13426,21856,28219,-30015,-26311,-29172,-32091,28088,23630,22602,16461,15575,12813,9573,8965,9617,9779,9197,9126,9556
9658,9410,9307,9374,9677,9886,9707,9665,11076,15788,22013,23228,23833,21619,22841,18933,15456,13895,14246,7903,17211,25839,30462,-30958,-27731,-32499,32412,32273,30395,22001,16193,12048,9986,8965,9485,9484,9751,9661,9440,9366
9469,9552,9555,9598,9630,9607,9915,11058,13872,18911,20081,19843,18638,15571,14033,13573,12646,11420,9010,8694,16924,24715,-26311,-26311,-26311,-31958,27134,22926,24396,20169,15034,14391,11595,9317,8896,9497,9445,9272,9477,9688
9522,9594,9507,9398,9391,9574,9752,9642,10235,13073,17991,21426,22279,20512,19912,21017,18844,17448,17017,12940,11118,19479,26149,29767,-30048,-27502,-32139,31291,27560,27236,21704,15950,12883,11411,9625,9339,9606,9628,9659,9684
9495,9448,9380,9421,9112,9672,9027,9129,11653,16603,22134,22234,22161,21400,22603,24411,19346,15500,15532,12316,12767,22017,29958,-28582,-26311,-26311,-31065,29905,27881,23226,18592,14490,11641,9733,9205,9363,9786,9691,9757,9601
9374,9202,9224,9495,9624,9537,9501,9987,12513,17632,21647,21467,19209,17140,17545,14950,12759,9782,7558,8923,14696,24552,-28271,-26311,-26311,-28412,-26699,-30156,28237,20221,15612,11835,9521,9585,9397,9309,9285,9209,9342,9473
9510,9522,9428,9461,9551,9886,11318,14608,18934,19724,19177,16026,13837,11146,8246,6528,3347,4851,7682,10560,20991,-26960,-26311,-26311,-30082,-26311,-27232,30279,20490,15258,11814,8905,8554,9220,9176,9502,9385,9245,9180,9118
9406,9558,9230,9271,9581,9560,9469,9728,11713,16962,21250,21751,18861,16711,15720,13791,12683,9733,8140,8255,12264,19643,32632,-26311,-26311,-29374,-28310,-26311,-32219,23748,17993,13170,9053,8944,9281,9232,9481,9466,9314,9289
4152,8336,9170,8918,8864,8984,8671,8746,8862,9680,9210,9174,9202,9312,9145,9218,9167,9339,9405,9320,9399,9430,9065,9053,9381,9424,9290,9185,9360,8593,6479,-2443,13196,16181,4898,7914,8779,8768,7542,2323
7668,1990,14860,10619,5489,5996,-3632,11765,8878,15632,19385,11025,4668,4707,10710,9539,9285,9253,9692,9349,9402,9397,9876,9740,9223,9270,9684,9697,9437,9429,9526,9612,9607,9479,9351,9346,9313,9613,9321,9307
8513,6106,-3743,-32608,18389,9248,3414,1306,9028,507,27565,8870,865,1738,11596,9849,9077,10138,9903,9475,9549,9835,9824,9514,9771,9181,9397,9946,9348,9683,9703,9481,9573,9483,9782,10041,9551,9192,9569,9617
9959,11449,9739,8060,6806,2487,7568,27714,9010,9124,4766,7350,7040,19138,19171,5847,384,4945,10565,9333,8833,9305,10382,10159,8997,9208,9591,9639,9400,9554,9351,9503,9539,9655,9489,9633,9682,9451,9642,9494
9519,9624,9489,9515,9570,9548,9630,9536,9572,10371,9988,8705,8842,9605,9345,9658,9704,11988,4819,12424,12683,25802,12115,2340,3732,4892,8300,2796,21030,12099,10454,3339,8929,9961,9595,9764,9530,9367,9196,9083
9829,9537,9115,9434,9624,9411,9570,9273,9381,9336,9629,10421,11073,5469,8285,7498,16023,9212,9206,3816,12548,10884,16806,12434,10825,2871,7631,10718,9278,8756,9694,9660,8900,8798,9622,10263,9156,9022,9333,9405
9570,9548,9368,9516,9393,9560,9498,9368,9481,9342,9549,9441,9745,9817,6813,6816,1561,20925,8072,7289,-672,8445,1249,27085,9293,11595,3667,11208,8902,9124,9709,9500,9866,9889,9727,9357,9601,9530,9430,9540
9381,9345,9722,9453,9394,9543,9659,9844,9666,9595,10572,9315,4903,-11247,25414,7623,8767,5582,8625,3192,25972,11972,11081,-4929,10721,9976,8659,8706,9220,9325,9117,9021,8929,9269,9442,9210,9453,9194,9451,9185
9117,9392,9291,9388,9331,9416,9412,9854,10110,7545,6524,4769,26561,8292,4726,-4006,9836,2634,20198,14614,8572,-1310,5777,11645,8463,9028,9186,9631,9216,8990,9356,9415,9641,9916,9519,9145,9518,9390,9293,9519
9622,9398,9403,9472,9538,9458,9442,9563,9621,9855,9124,8169,6203,9127,31336,10569,7188,7080,10828,7589,13594,15496,12526,1537,4765,9755,10176,9248,9136,9118,9536,9448,9282,9722,9405,9153,8896,9321,9515,9475
9588,9070,9239,9812,9769,9545,9381,9364,9490,11751,13529,1085,20415,19831,18770,10353,11324,2229,11316,9800,17494,15190,5714,2998,1800,10137,9346,9261,9579,8763,8895,9700,9261,9418,9483,9489,9493,9077,9490,9594
9321,9527,9244,9447,9500,9424,9548,9573,9615,8856,8006,4566,11099,8057,10894,1110,4466,9218,13163,18626,10771,4137,-840,9680,10351,9127,9150,9271,9352,9399,9318,9425,9345,9233,9187,9372,9666,9727,9441,9329
9538,9668,9490,9397,9606,9264,9242,9331,8269,2585,11207,24461,8222,8865,4959,8451,11054,18102,17214,6057,2223,7624,10222,8503,9725,9376,9112,9415,9133,9411,9208,9269,9414,9830,9318,9369,9411,9570,9345,9374
9421,9539,9430,9580,9445,9532,9394,9530,9454,9519,9356,9285,9284,8421,3606,10177,21060,8562,12393,-5697,12378,5078,29642,14180,10486,-946,10055,9601,8564,9074,8771,9320,9440,8968,9060,9323,9543,9459,9361,9332
9266,9730,9378,9445,9458,9433,9540,9446,9118,7025,4661,19272,17447,6779,5102,8018,8853,10384,25588,13934,6501,4076,11447,9891,8714,9071,9460,9782,9580,9153,9780,9479,9405,9443,9240,9441,9715,9501,9540,9453
9442,9643,9742,9311,9445,9443,9487,9712,9677,8731,7504,3750,12982,9622,10236,3357,6501,7334,10236,15806,15546,3869,-6028,10126,10407,8604,8926,9325,9242,9372,9184,9028,9382,9229,9340,9349,9185,9343,9448,9133
9259,9216,9352,9264,9339,9397,9205,9651,9428,9206,8998,5497,1205,22663,19718,9308,2588,6560,8163,12302,30200,6285,-2500,8072,10625,8844,9223,9384,9244,9434,9691,9273,9174,9421,9680,9198,9427,9443,9332,9721
9370,9295,9531,9548,9495,9562,9715,9533,9348,9349,7669,5963,1094,12660,11366,10262,890,4653,2664,25073,11474,15150,3044,7771,10740,8461,9300,9156,9222,9246,9269,9455,9209,9807,9631,9513,9338,9516,9484,9464
9436,9459,9437,9625,9919,9871,9883,9834,9421,6613,13350,11148,24237,10492,10065,4232,8228,7025,18254,14184,3883,-203,5284,11136,8458,8950,9737,9564,10090,9545,9277,9345,9558,9612,9475,9525,9518,9514,9539,9545
9567,9716,9558,9465,9364,9618,9510,9634,9649,9843,9888,9228,4669,2774,30901,15629,13972,6807,7505,7685,11045,17629,12542,4276,-2718,10175,8461,9057,9215,9603,9242,9245,9229,9750,9187,9088,9378,9344,9342,9321
