-19823,-14733,-23248,-8073,26210,31933,-21077,-19398,-8886,26210,-30411,-23864,-12329,-7755,26210,-31012,-26972,-18097,-1007,30005,-32041,-24866,-25470,187,-26010,31779,-25714,-26476,-377,-26905,30989,-20170,-27891,-5295,-21967,26334,-20152,-31048,-7119,-20740
31723,-21510,-20860,-121,28632,-30488,-19484,-24081,-3633,-30023,31762,-20224,-24581,-4325,-21004,-27781,-13120,-24178,-10511,-10518,30923,-18430,-24341,-15385,-3019,-24853,-22252,-23579,-3085,-24939,-29904,-16813,-22685,-5349,-17800,28190,-14934,-19756,-15877,-12758
-31754,-13354,-17183,-2646,-16205,-18028,-15317,-14580,-192,-20770,-16415,-18252,-17126,1051,-22245,-19783,-22945,-14007,-10940,-27478,-14125,-18218,-10292,-7991,-29521,-17523,-20054,-4469,-23242,-14754,-5658,-12648,-8526,-5089,-25046,-16131,-24317,-5344,-19879,-30875
-18142,-15048,1026,-20261,-30605,-12698,-21694,-8750,-11145,-24974,-12381,-18823,-4366,-14206,-27063,-12161,-17424,-4177,-15583,-31431,-13556,-20462,-6603,-9613,-25108,-9214,-19131,-11185,-9697,-27997,-14039,-13226,-14414,-2465,-18215,-23024,-5565,-20729,-9201,-14912
-10630,-12218,-9964,-3164,-19757,-25536,-6352,-10957,-4365,-16447,-29654,-3765,-6437,-10766,-5764,-26922,-18598,-12543,-6862,-2066,-26724,-20862,-9631,-8727,-1853,-19746,-23442,-7986,-8515,-3535,-13421,-30381,-7726,-11526,-11154,-5508,-21719,-15110,-12165,-1592
-931,-967,-935,-864,-655,-1510,-7617,-15853,7930,26210,-25574,-15233,-8890,-18930,31300,-1898,-2490,-24455,-8070,26628,-30220,-17390,-10094,-15385,-31385,-8017,-4184,-551,-17308,29291,-11673,-6584,80,-5381,-29221,-21075,-9569,-10104,-1973,-24561
-12092,-7358,-6658,-17224,28686,-8711,-14404,-14424,-8825,-30099,-20235,-4234,-6086,-1426,-24833,-23066,-10748,-20413,-8549,-27894,-8182,-9460,-12165,-3654,-25959,-12372,-10413,-10975,-4968,-28240,-14373,-5708,-10603,-12618,-28920,-8024,-12557,-10906,-16977,31849
-2193,-17457,-14338,-27018,-12144,547,-11224,-13906,-25907,-26691,9169,-102,-19673,-13327,-20172,-23078,7424,3030,-10055,-8753,-18354,-18027,-299,-2544,-4907,-5946,-22756,-10545,5968,-9074,-12681,-11486,-27267,-20103,5984,-2519,-11619,-9420,-18480,-21309
-20771,-1876,11201,717,-10823,-12019,-17472,-20295,8460,5898,-7028,-6376,-15837,-25108,885,4838,-6443,-10016,-19674,-24426,6500,-1537,-12444,-9797,-20787,-17626,-1060,-3521,-7241,-6644,-21567,-19309,11050,-2556,-10588,-10175,-23156,-19894,5656,2823
-922,-977,-1016,-1033,-1082,-1091,-1084,-947,-949,-818,-771,-760,-687,-656,-530,-410,-274,-32,301,1069,465,-402,-61,115,652,948,-273,-50,-4070,-3119,-29942,-16910,5686,-6664,-24462,-25270,-12224,1064,-4912,-8260
26210,-11021,4101,-12578,-19667,-21528,-32756,-2374,-3327,-4341,-19181,-28166,6756,-5410,-10287,-15758,-24405,-1541,-3700,-5401,-11285,-16345,6430,-778,-14115,-9010,-17805,-23371,-3679,-5333,-6263,-18358,-7167,3923,-4249,-5884,-17996,-10707,2817,-8893
1307,1180,722,213,151,359,371,376,312,229,278,295,409,436,-91,-814,3609,6669,3448,2526,-5170,-7838,-7642,-12713,-15079,-11334,699,4787,2996,2349,2217,1583,898,237,-211,-268,-70,113,189,219
-1242,-9,855,450,-1146,-3478,-5831,-6852,-6607,-5752,-12098,26739,-13913,8367,12578,3220,-3407,-4550,-1629,-265,151,-114,-1268,-3918,-6913,-9013,-7796,-11601,-25339,-5140,15273,8375,-2170,-3102,-979,443,55,-1213,-2402,-2976
-6245,-10928,-11764,-8192,-6578,-30307,-28143,13791,-400,-3765,-1652,752,402,-825,-1847,-2282,-3437,-5308,-7672,-8774,-10306,-6379,-21134,31881,-1196,17911,-298,-4273,-1500,-171,67,-254,-796,-1613,-1346,-2200,-4963,-7107,-7677,-7049
-1854,-200,-2635,-4042,-4548,-4653,-4811,-4307,-4488,-5478,-6296,-6508,-11297,-20856,492,13106,-58,-15549,-4749,-24403,-31083,21708,18775,-25190,30512,-31863,22769,-793,-20785,30821,-3433,19726,2864,-16096,-24498,-30426,6806,18631,-11605,-27627
-27520,-4022,16613,-6189,-21627,-24347,-6401,5819,-14495,-26031,-24847,12402,14887,-8914,-19111,-25656,-5046,17575,-6047,-22455,-28156,-7654,22989,2071,-14296,-30993,-19943,22275,13058,-12458,-23815,-26898,-3305,15779,-11273,-29529,-22923,15002,15689,-14665
-27349,-30980,-3601,23930,115,-18471,-31703,-24531,22192,825,27153,-20657,-20894,5545,10896,-10918,-28903,-28310,565,25160,-5223,-28534,-29500,-8072,25974,-5774,29632,31544,-3184,20948,-4388,-30092,-30995,-13596,24142,9705,-18699,-29992,-15009,23649
2747,-27975,27757,-4986,21590,-2653,-26642,-28416,-13809,21185,12252,-15273,-31349,-21967,5324,22860,-6192,-28307,-31522,-13095,24494,-861,-24311,-31481,-10723,18761,16798,-71,-7518,-24109,-14053,10430,-9373,-29159,-27390,16568,15790,-6113,-20741,-21668
-231,22563,-4414,-29539,31839,12792,11717,-14085,-28108,-13982,18984,8389,-14486,-24598,-16493,17724,9467,-14565,-27934,-19670,18401,6057,-13284,-19891,-16321,13617,10214,-7973,-30561,-13798,20454,287,-12535,-13560,-19068,6290,10031,-10647,-23727,-13202
17973,10971,-10434,-19518,-22716,1992,11770,-9320,-22899,14693,11498,-6965,-18732,-21318,-2703,18798,2700,-16051,-22668,-11410,23370,3123,-14918,-23391,-13446,20663,9197,-10071,-20084,-18421,-6305,21869,-17911,-24098,-20419,17813,2798,-13957,-15760,-15337
-7001,18185,-2413,-13465,-23283,-13162,19665,1202,-13491,-18585,-16337,14649,9239,-13168,-24083,-16509,16727,10157,-21529,32025,-11897,25109,3540,-15585,-29121,-6351,16520,297,-10294,-14329,-8947,6784,2605,-4646,-4502,-4397,-4092,-2688,-237,107
-84,-72,74,77,316,467,304,95,77,-190,-242,-410,-341,-56,462,681,832,942,561,-522,-5101,-7602,-7076,-8205,-3122,-2874,3444,8859,-4513,-3488,-54,991,214,-145,384,-249,-994,-1019,-876,-705
650,734,758,821,812,679,542,478,496,601,858,911,1174,1616,-2048,-7377,-13125,-15468,-10377,-6611,-6289,3166,-1148,-2727,2252,5027,4906,3008,-702,-3516,-8294,-13548,-10354,-6300,-2465,-578,-115,1038,1524,1710
-14289,-9117,-10271,-7275,4996,1270,905,5082,7138,6965,1617,-358,-4710,-9016,-7358,-3475,-236,838,-273,14,421,427,315,-285,-703,-432,-42,38,74,116,121,137,181,228,171,107,47,10,-42,-15
564,497,363,162,116,193,184,193,40,-150,-281,-156,-5,127,528,778,946,621,-2522,-5860,-5786,-6795,-4092,-254,-673,2550,2394,-4040,-2993,716,2830,3529,4324,3548,508,-3961,-6426,-6992,-4596,-912
104,176,371,784,1192,1241,805,75,-4167,-14553,-16699,-9215,-1407,1875,2814,9646,330,-5433,-3437,-1333,37,928,2251,3235,2795,606,-3969,-8413,-12834,-11206,-6250,-2771,-1620,-1164,-350,581,849,135,-526,-292
735,-88,-3836,-8640,-7640,-8684,-6435,-3156,-1445,5480,8904,-1384,-4552,-3805,-3473,-1615,-1282,778,2861,1019,-3845,-5507,-3579,-589,1125,625,469,505,409,168,-343,-718,-697,-423,-236,-15,52,19,31,41
-59,111,395,-72,-4581,-13512,-13913,-15031,-8397,-5599,3940,7623,-4516,2759,3998,3591,-115,-2886,-7566,-9460,-4838,731,917,-345,578,564,401,125,-467,-1000,-661,-158,-4,-7,64,87,150,90,25,-43
-23,-164,-72,35,311,563,854,805,698,560,475,529,1238,1717,-459,-7857,-15646,-14170,-13392,-5446,-4683,-1853,8403,4933,-308,2658,4435,3966,232,-3469,-6292,-12595,-9080,-5229,-2193,-709,-158,170,-370,-814
-139,-231,-240,-42,83,226,363,259,273,201,137,274,196,199,438,-4718,-15600,-15843,-11642,-7583,-5661,-2354,5847,4860,894,4447,5104,3833,782,-3079,-7091,-18379,-11655,-7763,-5409,-2568,-600,589,473,-418
-1239,-1161,-1209,-1225,-1178,-1033,-855,-800,-869,-712,-575,-147,122,323,552,652,960,-502,-5828,-7926,-10499,-12449,-7864,-5622,-4318,5765,4460,1246,4605,5513,5950,986,-4554,-14926,-20429,-13790,-9491,-6560,-4337,-1341
-162,-134,-120,-111,-179,-249,-286,-338,-241,8,239,472,1027,1325,-140,-7891,-10316,-6876,-6543,-5704,-4846,-1519,3813,7345,4464,3135,4199,3946,2282,-2441,-8127,-10902,-15377,-9375,-5750,-2847,-1245,-3,534,429
-3066,-8478,-11783,-12582,-12545,-7220,-6054,541,8878,3988,4262,4295,2980,-383,-5850,-12487,-17711,-12331,-5343,-1678,-606,-594,-246,44,-103,-763,-1299,-1295,-794,-703,-665,-516,-557,-553,-441,-429,-504,-414,-374,-426
-524,-507,-491,-473,-430,-448,-431,-389,-360,-337,-311,-200,-164,-234,-32,53,-146,10,-2995,-9545,-10906,-11349,-10921,-4322,-3972,879,9789,4699,2324,886,29,-3026,-9302,-14458,-10244,-6151,-2971,-1495,-1117,-518
1015,1511,1736,1565,1591,1915,1639,807,79,-1,-321,-588,-465,-504,-406,-298,-24,75,262,-65,-518,-4085,-10146,-10691,-14073,-11221,-6130,-4349,3107,4906,2585,3898,7758,8278,6152,-5722,-22385,-28810,-15473,-11021
-4558,-2809,-5619,-3454,-3903,-3364,9879,1256,-76,5592,6767,5184,641,-5367,-11583,-11890,-6353,-1722,-41,-46,372,510,53,-553,-796,-638,-381,-303,-121,-123,-19,-94,-190,-222,-36,-28,-19,-147,-207,-193
-348,-387,-417,-384,-406,-340,-275,-272,-163,-144,370,-137,-3110,-5394,-8610,-11654,-6196,-4115,-1646,10438,6715,511,2010,2034,-1865,-7775,-12940,-8216,-3298,-933,-738,-753,-389,98,177,-596,-1042,-979,-682,-401
-945,-4846,-7951,-8045,-10186,-10353,-10035,2937,11158,-1394,4160,3072,25,-2068,-7316,-13515,-5536,-621,-1543,-1361,-705,-47,291,-471,-1555,-1695,-1245,-836,-545,-253,-262,-467,-356,-119,-25,-47,-80,-195,-326,-453
614,590,259,126,-1015,-9521,-18069,-19200,-10191,-6947,-6831,1346,9876,2018,548,1702,-1634,-6509,-11607,-9462,-4195,84,1082,116,287,-164,-491,-581,-943,-1142,-612,-174,-16,-3,14,-61,-59,64,108,117
-4352,-8838,-5540,-6141,-1517,14030,9408,6658,3552,-1841,-8055,-11543,-7215,-3399,-787,-350,-736,-718,-479,-897,-1088,-811,-583,-507,-422,-441,-471,-491,-473,-392,-232,-277,-347,-358,-448,-547,-611,-623,-541,-505
-139,-150,-157,1,35,81,36,6,56,55,272,-1951,-5728,-4499,-7395,-7149,-7415,-5191,12564,11126,5788,1793,-1194,-5413,-9790,-6335,-2276,-550,-412,-217,253,528,-54,-818,-1086,-784,-653,-690,-572,-430
-190,-231,-268,-311,-347,-370,-408,-448,-157,-54,332,-846,-7332,-11810,-14049,-10325,-5334,-5604,2867,10396,4068,6569,4296,-1226,-7520,-12291,-7889,-2233,-1936,-2276,-1495,-959,-65,-132,-1084,-1401,-833,-615,-569,-480
-5921,-6801,-7364,6268,9786,3803,4258,-709,-3600,-8968,-9041,-4722,-1595,-716,-542,-235,-29,180,-419,-1015,-1251,-971,-709,-521,-432,-404,-471,-425,-230,-140,-114,-104,-175,-205,-283,-405,-463,-520,-467,-474
-205,-214,-102,-22,-71,-226,-277,-337,-285,-211,-228,-140,-119,-86,-29,-34,-24,8,0,48,166,363,460,824,1136,-3615,-5484,-7245,-8938,-5666,-4501,-3560,4979,14222,8346,4457,-1905,-7511,-12626,-9782
-20,111,-311,-3910,-4166,-6135,-6253,-4549,-4832,3842,14771,7307,4828,-1227,-5058,-8595,-8936,-3113,198,1589,2204,1408,166,-378,-684,-1024,-1264,-1058,-696,-611,-611,-581,-542,-480,-344,-261,-222,-235,-290,-369
661,746,740,807,852,1000,1028,922,1001,1141,1182,996,846,530,210,424,-432,-2653,-7207,-12524,-15086,-17420,-17511,-13101,-9039,-5307,-3576,-1743,-2666,-1062,-1821,-2303,-3911,-5952,-5216,-3599,-5206,-5797,-3454,-793
115,-132,-624,-2337,-4461,-8945,-12286,-14594,-15134,-13659,-9695,-8430,20342,-3985,1413,-372,-2501,-4589,-6962,-7887,-6394,-3585,-1735,-1567,-2185,-2126,-1501,-759,-308,55,606,1021,1221,1226,970,652,242,-102,-425,-496
-480,-433,-383,-265,-80,-64,-30,25,20,-5,-103,-79,-94,-103,-156,-200,-213,-228,-199,-159,-151,-77,-15,12,71,60,17,-1433,-4244,-8750,-14566,-17799,-20625,-14113,-8801,-5063,13101,795,916,1352
-1101,-4252,-7403,-6925,-5100,-2946,-1996,-2076,-1348,-754,-654,-748,-493,-36,291,631,644,302,380,429,218,-59,-472,-1983,-5457,-10474,-14661,-15624,-15267,-11838,-7148,-6633,-5167,2925,273,-79,-11,-3511,-7841,-6959
-3827,-1408,-2199,-2886,-1599,-624,-790,-1408,-1115,-182,409,735,994,1045,816,621,286,-169,-449,-659,-922,-2320,-5648,-9861,-12422,-14277,-13915,-10177,-8395,-6862,-3007,2749,1032,753,-1124,-3781,-5215,-5409,-2980,-1279
-490,-395,-394,-393,-387,-393,-392,-448,-534,-617,-667,-1090,-3207,-8099,-12494,-13466,-13226,-11337,-5805,-3362,-3208,3667,-369,188,-298,-3327,-4988,-5862,-5316,-3594,-2989,-3313,-2336,-744,-164,-462,-376,407,1021,1155
186,236,214,254,202,233,265,238,226,121,-58,-2690,-6801,-11373,-14868,-16229,-13442,-8573,-3523,9788,1620,782,-566,-2968,-5927,-7420,-7071,-4748,-3320,-3939,-4069,-2512,-1009,-612,-766,-504,251,728,970,905
190,187,169,189,175,169,162,314,390,727,612,286,-1450,-5484,-11301,-18376,-20070,-19048,-9092,-3764,9950,1024,1834,-729,-2721,-5181,-7241,-7250,-5261,-3018,-2318,-2306,-1833,-1307,-1294,-1380,-611,90,832,1322
-50,-13,2,59,119,195,153,188,267,371,516,570,605,386,-441,-2326,-6018,-12972,-15519,-15142,-14440,-13611,-7112,-1361,5939,2449,1210,-2008,-6437,-7085,-5623,-3369,-1585,-2182,-2701,-1553,-393,-522,-1400,-1419
-70,-62,-54,-79,-72,-62,-11,38,36,24,-59,-511,-815,-891,-1482,-3685,-9437,-15313,-17621,-14678,-9785,-6421,-4209,-844,115,1490,-1617,-3809,-5722,-6856,-6042,-4255,-3061,-3371,-3487,-2640,-1665,-1273,-867,-54
75,-13,-28,-22,116,175,399,426,576,486,274,11,-1461,-4297,-8717,-13867,-14967,-14253,-12091,-9474,12255,-399,1845,8,-3152,-5459,-5933,-6244,-5101,-3550,-3001,-2342,-1054,-528,-1121,-1746,-1513,-542,157,581
-226,-271,-198,-85,-62,-120,-119,-84,-109,-43,-53,-36,1,26,103,117,123,-36,-1315,-4257,-9992,-15600,-17683,-14650,-12264,-7439,-2774,3675,2057,223,-2475,-4127,-6441,-7435,-6075,-3842,-3500,-3521,-2989,-2431
-269,-289,-302,-222,-161,-189,-213,-238,-297,-272,-278,-268,-302,-347,-1291,-3217,-6785,-12430,-14393,-15570,-14340,-9130,-4025,8385,624,1219,-1377,-3733,-4413,-5065,-4374,-3307,-3128,-3286,-2446,-1303,-734,-994,-1143,-641
487,442,394,354,131,-79,-332,-795,-2962,-9020,-17569,-20960,-19325,-14185,-7857,-1607,3984,5993,2721,-189,-4037,-8648,-7590,-8729,-9606,-7378,-3789,-1991,-1699,-678,293,1350,1604,1281,840,765,469,-30,-393,-454
-390,-290,-346,-364,-266,-96,154,67,-25,-210,-207,-347,-760,-1226,-3183,-8114,-17035,-17978,-15251,-10634,-3556,24629,10264,4432,-2054,-7660,-10135,-8507,-8960,-11125,-9390,-4112,-1107,-832,-803,-156,709,990,884,491
-184,-159,-97,-72,-67,-23,-70,44,-9,14,72,-103,-176,-1261,-5625,-16788,-24208,-21753,-11879,-2843,25788,7059,4980,545,-5589,-7614,-7296,-5271,-5600,-5477,-4024,-2551,-1766,-1585,-875,-53,888,1595,1810,1507
-1589,-4095,-9074,-17143,-20522,-19198,-10122,-1090,12221,6401,2744,-2258,-9621,-9218,-6366,-4845,-5389,-5036,-3724,-2555,-2125,-1510,-450,731,1572,1692,1343,1033,789,418,64,-138,-188,-216,-232,-247,-204,-74,-7,46
55,49,32,35,81,58,113,134,140,147,81,54,42,89,164,160,220,293,328,236,195,-1886,-8265,-17366,-26288,-23797,-13406,-3608,6894,5796,3297,-1122,-6394,-5812,-4116,-3266,-4118,-3678,-2205,-1346
-23767,-21961,-12239,9506,4583,7544,662,-4665,-7906,-7975,-6400,-5468,-6087,-5379,-3200,-1355,-880,-509,193,998,1572,1530,1188,1045,870,444,-25,-222,-291,-329,-368,-393,-372,-277,-147,-61,35,-1,23,-18
58,84,25,104,89,115,95,129,134,92,77,13,-42,-79,-66,-28,89,120,169,352,435,511,323,-1907,-9061,-18633,-23056,-21882,-11040,-2821,10655,7507,4354,-38,-7569,-8271,-5175,-4392,-5895,-5747
-8330,-19943,-25671,-20231,-10106,-2935,3321,5158,3536,-2006,-6227,-4538,-2082,-4484,-4905,-2934,-1741,-2147,-1684,-542,669,1505,1757,1373,1353,1269,734,332,67,-59,-189,-323,-333,-268,-151,-137,-129,-114,16,107
1307,1277,1149,947,828,679,550,453,547,662,587,517,284,73,-184,-491,-577,-582,-1128,-425,4217,4785,56,-748,-3275,-6962,-10371,-7353,-6028,-10454,-10087,4492,-2758,534,8640,8429,3443,540,1128,758
-133,-174,-116,-48,111,243,184,506,2647,7994,11898,7967,3336,-917,-4297,-15154,-18480,-15317,-14059,-15230,-13275,-9454,17471,8926,8296,4824,3492,214,522,212,220,107,678,1028,639,50,-451,-698,-856,-993
-568,-279,1809,2598,1781,1993,357,-3317,-4076,-18906,-24836,-20442,-18718,-15020,-10381,7146,3409,2461,2525,-225,-1078,-459,840,573,-164,-730,-848,-844,-955,-814,-717,-752,-708,-680,-575,-510,-491,-539,-560,-592
3448,11240,11362,5703,-426,-24453,31344,-25003,-20664,-17979,3169,1274,-352,164,154,441,-248,-150,-1051,-1221,-1378,-1372,-855,-420,-499,-539,-655,-730,-655,-430,-250,-156,26,49,248,285,162,115,-80,-206
2587,-3923,-4682,-5708,-15270,-24449,-20961,-21232,-21426,-8278,10228,460,-164,936,781,-1072,-1109,-1026,-1204,-1457,-1508,-1196,-1015,-1106,-1265,-1227,-1020,-742,-558,-414,-313,-289,-302,-224,-216,-252,-174,-264,-423,-641
2063,2611,-1169,3613,-173,-4276,-11577,-14472,-15041,-14043,-13098,-13025,-10828,4721,8414,3755,4192,3323,2137,262,729,1149,-1528,-1398,-447,-880,-1378,-1301,-718,-581,-1028,-1435,-1833,-1622,-1173,-993,-867,-716,-745,-943
-485,-490,-625,-758,-663,1032,3906,7690,-1000,-1908,-6013,-5684,-12940,-15456,-14226,-14543,-10193,-10809,-14195,-9458,16889,10767,13861,13886,10778,9079,6033,5047,5644,5221,5606,5392,3995,2103,456,-46,899,2470,3156,2117
963,8248,14143,7694,1565,-5100,-7622,-16727,-23492,-17546,-15432,-14711,-10185,16579,12451,15439,13894,13830,12686,10081,8126,6875,5460,3284,900,-448,1426,4943,6713,5774,4024,4008,3134,2848,1924,1504,1200,921,357,71
-454,-199,64,285,80,-235,-351,-609,-526,-350,-341,-331,-274,-266,-200,-238,-247,-337,-303,-429,-358,-44,1160,9463,9443,6286,-265,-1195,-8842,-20257,-16910,-15163,-18560,-20570,17685,15766,16859,15401,13160,12267
11031,9220,7347,6164,5312,4516,2969,1592,771,861,861,1408,2489,2284,1186,174,720,469,54,-473,-999,-1573,-1854,-1783,-1434,-1202,-1003,-765,-650,-709,-760,-880,-1036,-1125,-1236,-1305,-1221,-1277,-1321,-1316
-325,-44,228,190,867,6020,12384,6978,4555,-2719,-3886,-12789,-19998,-17815,-16175,-17345,-12476,18801,10065,19152,17718,16643,15664,11803,9443,6650,2996,-527,-1950,-2229,-1531,1930,4779,3212,1953,1143,1174,364,-578,-903
8563,3887,-1069,-9074,-14297,-13922,-17569,-15831,-10020,3482,17568,17907,17818,14145,10774,7307,5016,3310,2137,2060,2063,1604,1603,2393,2807,2004,1359,413,5,-387,-711,-1064,-1492,-1950,-1936,-1628,-1404,-1267,-1220,-1242
11735,6181,263,-5220,-12856,-18185,-15151,-13445,-12889,-10447,24193,17749,20413,16380,13485,6850,2982,-323,-2270,-2387,1025,5131,3982,3725,1581,1307,327,-242,-455,-952,-1186,-1379,-1267,-1256,-1195,-1170,-1174,-1124,-1130,-1146
-873,-813,-779,-801,-504,-56,90,195,2197,8970,12111,6689,-995,-4930,-6656,-16053,-19077,-15240,-12996,-11228,-11760,17242,19099,15886,15286,16041,11240,5357,1664,-631,-2254,-2999,-1173,813,102,636,1507,295,-186,-274
5008,-320,-5544,-14739,-17991,-13472,-10769,-7693,3624,13496,16332,21277,19672,14935,10386,7466,5983,6967,6357,5486,3372,-195,-964,-2065,-1338,4527,5257,5185,5438,2345,1244,480,-364,-1045,-1384,-1572,-1507,-1325,-1079,-807
-1060,-1068,-1049,-1021,-984,-978,-1034,-78,5073,9179,8073,6760,3757,-1968,-12777,-19162,-15194,-12197,-10061,21370,22484,17990,16798,14802,13045,9932,9309,9357,8334,7847,6004,2318,376,2190,5586,8082,6534,5467,2819,2667
-927,-977,-1020,-1036,41,5813,12451,8003,4237,933,-1731,-14523,-19707,-15766,-11401,-9786,-8555,25061,21499,20041,16181,12712,10275,8738,8285,8171,6343,3359,884,1209,4197,4231,2298,204,439,430,1653,941,-217,-594
-395,-314,-313,5952,16668,17582,11510,5564,-930,-11199,-19235,-20459,-15037,-12667,-8808,16465,21674,22342,20171,17411,12622,9263,7445,6270,3582,1191,346,1648,3626,4144,4446,2841,1845,1895,1040,952,360,-416,-400,-469
-794,-814,-811,260,7155,9686,9789,5721,3135,-5247,-15740,-19418,-17814,-12457,-11267,-2150,28232,18722,22427,18263,15286,10640,8191,7119,5436,3719,878,-660,-553,443,4125,6504,5093,2573,1209,1014,-58,-475,-471,-740
-370,-347,-313,-347,-333,-322,-307,-348,-416,-468,-431,-406,-400,-365,-319,-390,-541,91,4059,5450,5599,5751,1851,-1397,-4148,-10624,-11856,-13460,-13256,-12340,-13497,2683,19601,18722,19287,18404,15863,12088,9576,9297
-1133,-1148,-1147,-1130,-1103,450,3141,5556,5209,2751,271,-6072,-13447,-14635,-12613,-10330,-11774,-13265,334,12112,16615,19638,16569,13208,7299,4644,3017,3034,3120,3466,2275,1646,1240,2145,1140,-180,-1049,84,589,224
-211,-267,-250,-226,-243,-176,-189,-71,199,71,91,0,459,321,67,399,3198,5255,4190,1723,-632,-2685,-3472,-4146,-2840,7146,12776,8254,1129,607,3415,5215,4769,2506,-1040,-4033,-8307,-10798,-10960,-13802
456,443,484,460,447,456,414,403,316,377,508,388,370,407,751,2370,1353,1610,277,-290,-1822,-3658,-2782,7833,11606,5075,1535,3235,4018,4168,2188,-310,-4434,-6989,-11799,-10470,-15554,-11100,-10143,-9958
-7499,-5879,-3348,-1580,1056,492,-636,-715,-705,-808,-681,-527,-462,-436,-135,-53,-11,5,-52,-23,-88,-7,90,500,498,340,-184,132,-293,-527,-138,250,1265,1696,1057,-1121,-2393,-876,-22,113
-37,-189,-127,-5,-32,-40,32,-145,-127,-164,-86,-17,84,-119,-88,643,371,1625,2568,4107,2604,745,34,-1020,-2047,-1995,102,8580,8635,3296,819,2107,2682,2026,-1556,-4556,-7591,-10288,-11261,-12388
381,333,1644,2542,1955,-595,-1662,-1508,-761,-486,-1012,1711,10660,7895,509,-110,1362,5020,5358,2380,-1756,-4896,-10009,-10387,-12487,-9898,-10159,-6524,-4433,-3777,-2150,-207,420,1123,20,-1252,-706,-157,-202,-347
-179,2,58,-76,-12,-60,-85,-176,-74,-151,-132,-109,-70,-35,-25,-31,10,-13,-100,-443,-225,-412,377,2905,2372,1486,-948,-1259,-1597,-1820,-2308,5811,9984,3652,-2024,-1201,986,2136,2000,1326
-773,-915,-976,-395,44,-615,-856,-16,261,231,-30,-192,-297,6,309,219,5,-62,68,-22,109,192,158,77,19,146,383,612,742,97,668,2009,5357,2580,1974,837,-1481,-3174,-2175,11167
-1157,-790,-637,-765,-799,-983,-1127,-1226,-1292,-1188,-1140,-961,-898,-890,-996,-1136,-868,-15,1137,436,-611,1645,4489,4561,4313,3982,3202,1498,-1819,-3936,-1890,7974,8636,3280,-1084,-1530,369,1030,813,382
-665,-560,-617,-588,-641,-704,-649,-752,-599,-611,-498,-420,-425,-234,24,253,717,-887,196,1374,2120,3846,3467,4697,5356,3299,290,-5228,-4949,3582,7785,5856,1532,32,1237,1602,977,-1667,-4368,-6698
1890,2046,1657,1659,1312,1465,991,1348,1182,1295,1812,1739,1142,696,646,2406,4636,5925,4338,2983,1741,-1377,-3992,-3758,7325,11347,5923,-1145,-1738,366,1797,552,-34,-296,-771,-424,368,1750,3287,2860
-1091,-1100,-1090,-1094,-1090,-1079,-1123,-985,-590,494,2458,983,-1131,-1587,2958,4893,3551,2743,1838,681,-942,-2488,-3664,2703,10718,7335,-128,-1494,-1,1071,848,668,393,544,581,1021,1189,1633,1918,1818
-763,-666,-711,-770,-651,-637,-615,-682,-711,-504,-156,693,782,56,-856,-827,499,1232,3729,4012,2200,1212,456,-210,-949,-4839,-466,8634,8079,1415,-1196,-66,815,742,672,1274,1815,2846,3012,2125
-48,-50,-62,-72,-15,-41,75,107,176,395,874,824,991,492,-475,-1006,328,2421,1772,92,-2232,-3739,-5832,-4659,16648,14065,2174,-571,447,1087,-2576,-5817,-6959,-5217,-1346,1176,3139,1226,-1983,-7039
-3,72,-15,-40,-24,-49,-30,193,419,569,401,805,462,261,623,1654,3871,3251,960,340,157,-73,-1309,-4605,-5095,13888,9814,-52,1761,3329,1870,-319,-2413,-3688,-5343,-7109,-9315,-9974,-11169,-9360
854,577,569,1931,3340,2792,1201,-767,-2109,-3309,-3037,-1080,7781,10295,2172,-1358,293,583,253,335,709,1212,930,1171,1329,-362,-4089,-6964,-9845,-11740,-12527,-12467,-12191,-10917,-9865,-8387,-6099,-3846,-1439,-887
-216,-157,-129,-74,-134,-72,-73,48,75,177,333,293,-46,171,160,-868,81,-724,1373,895,477,-688,-1518,-2868,-1774,1631,9302,8084,2278,-808,-487,453,1155,1419,2543,2331,-405,-4444,-5677,-9036
-1414,-1331,-1344,-1298,-1338,-1309,-1237,-1186,-1219,-1136,-1079,-961,-878,-902,-765,-611,-608,-527,-313,-127,-49,-345,-789,-1061,-1039,286,147,-1196,-2435,-3263,-4256,-3790,1760,10221,8116,351,-2399,-1262,-107,42
-752,-698,-603,-387,-613,-523,-502,-566,-523,-533,-499,-545,-504,-485,-417,-303,-417,-394,-422,-290,-278,69,541,691,263,-2162,-710,3577,5867,4765,3512,1423,-1270,-3530,-2950,7076,12263,1456,-4682,-3250
673,2775,4012,5249,4136,2768,-2113,-3377,-3046,1541,7688,7980,2255,-1232,-1286,-1306,-1214,-857,-509,-734,-735,-886,-997,-600,-344,-386,-529,-205,478,169,419,-888,-1499,-4489,-6262,-9448,-9365,-12847,-11891,-12855
462,-147,986,2458,2372,2579,1012,-407,-1625,-3589,-3916,-3301,6118,11902,4680,-2331,-2740,-1651,-1231,-987,-905,-1275,-1216,-860,-887,-631,-538,-88,324,1598,2526,909,-1273,-4054,-7547,-8944,-10975,-12038,-11893,-10350
-44,216,342,330,619,527,223,109,56,48,232,503,759,831,755,759,651,635,596,-278,-582,-1125,1168,2421,1337,529,-796,-2011,-2909,-2885,5029,12206,4696,-2314,-2777,-1477,-750,-533,-671,-979
848,830,548,-62,-447,-619,1398,3195,693,-416,-593,-1526,-2834,437,5126,6503,3474,-1026,-2513,-1840,-745,-873,-829,-1349,-1373,-712,-757,-922,-715,-973,-350,-29,910,1280,225,-2497,-4707,-6673,-8526,-10027
-46,66,-80,-15,17,113,30,58,233,686,731,1054,80,954,3558,6041,5503,4140,2093,-95,-1792,-2366,-1067,7471,6865,946,-3090,-1971,-914,-578,-729,-833,-860,-739,-848,-720,-681,-888,-735,-777
-37,-67,-163,-140,-156,-53,-109,1,10,0,123,195,348,511,491,542,866,922,1042,1026,1118,857,198,180,1349,2561,3078,2747,1015,551,-49,164,-2267,-1610,6027,11019,-406,-1702,-653,-368
782,386,1344,3347,4687,4342,3198,2077,1789,-217,-558,-230,7417,5491,836,-1607,-1860,-1279,-811,-740,-510,-577,-799,-836,-581,-298,-337,-346,-1088,-1116,-114,971,1263,2229,1277,153,-2998,-4411,-7528,-8800
71,-4,-58,-41,147,330,333,342,488,585,952,1008,1312,556,544,2621,5128,5169,3591,2459,1599,635,-1397,-2015,2302,9209,1773,-3515,-1446,-249,-247,-480,128,-405,-532,-570,-501,151,687,1154
466,248,-5,-5,-6,85,178,364,655,720,712,678,553,395,618,2097,1408,1508,1055,2330,5394,7058,5739,4504,1677,93,-1236,-1044,-1206,1919,6760,6893,2696,-803,-1299,-473,296,256,383,113
35,335,822,575,210,465,631,484,629,612,588,332,479,415,503,441,344,487,629,712,636,593,560,712,788,787,964,848,828,386,-277,1658,4919,5880,4878,3638,2472,1634,-271,-2560
-8163,-8407,-3508,-1622,-1875,-2397,-1828,-854,-870,-590,-896,-655,-850,-613,-779,-997,-841,-876,-700,-714,-576,-535,-495,37,1810,2267,1622,-229,2219,4526,6555,6255,5581,4287,3292,1670,-517,-2817,1806,8189
-1443,-718,-378,-455,-388,-240,-319,-98,-55,62,321,146,189,217,362,635,952,670,257,6,-16,-59,189,449,818,1264,2016,1681,544,639,4018,6467,4343,2971,2625,358,-2708,-660,11541,8805
806,918,1721,1549,652,-1893,-1647,-4013,-19550,-21028,-18524,-17909,-8800,-2230,-4747,-8158,-9060,-9317,-9450,-10229,-10379,-10700,-10391,-10481,-10384,-10187,-10131,-10196,-10430,-10389,-10384,-10064,-9412,-9667,-8600,-8003,-8394,-8425,-8715,-8881
-527,-441,-412,-410,-450,-445,-601,-539,-485,-443,-386,-346,-393,-399,-471,-545,-478,-435,-316,-311,-314,-384,-581,-648,-700,-647,-496,238,371,396,-176,-924,-1398,152,1785,-5433,-16696,-24735,-20783,-17337
-678,-803,-503,-642,-478,-487,-673,-566,-760,-712,-592,-295,-125,453,538,-228,-1637,-1414,-1461,-347,-6293,-18289,-23154,-20253,-17775,-10249,4367,-6358,-8665,-9739,-10135,-10480,-10385,-9953,-8484,-6857,-5841,-5935,-6688,-5688
-746,-608,-569,-123,978,595,697,-2366,-1323,-238,1741,-3752,-12273,-19157,-19870,-19296,-16010,-8735,7155,-5619,-9291,-9291,-9251,-9308,-8497,-7816,-7267,-5615,-5125,-5326,-4214,-4886,-3254,-2270,-1608,-1325,-1233,-1775,-1979,-720
-660,-806,-406,-31,775,775,-1019,-1530,-2002,1502,405,-7574,-16640,-22931,-19709,-18858,-11298,-6101,-1841,-8693,-9287,-9783,-9698,-10326,-10517,-10523,-10324,-10178,-9923,-7911,-5069,-3480,-3858,-4936,-4384,-5463,-4444,-3873,-4032,-2358
-939,-801,-861,-603,-10,795,-589,-566,-2111,-1814,-219,131,-5762,-15242,-22937,-21417,-19323,-14292,13533,-4884,-7862,-9285,-9856,-9909,-10808,-10693,-10347,-10252,-9807,-9257,-8597,-7666,-7530,-6860,-6093,-5368,-5485,-5187,-4067,-3313
-882,-807,-874,-846,-875,-820,-894,-802,-918,-794,-960,-837,-846,-503,164,-129,-1258,-4000,-3193,-1570,2484,-1895,-8988,-20669,-21480,-19251,-11630,-6864,-5613,-9284,-9508,-8954,-8161,-7775,-6464,-5570,-7022,-7233,-6979,-6198
-898,-769,-856,-760,-908,-789,-862,-886,-854,-802,-717,2,1335,-358,-848,-2880,-2233,1330,1536,-5920,-14942,-19623,-20145,-18082,-11893,-213,-6321,-8229,-9403,-9080,-8162,-7520,-6510,-5854,-5197,-4690,-4064,-3083,-3043,-2227
-782,-740,-729,-730,-767,-773,-708,-758,-742,-690,-776,-708,-662,-545,255,850,-46,-1067,-2226,-2666,-1959,-1768,-243,-4350,-13593,-19910,-21671,-17357,-10525,8282,-6178,-9515,-9674,-9794,-10004,-9876,-8195,-5544,-4360,-4814
-540,-677,-581,-656,-797,-581,-592,-633,-641,-663,-631,-714,-674,-607,-372,1304,-50,766,-2091,-3243,239,7438,3637,-5101,-13573,-20468,-23114,-21493,-15112,-8320,6085,-5154,-8309,-9847,-10143,-10446,-10957,-10705,-10438,-10229
-449,-791,-788,-770,-632,-642,-667,-842,-846,-917,-551,-562,-338,472,273,866,-271,-1311,-1838,1229,-1469,-9492,-19101,-23013,-19015,-13774,-7396,-5026,-4621,-8223,-9199,-10076,-10225,-10451,-10517,-10395,-9691,-8952,-6681,-5634
-1232,-1456,-1227,-1196,-1230,-1299,-1292,-1283,-1207,-1282,-1336,-1268,-1321,-1303,-1307,-1200,-1210,-1103,-353,937,625,924,-2334,-2743,-1615,1508,1727,-5552,-16459,-21426,-18233,-15844,-10175,-6743,-435,-7408,-9414,-10049,-10281,-10458
-1274,-1279,-1331,-1307,-1221,-1282,-1226,-1273,-1248,-1240,-1236,-1263,-1242,-1276,-1164,-1190,-1163,-1186,-1106,-1252,-1192,-1203,-1183,-1164,-1196,-1094,-1237,-1222,-1216,-1160,-1145,-1174,-965,810,67,974,-2648,-3147,-2169,1476
-1264,-1166,-973,1562,-80,110,-236,-1592,-2375,451,120,-7310,-16223,-21853,-18863,-17957,-13028,-7502,-2191,-7659,-9092,-9989,-9877,-10310,-10738,-10646,-10266,-9247,-5806,-4735,-5575,-5951,-5282,-3639,-4071,-4027,-3226,-2967,-1798,-954
-1165,-1101,-1200,-1121,-1246,-1110,-1073,-478,1308,-128,-320,-3315,-3341,-672,4267,2424,-5497,-15929,-18352,-17513,-16672,-14268,-7756,-6359,-2279,-8502,-9736,-9913,-10148,-10543,-10773,-10493,-8759,-6007,-5119,-4824,-3819,-3409,-2275,-3125
-1092,-1172,-1124,-1271,-904,-1194,-997,-1192,-1091,-1200,-1137,-1107,-1140,-1151,-1113,-1216,-1104,-1152,-873,488,-134,40,-1094,-4620,-2330,3166,4296,-2979,-13900,-20415,-21805,-19973,-15644,-8467,7745,-5552,-9349,-9414,-10141,-10219
-740,-771,-746,-767,-726,-735,-674,-686,-657,-656,-680,-734,-599,-669,-697,-560,-813,-529,-710,-600,-619,-648,-607,-602,-455,-224,-48,985,764,413,-175,-3521,-1458,-19,1615,-2136,-9748,-17165,-18881,-20011
-761,-783,-736,-763,-874,-718,-800,-770,-724,-729,-746,-790,-791,-582,-194,661,687,-672,-3194,-2306,-844,3597,2956,-7003,-18222,-23789,-19325,-13387,-10282,3389,-7806,-8512,-9681,-10098,-10192,-10793,-10684,-10369,-10195,-10306
-466,-460,-460,-439,-473,-501,-493,-560,-528,-601,-503,-552,-496,-392,-407,1475,1461,961,-1300,-2654,-1756,2106,1365,-6451,-15363,-22078,-19962,-15896,-11799,8823,-6517,-8932,-9716,-9783,-9856,-10531,-10736,-10460,-10231,-10363
-735,-911,-742,-760,-766,-788,-693,-793,-745,-830,-653,-697,-741,-785,-748,-690,-669,-700,-671,-702,-666,-686,-410,590,1362,1750,-1054,-3500,-3336,1148,55,-8556,-18194,-23025,-18869,-14935,-8667,-5982,-8832,-9408
-884,2313,5659,10035,12390,8132,878,-2897,-6800,-12260,-17086,-18822,-14092,-7068,6140,12149,3729,777,4191,6091,7342,4596,178,2508,5009,-146,-805,-445,-624,-714,-381,-602,-685,-841,-657,-630,-660,-765,-744,-705
-712,-639,-588,-343,-418,-524,-562,-487,-347,1382,4251,11446,13123,9995,5837,2150,-2783,-9601,-19534,-20990,-14514,-8430,1671,10052,4197,488,4559,8563,6314,2199,995,1162,1876,-576,-469,-777,-586,-769,-1003,-794
-779,-761,-765,-747,-797,-728,-742,-773,-708,-785,-687,-583,3124,7307,11460,11262,7604,4905,143,-7268,-13349,-18107,-18489,-9250,-4727,2920,5239,3151,990,5388,4470,5251,4356,8673,432,-776,-639,-1292,-240,-116
-684,-641,-647,-619,-643,-679,-572,-637,-659,-620,-562,1914,6317,12227,12522,9367,5043,2813,-1337,-6725,-11397,-14678,-16374,-12182,-5334,220,8565,6513,2650,3947,4389,3344,4395,2516,11471,3190,-1113,-2016,-2922,-1877
-1456,-1453,-1388,-1556,-1440,-1495,-1427,-1467,-1311,-1169,-539,3447,9882,10555,2822,1014,-886,-1245,-3453,-10415,-9270,-6492,-10938,-15518,-11045,-6540,-170,3394,1360,1071,4338,7554,6351,7229,2417,-1177,-673,-1795,-1465,-994
-1255,-1210,-1318,-1222,-1207,-1153,-1200,-1240,-1209,-1149,-959,433,3844,9303,12284,10758,5447,3085,684,-6300,-10586,-12236,-15612,-12061,-5285,2874,9956,6438,3045,3333,5591,4222,2929,3662,753,8057,137,-1069,-1728,-1289
-1219,-1208,-1169,-1221,-1285,-1130,-1135,-1189,-1248,-1191,-1194,-1128,1059,5446,9586,10185,7705,3321,1496,-508,-4924,-11120,-11807,-16795,-13894,-6992,-2495,3822,5793,2727,2085,2338,3636,4899,4796,4415,4068,-393,-631,-1477
-2290,-2249,-2825,-3921,-2965,-2490,-2625,-3465,-3275,-2461,-1995,-2011,-1943,-1856,-1425,-544,-1038,-1022,-597,-187,16,-325,-413,-449,-920,-692,-631,104,1762,4559,7944,7514,4025,1484,-126,-2558,-7203,-9855,-11849,-17382
-15503,-8328,-3268,1463,3405,1675,1221,8740,7946,6157,7958,2813,49,-366,-1682,-2758,-115,-757,-1016,-1346,-1702,-1558,-1264,-851,-1019,-1124,-1404,-1330,-1541,-1713,-1614,-1598,-1732,-2095,-1978,-903,-1153,-1435,-1665,-1678
-1456,-1445,-1619,-1461,-1544,-1595,-1540,-1522,-1512,-1455,-1434,-1471,-1416,-1394,-1461,-1377,-1362,-1395,-1380,-1276,-1090,-199,2695,6888,9442,8156,4500,1868,557,-2446,-7763,-11689,-12643,-14887,-10290,-5428,-2783,3547,3220,2561
2407,3977,4259,3503,11493,3456,-765,-1189,-2396,-1239,-1098,-1317,-1558,-1710,-1741,-1589,-1530,-1682,-1693,-1584,-1562,-1447,-1596,-1531,-1559,-1518,-1488,-1481,-1477,-1524,-1420,-1503,-1419,-1456,-1464,-1401,-1413,-1443,-1546,-1352
6686,12682,9946,5052,718,-1452,-8379,-16330,-21609,-17104,-8958,-5850,-1949,3340,2489,952,3235,7293,4587,7288,3945,-1246,-1076,-2093,-1333,-999,-1209,-1265,-1595,-1437,-1243,-1371,-1419,-1392,-1389,-1452,-1433,-1425,-1401,-1412
-1535,-1586,-1566,-1552,-1587,-1556,-1590,-1546,-1579,-1506,-1479,-587,578,6239,5875,4966,546,-820,-1583,-7633,-13321,-18882,-20158,-15142,-8667,-4249,6405,3624,-368,2386,6885,4363,6225,4566,1355,-880,-997,-1744,-1318,-1040
-1522,-1469,-1531,-1477,-1498,-1481,-1495,-1463,-1505,-1426,-1410,-1373,-284,4852,8235,8157,6105,2457,1322,-4234,-12430,-23551,-22931,-15068,-8057,-2957,5263,3871,1707,4168,6227,5677,2531,2158,2859,-347,-1428,-1743,-1074,-1111
-1548,-1447,-1559,-1464,-1531,-1464,-1437,-1494,-1467,-1366,-255,4288,9918,11261,6132,1493,-1063,-6261,-11983,-20155,-20838,-15428,-7712,-4184,3141,3849,2546,2270,4197,8316,2763,775,3737,455,-1698,-2398,-820,-193,-844,-1025
-1346,-1248,-1342,-1271,-1324,-1273,-1310,-1264,-402,7411,17098,10318,2604,-879,-2867,-6475,-12112,-18313,-19431,-14301,-8555,-4808,4141,3158,1620,2811,4354,5096,3971,9087,-47,-716,-1503,-1295,-995,-1183,-1125,-1129,-1226,-1228
-1596,-1566,-1548,-1625,-1525,-1568,-1609,-1524,-1544,-341,5047,10282,11547,5392,884,-429,-4961,-11219,-14444,-17216,-15635,-8878,-4467,-659,4347,3510,2453,5807,5231,5307,1994,4045,2197,-566,-1558,-1822,-1000,-1103,-1301,-1440
-1441,-1432,-1525,-1471,-1432,-1487,-1457,-1462,-1458,-1451,-1499,-1365,-1364,-1304,-1018,3357,10633,13786,8313,1413,-1003,-5797,-13344,-22628,-20815,-14782,-8816,-4432,3109,3262,684,484,6809,2689,17322,3606,-1798,-1941,-4190,-4932
-3030,-2874,-2168,-2094,-2580,-3034,-1919,-1912,-2555,-2698,-2288,-1637,-846,1567,5646,9135,8644,4520,553,-1869,-5413,-14969,-24395,-22633,-16556,-9821,-6017,4176,3120,441,2166,5130,5599,946,10993,1080,-1093,-2521,-3922,-1755
-1761,-1702,-1675,-1669,-1707,-1635,-1609,-1742,-1559,-1631,-1669,-1589,-1488,-1407,1670,5628,9011,7278,2998,-851,-1134,-4574,-10096,-14629,-17583,-13444,-7692,-4396,3770,3711,1298,864,4288,4448,2683,5049,4128,137,-1257,-2099
-1261,-1485,-1376,-1372,-1226,-1458,-1435,-1597,-1410,29,1071,-643,9057,15820,7950,-17866,-25466,-15454,-17479,-15442,-4713,3063,563,-1760,-1839,-1309,-1790,-1814,-2241,-2227,-2385,-2290,-2275,-2148,-2205,-2238,-2194,-2133,-2244,-2247
-1740,-1742,-1850,-1680,-1841,-1701,-1820,-1670,-1774,-1613,-1786,-1680,-1609,-1680,-1566,-1530,-1553,-1117,400,196,-2244,12530,13724,-3564,-22798,-14685,-21371,-21625,-4890,3065,518,-1292,-1318,-173,-1451,-1711,-2287,-2097,-2204,-1956
-1503,-1645,-1620,-1712,-1621,-1611,-1592,-1505,-1560,-1518,-1558,-1374,-1062,54,1024,285,1659,13590,14182,-14058,-24561,-9104,-11637,-13995,-3107,4126,-794,916,-1293,-961,-2085,-2615,-2514,-2577,-2493,-1687,-1294,-1678,-1622,-1798
-1840,-1808,-1692,-1864,-1663,-1593,-1463,-2081,-1738,-1200,-1583,-1702,-2009,-1973,-1000,1537,-1643,477,13507,4776,-19762,-12734,-11028,-21751,-19600,-2695,85,-1524,-1103,-1178,-1286,-1688,-2866,-2020,-2702,-2583,-2606,-2179,-2239,-1754
-1680,-1258,-839,558,1804,-2664,-298,19946,1377,-16792,-15335,-8725,-10639,-16189,-9511,-296,617,-873,-36,-1957,-1160,-2368,-3655,-2279,-3122,-2465,-2053,-2363,-2192,-2436,-2344,-2459,-2358,-2531,-2299,-2464,-2289,-2381,-2463,-2375
-2056,-2153,-2169,-1966,-2224,-2035,-2139,-1999,-2105,-2050,-2082,-1975,-1899,-1513,342,1865,-2287,-6060,12663,8357,-12737,-18900,-8948,-10193,-17704,-6971,1501,-848,-460,-1390,-1949,-2631,-3359,-2876,-2034,-2543,-2679,-2291,-2367,-2176
-1991,-2132,-2124,-2130,-2137,-2156,-2090,-2077,-1993,-1957,-1773,-819,1913,2579,-246,-305,12785,7339,-15111,-22947,-12331,-13660,-9314,1814,1451,315,478,-354,-211,-1908,-1908,-1799,-1505,-1767,-2016,-1623,-1617,-1686,-1860,-1633
-1917,-2015,-1927,-1803,-2040,-1785,-1775,-1734,-1711,-1678,-1516,-832,1725,976,-1564,233,15335,3056,-15564,-19828,-11097,-9959,-11328,-7104,1422,-156,-842,-1838,-2103,-1759,-3079,-3079,-2955,-3474,-2434,-3190,-2861,-2707,-2496,-2564
-2161,-2068,-1953,-1864,-1911,-1718,-2050,-1760,-1978,-1796,-1937,-1580,-1481,-1246,-375,687,900,-1582,-681,7080,7154,41,-19012,-18750,-8749,-8330,-8125,-346,3980,-462,-267,-1819,-1710,-2904,-3632,-3664,-2317,-1974,-3123,-2738
-2637,-2815,-2668,-2651,-2670,-2589,-2582,-2530,-2455,-2594,-2312,-2457,-2180,-2370,-1992,-1834,-220,1301,1687,-1031,-2860,8165,4379,-13044,-22351,-8297,-7591,-13016,-11841,231,1887,414,214,-428,-1340,-1975,-2667,-2372,-2478,-2391
-1704,-1870,-1708,-1712,-1622,-1931,-1568,-1811,-1779,-2204,-2870,-1608,65,1862,1253,1556,5921,9926,-5872,-16367,-15986,-8546,-7838,-8187,911,1171,-2126,-1441,-2870,-1367,-3437,-2959,-2664,-2469,-2518,-2487,-1986,-2425,-2176,-2384
-2319,-2507,-2356,-2441,-2436,-2615,-2384,-2532,-2327,-2513,-2385,-2437,-1582,1405,1838,-1683,6223,13123,-1530,-19894,-19877,-7215,-4030,-8433,-4413,162,30,-791,-721,-2642,-2130,-3516,-2971,-3236,-2692,-2354,-3018,-2847,-2406,-3113
-2746,-2716,-2770,-2642,-2668,-2689,-2689,-2725,-2579,-2645,-2526,-2413,-2530,-2186,-1701,-10,3327,1551,-2910,473,15149,-5919,-26424,-13758,-7875,-8762,-4824,5441,1204,-1176,-1286,-2121,-2199,-2496,-3129,-2712,-2306,-2038,-2133,-2299
-2379,-2217,-2199,-2263,-2188,-2427,-2172,-2435,-2151,-2363,-2143,-2192,-1860,-433,715,1122,-1294,5693,15419,3024,-22873,-15880,-7765,-10185,-10008,755,2014,-1786,-1169,-2062,-2066,-3553,-3242,-3783,-3369,-3267,-2903,-3060,-2837,-3243
-1924,-2153,-2035,-2095,-2148,-2186,-2148,-2363,-2232,-2477,-3275,-941,1510,1245,2208,9033,-439,-19921,-10767,-8506,-12211,-12341,-3851,-1645,-2579,-1842,-1823,-1194,-3399,-2633,-3662,-3202,-3080,-2641,-2457,-2330,-2272,-2306,-2271,-2348
-2106,-1918,-1864,-2028,-1858,-1990,-1997,-2155,-1965,-2100,-2107,-2143,-2015,-2074,-1892,-2139,-1674,-2160,-1759,-2014,-1846,-1995,-1887,-2308,-2179,-2370,-2375,-2561,-2506,-2461,-2081,-2046,-1943,-61,1073,-2038,2373,15292,1462,-23225
-2126,-1573,-2129,-1718,-1967,-1989,-1747,-2003,-1596,-1956,-1684,-1809,-1792,-1747,-1708,-1846,-1591,-1765,-1384,-1566,-1650,-1851,-1756,-1866,-1919,-1101,1138,1920,-857,891,17728,-4681,-22063,-10508,-7335,-11817,-11953,-1315,3705,-1274
-2087,-2303,-2021,-2063,-2034,-2176,-2056,-2222,-2068,-2202,-1920,-2313,-1819,-1797,1323,1822,-1155,-2357,17800,1144,-21773,-13790,-5638,-8395,-12181,-3903,3666,-754,1342,-988,-1088,-2469,-2360,-2938,-2665,-1936,-1154,-2057,-1980,-1645
-1710,-1795,-1637,-1814,-1778,-1904,-1844,-1941,-1826,-1795,-1743,-1700,-1558,-803,189,414,3745,10897,9559,-11480,-23773,-9396,-9801,-13463,-4987,3644,-842,19,-949,-846,-1577,-2512,-1671,-1429,-2167,-1016,-1046,-1262,-1191,-1391
-1325,-1416,-1535,-1370,-1468,-1316,-1503,-1449,-1543,-1508,-1729,-1137,-897,-2200,-463,2119,-788,8371,15254,-1894,-26370,-14246,-10531,-18239,-5957,4961,-2818,-376,-2010,-1058,-2503,-2607,-2823,-2716,-2470,-2588,-2352,-2512,-2239,-2284
760,805,781,674,459,-139,-463,-1099,-1311,-1440,-1507,-1455,-1412,-1346,-1267,-1215,-1251,-1262,-1346,-1389,-1506,-1601,-2551,-4477,-7375,-6473,-5020,-4666,-6297,-5756,-6730,1038,12780,10975,2665,3868,7209,7343,3473,-1025
1359,1079,688,566,733,868,1075,1471,1444,1348,1336,1250,1245,1456,1500,1462,1362,1365,1362,673,-987,-1652,-4213,-7360,-8361,-7793,-5982,-4663,-3909,2333,10410,8098,6010,3285,4773,3846,-1418,-10714,-18814,-14939
-192,-363,-484,-618,-724,-702,-745,-674,-1632,-943,-1889,-1872,-2540,-3743,-4344,-5112,-5265,-4645,-4252,-6660,-3991,10360,11033,5892,5561,7390,5108,1824,-7986,-14696,-19233,-19205,-18683,-18594,-14416,-7791,-5579,-4194,-4074,-2751
195,605,664,111,368,958,235,42,777,760,291,484,673,576,389,579,17,437,375,-410,-1463,-3945,-8345,-13369,-12992,-11049,-9116,-8654,-4356,9767,8985,9311,4539,5248,6123,3014,-1307,-7456,-14165,-17898
202,338,441,451,356,400,389,421,268,199,198,182,194,290,338,302,195,347,496,336,54,-1254,-1585,-1978,-3697,-6142,-10150,-12275,-9417,-5135,-6618,-8077,-4097,5051,10490,7141,4081,6214,6633,3311
880,717,527,761,360,396,35,-261,-618,-983,-1449,-2017,-2379,-4067,-7024,-9244,-9129,-8975,-7589,-5971,-5559,-6887,-8354,4255,20348,857,1415,4000,4158,6360,7004,4699,561,-5190,-11904,-17946,-23274,-25798,-20952,-9870
-115,34,-229,-285,-7,-110,1,292,247,449,819,894,551,541,600,589,583,390,418,453,408,75,-91,-242,-395,-829,-1667,-3728,-6156,-9433,-11198,-11465,-12102,-9888,-7326,-4597,-4890,-2105,10745,4961
-8957,-9079,-8539,-6467,-3418,-3556,-7502,-6949,9820,8954,3436,4446,4817,5145,5837,2271,-1659,-8053,-14675,-17625,-16848,-13421,-11349,-12991,-13372,-9292,-5455,-3560,-3903,-3418,-2157,-888,-219,11,109,259,405,540,615,539
608,631,575,529,567,618,627,698,727,716,739,754,569,271,617,389,114,-339,-481,-1406,-1143,-1921,-2447,-2909,-5599,-7322,-9348,-12527,-14028,-12491,-9485,-8356,-8734,-5400,6936,5478,3855,5094,4197,3458
544,532,493,487,518,649,781,855,704,587,488,527,512,587,679,779,899,867,870,984,820,718,690,783,1088,1250,633,-2233,-4322,-7585,-13009,-13137,-11499,-10444,-8501,-9546,-7615,-1226,15713,6075
-7006,-5947,-2331,-2169,-6423,-7317,3146,12226,6578,2278,1507,3116,5113,5993,6888,3976,-930,-10013,-14843,-17967,-16817,-19263,-19082,-11630,-6687,-5983,-7070,-5589,-2272,-1072,-745,-238,-235,-125,417,860,935,614,314,162
449,468,523,571,511,486,561,508,490,511,499,521,569,620,-9,49,-503,-793,-1547,-2825,-4386,-6340,-7806,-8421,-7601,-5413,-3947,-3370,-4598,-4625,4306,8479,5340,5583,4598,4255,5313,5047,3287,386
793,764,784,759,775,886,893,899,1015,1149,1320,1434,1670,1883,1598,1258,988,947,957,1057,1202,1328,1317,1286,1650,1477,1551,1621,1455,1494,742,-1682,-4305,-7445,-10173,-8878,-8000,-7760,-6697,-6432
-1005,-2222,-5452,-6825,-5544,-6220,-6680,-5659,-3985,-5915,-7416,-5185,7937,11839,7848,3767,4562,6123,8679,11048,-19,-11517,-15000,-19071,-23550,-20212,-20580,-11428,-6099,-4464,-4990,-3589,-1148,-430,-111,190,-116,-216,245,676
735,832,947,930,895,803,872,905,876,839,891,952,885,946,874,1273,672,746,236,-289,-1643,-4340,-5928,-6219,-6235,-6028,-3520,-990,-450,-1461,-4478,-2200,2941,9340,6053,2158,2479,4301,5392,7326
679,31,-1129,-2757,-5931,-9029,-9755,-9315,-6935,-5115,-4998,-3711,-837,8854,9475,5890,4247,6297,7357,4805,-207,-7936,-14711,-18434,-16554,-14425,-16319,-15456,-9091,-5105,-3773,-2209,-477,-337,-332,-238,-321,-302,-43,219
432,563,675,316,222,49,128,116,222,262,463,560,575,498,527,-214,-2386,-4579,-6935,-7899,-8796,-8198,-5447,-5194,-6289,-3462,10570,10084,4068,3356,3892,4120,5726,8075,7571,3918,-2725,-12285,-17491,-17979
-9085,-7903,-6417,-5708,-4778,1299,10610,10677,6687,5543,8472,9428,9290,-1057,-12976,-14471,-15780,-16546,-13760,-13272,-14818,-10156,-5598,-4486,-3536,-2481,-1095,-405,-175,119,281,552,541,709,705,460,295,326,129,-29
496,522,566,702,769,36,358,694,699,359,415,708,664,534,499,605,882,559,323,61,228,284,479,-40,-2964,-6584,-9421,-9846,-10227,-7489,-5295,-4896,-5393,3232,8483,2319,6460,6871,6850,7794
123,89,135,261,247,78,-1,90,169,-307,-316,158,772,1081,1337,1076,788,661,435,414,576,724,1030,1100,764,-603,-4334,-9182,-10415,-10007,-11310,-10656,-7748,-5952,-5355,-4224,7565,8529,7908,5552
7243,8319,6622,3532,-1726,-10367,-15295,-19897,-19388,-23594,-18761,-9019,-7441,-3718,-1046,-791,-1526,-2017,-1258,-1356,-1924,-1548,-874,-777,-1402,-1344,-547,-596,-1226,-1125,-819,-487,-848,-1254,-1300,-661,-715,-960,-1052,-1299
-26662,-23451,14958,-3212,-5719,-7601,-7930,-7677,-7016,-5551,-3450,-3335,-4018,-4456,-5463,-8272,-11471,-10199,-4104,-592,-9,-1248,-2557,-2394,-6,1779,1595,528,72,-17,-254,-783,-997,-1002,-953,-880,-639,-523,-377,-273
-2226,-2174,-2211,-2245,-2235,-2370,-2728,-2767,-2435,-2174,-2233,-2324,-2624,-4246,-15546,-10517,4167,9668,7032,-5485,-15342,-17266,-10581,-4840,-6342,-18133,32741,-31832,18577,-8398,-5650,-7850,-8240,-4975,709,1159,-3594,-8518,-5562,-6484
-20079,-16835,-20149,-27080,-27088,-7818,-8849,-8093,-6804,-2684,172,-1627,-4555,-8014,-15914,-12505,-10848,-6625,-2118,153,-365,-1218,-1167,-538,346,849,712,442,253,140,13,-135,-278,-321,-133,-15,165,210,388,419
-279,-437,-326,-41,139,34,-211,-186,-753,-619,-823,-912,-947,-1334,-1547,-1410,-2203,-2252,-5685,-18992,-13288,7697,24538,-2842,-16022,-10257,-4780,-3975,-6682,-12644,-17375,-17916,-22091,-27310,-31177,-6102,-6273,-4621,-5416,-6418
-4185,-3375,-2600,-1507,-790,-709,-934,-654,-372,-167,-425,-487,-469,-514,-532,-424,-347,-139,-468,-352,-183,-211,-406,-284,-429,-554,-412,-593,-1042,-1307,-2928,-7326,-21285,-8776,19746,14624,-10596,-11098,-6594,-4358
-1026,-1043,-906,-869,-818,-836,-803,-887,-906,-903,-1000,-874,-775,-928,-943,-1038,-1072,-2782,-8612,-7820,3645,12154,1068,-10952,-8059,-4543,-5862,-18027,26210,26210,-16986,-8496,-2873,-6699,-7533,-8312,-9091,-8504,-8380,-8122
-5423,-5045,-9682,-19700,-30591,27497,26210,-1916,-4963,-2439,-6704,-7562,-7744,-7331,-6594,-6569,-7267,-7065,-6724,-6020,-4805,-1276,-1149,-4399,-10210,-10622,-10424,-8221,-3002,-818,-1353,-1821,-1813,-2885,-2466,-590,1046,1956,2064,1808
-14438,-17301,-20267,-26192,31688,572,-2867,-4676,-8041,-9000,-9187,-8489,-7924,-7542,-7671,-7636,-5679,-3170,-3237,-3843,-5088,-6979,-11051,-9751,-10652,-9861,-5035,-1936,-2240,-3095,-3587,-3485,-2264,-1037,-417,-477,-843,-1139,-1482,-1802
-1095,-1136,-1190,-1094,-1034,-1040,-1006,-882,-899,-872,-728,-820,-929,-990,-935,-878,-825,-732,-705,-788,-775,-799,-692,-933,-1258,-5216,-17553,-4998,14987,11134,-7250,-10231,-6241,-3006,-8790,-17667,-29572,-32316,28591,-11337
-890,-781,-978,-940,-820,-803,-875,-884,-818,-1406,-2714,-9177,-7463,4968,14153,-5126,-10646,-4634,-3378,-7126,-10724,-18981,-31580,27812,-27039,-3639,-5050,-3746,-4305,-5261,-7258,-8121,-8308,-8028,-8172,-8053,-7890,-7767,-7768,-7013
-15203,-26509,-30144,30205,-20657,-8350,-3342,-5520,-7866,-8944,-9284,-9312,-9047,-8697,-8358,-8460,-7493,-4482,-2470,-1464,-2367,-5360,-10960,-11899,-9989,-8065,-5701,-3940,-2908,-2605,-2275,-1980,-1918,-1488,-934,-461,-298,-388,-629,-928
-1129,-1112,-1063,-971,-916,-906,-1009,-1166,-1198,-1109,-1037,-993,-936,-899,-1190,-1121,-1198,-1705,-1304,-4754,-14226,-6596,7466,11198,-2734,-8532,-7441,-6717,-8836,-13532,-27229,29448,28978,-7142,-5629,-3758,-5593,-7602,-8126,-8504
-1164,-1040,-1015,-1093,-1291,-1783,-1765,-2003,-1637,-2174,-8284,-11426,-1038,6604,405,-7470,-5071,-2640,-5926,-15814,-23855,-28994,32381,-32163,-7917,-8349,-6328,-8031,-8003,-8567,-9166,-9619,-9320,-9183,-9114,-9050,-8927,-8203,-7639,-7761
-1960,-3120,-7969,-7392,1639,11053,117,-7731,-5488,-4449,-7767,-14302,-18176,-32603,28065,-26390,-7511,-6699,-7900,-7627,-6511,-7597,-6654,-4797,-1939,-3601,-6144,-7676,-10460,-13344,-13695,-14226,-8181,-3591,-2209,-2719,-3478,-3280,-2142,-813
-5150,-11426,-19296,-28151,32114,26210,-25570,-8614,-5363,-6552,-7991,-8875,-9126,-8860,-8591,-8711,-8745,-9081,-9116,-8531,-7897,-4627,-3732,-2648,-3897,-6072,-7512,-9591,-9139,-8103,-5722,-5174,-3982,-2526,-1886,-1452,-1239,-893,-286,205
-6166,-5769,-7792,-13906,-18826,-26709,31835,26372,-7015,-5656,-7099,-6480,-7018,-8745,-8731,-8741,-8837,-8737,-8518,-8358,-8248,-8099,-8213,-8296,-8302,-8185,-8257,-8172,-8283,-8216,-8283,-8362,-8277,-8310,-8417,-8364,-8273,-8225,-8176,-8180
-4312,-8410,-8119,-9711,-9840,-16015,-29519,27706,-32201,-3840,-5668,-4425,-6955,-6221,-7250,-8411,-8072,-7804,-7693,-7702,-7644,-7561,-7599,-7786,-8316,-8458,-8187,-7963,-8110,-8479,-8523,-8401,-8099,-7025,-7097,-6150,-4523,-2781,-2841,-4075
-25660,32009,27389,-14264,-6742,-4810,-5994,-7331,-9286,-10216,-9931,-9004,-9074,-8605,-8844,-8953,-8592,-9039,-9193,-9191,-9251,-9188,-9069,-9199,-9381,-9587,-9624,-9612,-9650,-9579,-9587,-9397,-9412,-9423,-9364,-9227,-9135,-9150,-9172,-9214
-11835,-22392,-32325,26210,-2244,-7219,-6067,-4829,-6803,-8768,-9439,-9311,-8552,-8110,-8033,-7844,-8060,-8343,-8709,-8583,-8122,-7936,-7860,-7969,-7923,-8096,-8021,-8210,-8697,-8818,-8029,-7644,-7640,-7952,-8184,-7938,-7869,-7952,-8152,-8365
-56,109,290,538,755,796,742,582,375,462,510,528,488,477,548,490,-20,119,28,-267,854,3772,5843,4622,2943,-846,-6055,-13259,-18615,-15839,-17912,-20056,-19985,-14538,-7505,1057,17156,22913,16938,14497
10705,8122,3168,-1525,-2774,-1068,776,2921,5592,1774,16,523,725,2156,2761,2018,751,-430,-858,-410,257,603,585,380,307,403,550,553,669,737,631,486,439,359,272,248,326,436,468,376
226,169,104,46,277,396,506,623,691,605,497,388,150,186,153,134,304,226,-1450,-836,3442,8294,4911,1069,-997,-6455,-10460,-15503,-20054,-18386,-10080,-9682,-13567,-16409,-12743,-8216,-3746,6703,24877,17967
6616,6590,1171,-6382,-12829,-16774,-13499,-8747,-8794,-10753,-15613,-15312,-11765,-8168,566,18258,22121,14054,6685,3007,1824,-274,-2069,-1728,-867,722,-1224,-3206,-351,3484,3649,214,-1886,-2379,-1173,596,1396,1665,910,237
378,-1717,-3784,-8053,-14466,-18443,-13934,-12770,-14800,-17374,-16275,-7845,1476,16188,24545,15781,10471,6922,2727,-954,-2950,-1591,2302,8005,12080,8659,4836,1534,2586,1170,447,-580,-1604,-1174,-841,-1179,-570,188,224,316
1081,1322,1506,1512,1434,1246,1049,1136,1095,3124,10952,13030,11855,5998,-860,-6147,-10792,-16843,-17393,-16387,-16993,-17377,-11532,-1634,13828,23668,12046,-2556,-10440,-9045,-1731,3049,-4478,-4844,-4025,-681,114,-2156,-2540,-1244
374,412,600,638,490,411,408,542,730,690,711,626,588,648,772,957,828,842,672,571,378,208,0,229,-52,-141,-65,3314,9437,8671,7666,3219,-4975,-14811,-26891,-30588,-28483,-20679,-14094,2677
4593,113,-7025,-11206,-17337,-22496,-20047,-22680,-22542,-13780,4671,22526,21581,10464,1353,-2981,-4019,-2065,395,722,892,-3511,-30,4041,4252,809,-1209,-1728,-756,597,977,1227,1136,308,-40,576,1591,1270,796,709
485,127,-851,158,3130,2983,59,-1706,-4768,-7659,-12157,-17072,-14478,-13138,-14039,-13471,-12625,-2621,20091,25538,15841,7011,4719,795,-1270,-1859,231,924,131,-1973,-2846,-2093,1138,2755,1738,90,-716,-978,-512,368
706,669,583,445,411,526,620,663,670,602,498,468,491,617,621,667,575,685,514,556,651,638,676,590,660,1136,6582,7709,5789,4626,-3138,-12594,-22338,-21698,-22955,-18481,-13751,-9543,19943,22817
1032,972,505,216,849,2711,4566,8989,12128,12810,6597,-1410,-12422,-23502,-21282,-22934,-25697,-20031,-16432,6420,21777,17959,8952,4823,591,-3156,-3175,-1098,1883,-499,-486,1937,4277,2084,-534,-1924,-1388,105,1569,2049
813,698,922,943,1013,955,834,781,711,828,953,1177,1130,1071,1245,1183,886,650,770,1095,940,773,867,1056,986,913,873,937,1075,1117,1275,1182,1233,676,2526,5752,4296,1622,-6861,-14984
740,643,392,414,623,789,609,412,521,636,842,772,746,1182,1862,1891,3314,7823,7774,5070,3832,-412,-5498,-11974,-15863,-14574,-15116,-13605,-10334,-5318,13313,20488,16425,5969,1502,-328,-927,-970,-1348,-1796
830,789,698,675,722,776,862,887,864,864,906,1089,1397,279,-335,-278,-837,-450,5081,8996,10701,7603,-1574,-9515,-21658,-22500,-23808,-23824,-21421,-4435,23041,11544,7748,-527,-3597,-3511,-1276,4954,7895,3881
-91,-188,443,522,211,66,-64,-157,-247,-298,-411,-521,-471,-498,-453,-438,-461,-492,-556,156,4119,9627,10703,10196,6326,-1373,-10864,-21609,-23134,-27338,-22915,-13366,12554,21859,10788,-2217,-8544,-6922,-13013,-2583
125,1229,2921,2429,1505,6473,15450,20481,20212,8471,-7639,-23014,-25016,-28661,-25382,-19272,11510,18628,13770,623,-1056,-4243,-4645,-6245,1902,3645,3411,-88,-2011,-1943,-3375,-4331,-2852,-787,702,809,-259,-848,-1406,-1125
211,222,66,14,41,44,220,459,560,746,830,1039,1121,878,1122,1067,907,1048,874,976,62,7298,9322,8148,4878,-3218,-10899,-21543,-24494,-23529,-19211,-16222,16830,15566,4369,-5641,-4736,-3056,977,1781
3251,12190,12469,9323,2411,-3461,-9510,-13602,-11988,-10265,-14203,-18692,-22348,-12419,-2472,9795,23996,15886,11689,9997,8493,3607,-1043,-3943,-4710,-1813,5846,8787,9215,6813,3067,2088,2006,1689,419,-965,-1121,-195,-303,684
-128,2357,4617,1929,-503,-1346,-4103,-9988,-19483,-17204,-13319,-15584,-18646,-18122,-11868,8131,29455,19464,14782,8438,1668,-1920,-3578,-3307,-267,3347,4286,1979,-194,358,1987,2775,1598,182,-897,-1160,-860,-42,511,617
-168,-212,334,570,-18,380,178,-208,-315,120,202,364,205,556,860,534,189,2,28,-180,-25,182,1481,6285,9098,15403,15364,8807,-1248,-10255,-17375,-16248,-20708,-28496,-27165,-10984,15477,28025,16388,13616
2720,2837,2896,2883,3031,3199,3181,3381,3352,3624,3590,3485,3509,3171,2662,2394,2563,1846,1494,1614,1584,1517,1263,898,1223,788,974,1071,1299,1505,2181,2327,4274,-3012,26210,3012,-19430,-11802,-6170,-8228
3587,3747,3594,3339,3406,3558,4076,3795,4092,4320,4051,4014,3880,4069,4082,3760,3990,3809,4548,4362,5344,5003,-13758,26210,26210,-6516,-21646,26210,-26443,2337,697,-149,2655,3147,3268,2120,2835,5057,3826,2953
-18309,26210,26210,28993,-9087,-4792,-1446,280,1310,1198,1147,1505,1247,1992,2879,4755,5526,4975,4256,4035,3986,4648,4936,4294,3900,3911,4608,4982,4638,4459,4039,3961,4057,4065,4168,3989,4142,4313,4598,4578
4205,3953,4050,4184,4097,4155,4052,3881,3982,4104,4353,4192,3824,3813,3375,3494,3633,3727,3591,3737,3627,2609,2600,9442,11902,-1605,8922,9582,-14443,-13146,-18055,26210,26210,-29252,420,-4409,-1536,460,1425,463
2503,2741,2739,3176,-1730,-32460,-24379,-1899,-7288,-5310,-9383,-11444,-25518,26210,26210,-20123,-3126,-1888,-1127,462,1143,333,296,-84,620,802,667,1295,1312,1847,1542,1225,1186,1687,2379,2022,2000,1814,1760,2172
2035,2032,2016,2114,2107,2160,2103,2099,2113,2154,2328,2431,2429,2747,2539,2389,2313,2071,2494,2547,3837,7486,1453,-28933,10415,-10016,-14056,-11321,-9843,26451,26210,26210,-17589,-8410,-6862,-1731,-368,-656,-1350,-1179
-21687,-337,-12761,-4405,-10089,26210,26210,-25051,-4973,-4737,-1212,236,298,1077,909,1986,2395,2551,3022,2996,2658,2260,2739,3001,3063,3065,3427,3620,3905,3901,3913,3887,4086,3470,3188,2525,2221,1908,1889,2191
2386,2506,2446,2524,2485,2506,2485,2321,2448,2321,2306,2372,2624,2576,2624,2588,2555,2492,2356,2483,2375,2440,2367,2443,2474,2457,2491,2494,2431,2462,2497,2223,2401,3186,3784,4281,-11095,-21739,2893,-16989
3990,4055,4316,3983,3815,3877,3863,4202,4401,4653,4808,4709,4563,4407,4575,4312,4037,3265,3139,3044,2747,2448,2564,2381,2088,2243,2269,3609,5272,-4572,-27808,-5745,-5449,-15340,-9225,-8097,-21087,26210,26210,-6582
2460,2671,2725,2333,4314,4164,-9960,-25995,4210,-10008,-13246,-9712,-9566,-27997,26210,27338,-5756,-2795,-487,536,558,636,424,-41,226,157,685,1009,1567,1956,2099,2111,2036,2091,1853,1895,1851,1698,1993,1869
3208,3350,3169,2935,3059,3399,3238,2296,2354,3010,4532,5698,5692,-7284,-20583,-8583,-9925,-11770,-8786,-8631,-18184,-31838,-10214,-3936,-1482,1678,2278,1823,1427,1744,2121,2203,3269,3561,3223,2790,2711,2747,2755,3150
3528,3044,3400,3406,3609,3618,3821,4045,4873,9540,7307,-5231,-101,-11322,-12439,-9373,-14659,26210,26210,-5751,-1084,-3138,239,-291,-1674,-2743,-2552,-2319,-815,-1174,-558,-510,86,86,436,812,1500,1530,1809,2164
2628,2721,2647,2636,2632,2623,2628,2546,2582,2569,2605,2679,2527,2494,2636,2729,2816,2726,2580,2448,2474,2559,2665,2697,2648,2868,2798,2897,3336,3563,9345,7002,-19392,26763,-11258,-15924,-11769,-11704,-30383,26210
2376,2658,2587,2829,3129,3013,2946,3251,3268,3050,3065,3030,3253,3344,3498,3383,3169,3253,3017,3554,5958,-563,-23895,-3880,-15008,-15829,-10573,-11969,-23872,26210,-29806,-2345,2284,2095,2818,790,588,708,176,646
4686,705,-22820,-9276,-5966,-12822,-7276,-7818,-22167,26210,26920,-4722,44,717,960,497,602,195,442,578,706,612,433,855,1405,1656,1696,1304,1416,1246,1427,1307,1379,1210,1310,1256,1337,1384,1399,1393
3478,3445,3481,3347,3060,3259,3129,3087,3101,3075,3116,3505,3401,2968,3136,3218,3406,3395,3523,3552,3728,3767,3663,3624,3745,5228,6111,-16290,26210,8912,-16573,-13746,-10731,-11148,-24821,26210,-15477,3880,2093,2883
7231,-2685,-18538,31189,-17969,-9309,-9547,-11569,-32638,26210,-28630,897,-2026,121,408,1125,724,546,837,1506,1188,1678,1998,1973,2504,3035,3383,3468,3415,3115,2899,2947,3001,3247,3285,3353,3572,3444,3601,3474
8329,297,-19224,-2738,-12097,-8270,-11019,-31990,26210,-10666,5919,5239,5381,4838,4132,2781,2774,2966,3769,4450,4887,4490,4365,4367,4377,4751,4798,3771,4173,3233,3412,3365,3593,3865,3868,3924,4082,4001,4025,4045
4505,4478,4543,4453,4369,4223,4318,4294,4261,4348,4460,4469,4270,4264,4300,4099,4416,4474,4802,5339,7174,7166,-2625,-20369,-5558,-21541,-13266,-14422,-13878,26210,26210,-6917,1028,-885,1455,2264,2880,2597,2058,2339
4352,3887,4277,5063,5377,4492,4304,4990,5053,4513,4319,4756,4879,4690,4553,3235,-12328,4771,-4601,-20241,-15082,-10367,-22983,26210,-8067,8963,-7845,-1589,-67,1027,1280,1275,1337,1526,1493,1087,-331,-504,1817,2466
-2068,-1993,-1999,-1999,-1977,-1967,-2048,-1905,-1888,-1620,-1186,-972,-876,-1222,-4042,-8763,-10669,-13758,-16616,-12632,-9438,-8556,-2501,-999,1960,5224,6351,5965,3846,2605,1383,-438,-2818,-7016,-7347,-5316,-5854,-4116,-6567,-5490
-2445,-2412,-2315,-2417,-2419,-2373,-2409,-2429,-2518,-2467,-2380,-2498,-2252,-2662,-2923,-3099,-3277,-3274,-3504,-3694,-3630,-3455,-3654,-3782,-4531,-4811,-6905,-6801,-7810,-10533,-11334,-12013,-10657,-11149,-12865,-7089,-5490,-1603,6540,5969
5187,4933,3990,2823,1646,-100,-2382,-4526,-5011,-3951,-2927,-5489,-7835,-5333,-1520,-1026,-3030,-4024,-3296,-2770,-3078,-3193,-2527,-2345,-2106,-2045,-2033,-2119,-1916,-2088,-2258,-2834,-3510,-4166,-4939,-6959,-12068,-15395,-22132,-20564
-16203,-13514,-3210,2447,1161,7156,8831,5929,4250,4836,4683,2217,602,-933,-5291,-5315,-3569,-3572,-7386,-7161,-4512,-2008,-947,-2081,-3261,-2810,-2295,-2501,-2580,-2320,-2226,-1941,-1657,-1503,-1353,-1669,-1327,-2524,-6236,-10641
-13903,-18753,-16562,-16582,-14655,-941,11708,11112,5336,2381,3955,5003,4487,3654,3128,1392,-441,-3217,-6300,-6589,-4021,-3909,-3891,-4836,-4657,-2817,-2005,-2557,-3168,-3084,-2945,-3153,-3077,-2992,-2716,-2685,-2702,-2884,-2973,-2993
-2755,-2601,-2980,-3022,-3515,-5786,-9643,-13556,-15196,-14006,-11154,-8775,-9555,1262,6479,6485,6290,5140,4800,5307,5691,3898,558,-1415,-2830,-4587,-2380,-1653,-2016,-2668,-4464,-3766,-1687,-1236,-2324,-3320,-2973,-2516,-2555,-2443
-2075,-1754,-2091,-2182,-2346,-2961,-4519,-7289,-10001,-12116,-13547,-13451,-15060,-5026,3479,5911,5301,3034,3506,4551,5228,5543,3443,-49,-2542,-3579,-4737,-2619,-3135,-3358,-4365,-3311,-3165,-2666,-2212,-2422,-2588,-2346,-2329,-2570
-2412,-2112,-2149,-2221,-2154,-2162,-2185,-2108,-2188,-2279,-2294,-2275,-2272,-2339,-2532,-2846,-3126,-4579,-6013,-7529,-9877,-10855,-12099,-14094,-12935,-10356,-12249,-10342,5265,4809,4076,4293,3773,4726,4725,4268,3839,2324,-1765,-5354
-4568,-681,-2141,-3578,-3802,-3202,-3085,-3274,-2549,-2477,-3108,-3107,-2746,-3040,-2956,-2770,-2484,-2244,-2657,-2882,-3034,-5667,-9151,-11237,-12767,-12859,-12825,-12057,-12894,-8938,6925,9214,6753,5188,4945,5363,5133,3840,2387,-168
-2986,-5633,-4484,-3727,-5138,-4388,-4911,-5330,-4372,-2907,-2746,-2941,-2957,-2870,-2799,-2867,-2831,-2806,-2794,-3070,-3448,-4285,-4513,-5519,-9181,-13599,-14265,-13153,-14562,-13902,-11715,-13083,-12360,527,8562,8879,5722,5863,6291,5907
5823,5763,5352,2606,-100,-2384,-4777,-4421,-3781,-3943,-3499,-4668,-5635,-4462,-3433,-3141,-3382,-3439,-3328,-3250,-3295,-3250,-3001,-2999,-3290,-3208,-3901,-5982,-7033,-9273,-13347,-18169,-23008,-20984,-16670,-8774,2114,8763,10621,8435
-6195,-7217,-7435,-6886,-6196,-5562,-8229,-12741,-17096,-18090,-18578,-19555,-17484,4968,12999,4518,5169,5874,4761,3041,1529,-1002,-4303,-5017,-4299,-3772,-5526,-4470,-4511,-4490,-3652,-3338,-3322,-3278,-3194,-3370,-3529,-3490,-3648,-3658
-2120,-2612,-2817,-3602,-4670,-4565,-4820,-6148,-5862,-6363,-8239,-10243,-11017,-12139,-14244,-16932,-15934,-8823,8370,7766,5156,6111,5200,4785,4708,2610,-1183,-3885,-6880,-5484,-5003,-4646,-4473,-5261,-5350,-3687,-1844,-1972,-3414,-3098
-2652,-3102,-3332,-3365,-3198,-3150,-3214,-3261,-3146,-3266,-1923,-2340,-3666,-6353,-8120,-12300,-18679,-20612,-22071,-18764,-14803,-3086,12584,8179,5490,7043,5550,4850,4954,4094,1773,-669,-3554,-7099,-7410,-5540,-5193,-5251,-5992,-6156
-4318,-2416,-2708,-3748,-4007,-3541,-3532,-3784,-3607,-3332,-3389,-3279,-3217,-2880,-2085,-3152,-11379,-14250,-17546,-21530,-18677,-15064,-11856,-5407,7579,8740,6293,6379,5326,5285,5517,5027,5151,3998,-22,-3268,-6285,-6612,-5764,-6226
-5864,-5532,-3942,-4220,-3569,-2677,-2761,-3120,-3398,-3335,-3390,-3219,-3327,-3629,-3406,-4617,-6158,-8504,-12048,-13476,-17609,-22509,-19997,-18815,-12742,5237,11859,9779,5093,4476,5455,5714,5087,5118,2757,1001,-690,-2592,-2950,-3409
-3204,-4360,-4312,-5592,-3414,-1795,-3194,-3964,-3613,-3034,-3389,-3394,-3231,-3238,-3026,-4704,-6661,-7241,-7822,-11194,-12706,-13725,-14894,-12741,-14543,-16633,-510,9025,6885,4840,4955,5473,5774,5142,5061,3532,54,-1251,-1932,-3734
-6266,-3493,-5677,-5777,-5976,-5315,-2995,-850,-4130,-4141,-4099,-4022,-3150,-2453,-2376,-2244,-3492,-3297,-1995,-6919,-9560,-8516,-9899,-10488,-4971,5043,5539,6618,6449,5795,5229,5739,5665,5089,2542,667,-1591,-3818,-5952,-5100
-4346,-3687,-4838,-4127,-1230,1292,-3860,-4367,333,-1754,-2066,-2053,-2239,-2678,-3175,-4336,-6210,-8407,-12493,-14210,-15176,-13405,-9911,-8247,-6991,4765,2180,3622,8318,7049,3913,4611,5436,5209,4834,3718,-674,-3723,-7560,-7559
-6965,-2454,-2540,-3008,-5227,-5356,-679,-2860,-3414,-2987,-3263,-3302,-3180,-5259,-7103,-7514,-7902,-8893,-10876,-12964,-13541,-11497,-12712,-10751,-5267,9987,4771,3376,7341,5945,3338,3467,3968,3980,4221,3994,2934,1092,-626,-2194
-3515,-3514,-3538,-3542,-3516,-3511,-3551,-3515,-3514,-3528,-3497,-3599,-4012,-4427,-4700,-4265,-3982,-3964,-4931,-7773,-15239,-19560,-24571,-26718,-19749,-26646,-9140,-6492,-6910,-8855,-8836,-5536,-3071,-3995,-6144,-11635,-14753,-15724,-14772,-11759
-6882,-7778,-7413,-6455,-5156,-5004,-4039,-3430,-4854,-6655,-7036,-7134,-7197,-7617,-9740,-16447,-24525,-24469,-17763,5789,-7893,-7395,-7938,-8234,-10108,-8793,-5357,-4893,-5779,-6238,-6710,-8489,-7487,-6992,-5422,-4575,-3002,108,-1158,-2364
-2010,-1829,-1250,-1331,-1499,-1174,-902,-779,-930,-1292,-1204,-1064,-1060,-1313,-2836,-4036,-6606,-10764,-13337,-13549,-13169,-12897,-6195,-10439,-9598,-10029,-10492,-9968,-9596,-7902,-4261,-2065,-4514,-5643,-7656,-7530,-8660,-8149,-6789,-5143
-4537,-3885,-2009,-770,-1475,-2115,-2186,-2258,-2572,-2297,-1851,-1846,-1611,-2720,-2372,-3437,-905,-247,-518,-4549,-8152,-14461,-18556,-20496,-19429,-19526,-1098,-8286,-8331,-8951,-9316,-9707,-8965,-6587,-5140,-4022,-5373,-7536,-10573,-8794
-2413,-1313,-3376,-8403,-15097,-22097,-26506,-21699,-20703,-10998,-7607,-8933,-9241,-9577,-6534,-3254,-3888,-4778,-7725,-9486,-8818,-7985,-6377,-4978,-3758,-2600,-1749,-1819,-1804,-1870,-2419,-3078,-3983,-5131,-6587,-6405,-1313,2184,186,-6800
-14030,-19460,-22337,-21012,-20316,-11381,-10820,-5296,-5984,-7815,-8422,-6190,-2593,-3412,-4129,-6787,-7815,-8873,-7093,-6654,-5464,-4039,-2953,-2593,-2642,-2510,-2467,-2628,-2846,-3127,-3587,-4007,-3526,-2069,-850,-3062,-7384,-9814,-14086,-19294
-8236,-6418,-6664,-7841,-7848,-7827,-5928,-4239,-5443,-5236,-7238,-9564,-10733,-9609,-8780,-7584,-5597,-4222,-3952,-3617,-3505,-3571,-3828,-3966,-5200,-7053,-7156,-2645,1836,1300,-2046,-5579,-7433,-8465,-11316,-14368,-19421,-18130,-16373,-12569
-5725,-6515,-7208,-8024,-8881,-9503,-8532,-6873,-5605,-6220,-5429,-6362,-7804,-6860,-5820,-5550,-5771,-6364,-5090,-3417,-2696,-2719,-2526,-2221,-2384,-2416,-3036,-4558,-4914,-3769,-2245,-709,-1775,-5508,-11144,-16404,-19967,-22534,-20484,-9924
1811,881,-2263,-6543,-9838,-16289,-23569,-25626,-22254,-17510,-6921,-5065,-6541,-8156,-9803,-10450,-10049,-7660,-5905,-4924,-5239,-6236,-6928,-6000,-5647,-4443,-3584,-3099,-2260,-1804,-2021,-1894,-1784,-1682,-1848,-1974,-2142,-3067,-1827,-2131
-963,-864,-1003,-1263,-1783,-1968,-1935,-1842,-1840,-1805,-1687,-1570,-1622,-1833,-2276,-4044,-7058,-544,4460,3781,-1796,-9789,-16458,-23566,-24332,-21407,-18068,-8936,-4073,-4684,-6956,-8875,-9616,-10349,-9542,-9073,-8873,-7702,-4796,-4652
-5465,-6403,-8028,-8541,-7985,-7164,-6810,-6314,-5337,-4531,-3915,-3296,-2949,-2661,-2661,-2719,-2702,-2715,-2769,-2773,-2758,-2775,-3224,-4683,-7434,-4969,23,2096,-376,-4741,-6718,-7518,-9316,-14753,-18702,-21596,-20644,-19696,-9111,-5557
-8064,-13356,-17461,-20028,-19299,-18626,-17453,-3407,-5498,-7697,-8650,-9011,-9144,-7456,-4875,-3834,-4738,-6523,-8678,-8571,-7397,-6000,-5613,-5247,-3636,-2448,-2673,-2463,-2149,-2296,-2391,-2842,-4252,-5190,-2698,887,2049,-380,-5331,-7929
-4601,-6007,-5409,-8045,-14294,-16586,-17855,-17465,-17728,-9201,-5065,-6158,-7492,-9001,-8512,-5247,-4065,-4578,-5265,-7475,-8355,-7958,-7926,-7748,-5841,-4619,-4279,-4227,-3869,-3903,-4739,-6335,-7082,-2761,812,1348,-2530,-9092,-14753,-17432
-18476,-18032,-18880,-17491,-6751,-4386,-5797,-7629,-8486,-7830,-6953,-5061,-4730,-6283,-8643,-9595,-9266,-9016,-9585,-8477,-7152,-6035,-4786,-3793,-3205,-3068,-2955,-2935,-3254,-3934,-5299,-6256,-4682,-2156,-1361,-4172,-9668,-18511,-21571,-22597
-3509,-3621,-3426,-3345,-3506,-3477,-3415,-3463,-3819,-3979,-4225,-4288,-4177,-4113,-3891,-3620,-3418,-3538,-3711,-3906,-4452,-8486,-9340,-1298,3213,-776,-6040,-8459,-10402,-13769,-17684,-21366,-22878,-20335,-6087,-2970,-6570,-5978,-7975,-9334
-9644,-9566,-7842,-4659,-5157,-5622,-6277,-8460,-9269,-10110,-9558,-9054,-8031,-6273,-5114,-4038,-3761,-3903,-3751,-3648,-4052,-4866,-6309,-5428,-3400,-2216,-3176,-5028,-6046,-5801,-6476,-9237,-14795,-19168,-20167,-19634,-18774,1149,-10326,-6639
-19072,-21858,-20441,-14920,9823,-5841,-5824,-7112,-7555,-9497,-9822,-7782,-3084,-2974,-4753,-5343,-8170,-9603,-8655,-8288,-7250,-5933,-5010,-4191,-3515,-2995,-2497,-2494,-2811,-3219,-3722,-4086,-4098,-4089,-3942,-3931,-6212,-7731,-4190,-1762
-2831,-5539,-6661,-4933,-3366,-2509,-1948,-2046,-4919,-9698,-13493,-16853,-21094,-20199,-17656,-14584,-5492,-9132,-7368,-6984,-8673,-9758,-9500,-7939,-6160,-5557,-5867,-6867,-9054,-11626,-11886,-11989,-10168,-7926,-6280,-5320,-4833,-3991,-3403,-3228
-3265,-3782,-3793,-4119,-4309,-4396,-4875,-6169,-7559,-8498,-4725,103,305,-3127,-11261,-16093,-18944,-20087,-22489,-19497,-15420,-12065,-9589,-7642,-7274,-9189,-10317,-10462,-10464,-9080,-5996,-4049,-4140,-4632,-7184,-9267,-8212,-7571,-6549,-5182
-4228,-2750,-1206,-2458,-2803,-2974,-3308,-3360,-3054,-3007,-3152,-3467,-3473,-3443,-3623,-3694,-3837,-3858,-5557,-10897,-14824,-16976,-18825,-19198,-16605,6545,-3686,-5813,-6287,-8994,-10344,-11031,-10808,-10171,-7992,-5192,-4019,-4068,-5853,-8861
-1245,-1365,-1026,-641,-335,148,3300,6334,7342,7845,5146,698,-6016,-10499,-13342,-14095,-13682,-16074,-16770,-15292,-14875,-18720,-19932,1398,10248,8790,5491,8477,12384,8788,2677,-547,-870,-632,-960,-348,-1013,-1142,-1094,-1392
-1335,-843,-451,-705,-648,-733,-787,-685,-716,-744,-891,-1016,-688,-370,-398,-565,-934,-1113,-1030,-521,-43,1146,4498,6953,5970,3527,-437,-2598,-5416,-9004,-11980,-11365,-12078,-10359,-8812,-12567,-30216,-13037,10208,14709
15054,15795,14745,7290,2458,1159,-861,-1839,-1356,-609,544,1143,584,230,-34,-529,-888,-550,56,390,570,392,41,-179,-143,162,239,283,174,473,1972,4873,2500,1377,955,-1227,-3287,-4219,-4195,-4544
-9169,-11502,-11236,-13013,-14095,-12469,-16269,-29090,-11509,4873,10466,14468,16052,12389,9219,1753,-1133,-2021,-2424,-2682,-2221,-696,651,-399,-574,-558,-650,-453,-113,10,-98,-398,-590,-671,-848,-351,456,1439,3274,4851
3812,2515,852,-2058,-6407,-10994,-15074,-15058,-13077,-13518,-14827,-16586,-24574,-16598,7350,11929,12692,13306,11823,6994,905,-728,-2416,-3002,-2336,-1809,253,1136,-46,-120,-238,-722,-807,-363,-249,-386,-424,-277,655,2230
5046,5987,5895,3961,-539,-3633,-6316,-7613,-10846,-16068,-16787,-16218,-18459,-25452,-10565,5980,9157,15446,15997,13800,9159,2288,-546,-2211,-1921,-1746,-1148,496,534,-423,-584,-729,-935,-572,-356,-413,-454,-879,-486,-180
232,1456,3339,8276,10199,8255,5168,1068,-4907,-11992,-16590,-19916,-20773,-21498,-28492,-12410,3545,9570,9647,12298,12819,5686,1671,638,-1996,-2775,-1319,-332,182,32,212,-311,-957,-809,-574,-174,194,214,251,451
1585,3688,3253,2326,1104,-1367,-7379,-9068,-6059,-8489,-16888,-21820,-24312,-21851,-2021,7948,11194,14193,12816,9935,6263,3308,-524,-2102,-1538,-1350,-510,821,-1111,-1695,-653,-861,284,1775,2503,1787,3503,5478,5419,2793
-730,-3590,-3737,-5382,-9850,-12285,-10802,-3184,569,13092,13609,10075,7434,8499,469,-1359,-1890,-1263,-101,54,308,510,-22,-171,91,-76,90,-22,-3,436,1118,2501,3602,5142,7247,8370,10003,6628,-418,-10320
-12700,-9806,-9836,-13931,-24083,-22263,-3842,4079,8549,13264,19020,17187,635,-389,-5965,-6249,-5224,-4556,-3595,-1295,1969,-98,-487,-256,-1014,-1892,-2012,-1881,-296,1523,6646,10236,10235,7774,3160,-2545,-7518,-9735,-14335,-16087
-16722,-16590,-16685,-18719,-21441,-14875,-2056,4607,1912,6449,11914,11132,5235,907,-1720,-1058,-821,-1570,-949,-1147,-1263,-1074,-1163,-988,-809,-594,-644,-544,-329,315,1860,4844,7452,8649,6912,3448,480,-2549,-7347,-11879
-15673,-16253,-14969,-17747,-21741,-9822,7512,14226,16368,16363,10998,7073,2611,164,-2216,-2078,-775,-739,-1061,-756,-447,280,1008,1164,1408,2905,4222,5064,5774,4159,1821,-508,-1747,-3930,-5168,-6192,-7371,-8920,-10269,-12166
-13940,-14139,-19436,-18263,-1463,14232,15118,17766,14864,10691,6367,3420,1815,961,456,722,544,-29,-651,-596,-730,-717,-436,-296,-70,-56,-15,406,1216,1994,4275,7800,8249,9224,7603,3132,-1708,-4753,-10465,-13011
-10990,-9652,-14452,-19546,-18768,-22440,-27298,2586,8227,7384,5521,7575,8030,6184,1669,-520,-2457,-3250,-3117,-1196,54,-1945,-2115,-1440,-1911,-1792,-857,-702,-208,127,1557,2553,4402,3922,6284,8558,5759,1967,-1962,-4585
-7234,-7889,-10718,-14088,-15353,-16836,-20064,-22507,-9826,-95,4280,7398,9469,10691,8045,2899,-22,-1870,-1989,-2096,-345,-170,-773,-869,-1280,-1135,-436,820,4170,7774,9962,10717,10347,6247,1374,-4906,-10221,-14040,-15795,-15312
-13897,-12226,-14194,-17085,-5975,12968,15295,18186,19591,17091,13002,6855,3360,4,-657,-30,390,2248,3929,5055,5570,5334,4688,3709,1721,834,429,-36,-1153,-3906,-6631,-8690,-11709,-14499,-19992,-21227,-19391,-18744,-14189,1847
15500,17715,18165,19677,18453,10487,7305,4070,825,4,-271,-111,1572,2434,1121,2539,2470,3666,5178,8578,10554,10614,7882,5251,0,-6760,-9572,-11150,-11813,-13236,-12586,-13076,-18277,-30457,-27918,-116,5379,9165,12100,12828
11150,7318,3168,37,-2321,-3210,-3171,-2411,309,561,-517,-905,-1532,-1333,775,2229,4205,5802,5703,4126,2458,1567,-882,-2211,-4413,-7375,-11192,-16064,-18316,-20054,-22381,-32710,-24969,3146,8715,8309,8903,9431,9688,5575
9609,3467,1186,-841,-2232,-2299,-807,-1015,-1215,620,1435,4240,5334,5764,6381,5172,1547,388,-1822,-6584,-10903,-14671,-18854,-19929,-18933,-6807,2911,3673,5617,16253,21614,24796,18220,10762,4811,1887,-135,-1531,-1292,-192
1689,1249,-66,-1121,-1823,-1101,239,-1298,-309,1997,4775,7084,6165,3594,-88,-2464,-4089,-7008,-10336,-12384,-14528,-17040,-19886,-29761,-27806,3406,9535,9039,7726,9400,8941,7855,4775,1905,1745,-532,-1058,-908,-1274,-1088
1589,1568,1881,1721,1562,1482,1583,1506,1482,1416,1267,1219,1431,1678,1779,1660,1635,1982,2273,-910,-2520,-19421,26210,26210,-24711,-890,-4933,-7862,29521,32446,-7290,5254,3891,5553,5570,4122,3363,3765,3656,3573
3066,2976,3187,3348,3176,2828,2598,2591,2601,2680,2632,2564,2549,2545,2583,2559,2619,2665,2537,2646,2636,2834,3018,-11850,26210,-10405,-23763,-7257,-14619,-30701,-20017,-98,3341,2612,1906,2568,2694,2635,1680,1783
1954,1663,1763,1964,2064,1978,1939,2049,1954,1949,1982,2118,2127,2114,2215,2121,2030,2209,139,-21832,32696,-7331,-20121,-4250,-4434,-5118,29806,26210,-3594,2734,3445,2085,2175,2496,2720,2430,1840,1839,2160,2265
2023,2003,1999,1947,2049,2023,2039,2021,2072,2284,2400,2079,1845,1827,2065,2236,2735,-17094,26210,-15543,-18611,-5354,-13266,26210,-23879,1548,4912,2247,3175,2951,2534,2355,2364,2615,2428,1932,2224,2185,1919,1907
1990,1981,2140,2094,2059,2065,2264,2342,2501,2588,2202,2330,2134,2202,912,28496,-32444,-18379,-15331,-3813,31253,26210,-4133,4395,1371,1469,2270,1702,1204,1513,1771,1487,1422,1696,1690,1584,1736,1711,1632,1893
1551,1426,1184,1082,1279,1389,1591,1475,1568,1699,1848,1953,1925,1802,1726,-4727,-29914,-15643,-15145,-11617,-18412,26210,-15858,3529,3725,1514,2151,1711,1508,1621,1477,1312,1303,1160,1222,1443,1792,1664,1484,1617
1495,1422,1553,1486,1462,1389,1364,1196,1289,1786,2163,1318,-302,-22206,26210,6077,-18129,-26087,26729,-25125,-660,5850,760,-1143,250,1255,1440,1403,1225,1220,1301,1489,1250,1681,1938,1621,1403,1332,1232,1316
1432,1721,1536,1451,1399,1384,1347,1312,1319,1423,1337,1325,1409,2077,3700,-975,-4689,-10353,26210,-31448,-13068,-9555,27724,26210,-7772,5818,3229,1599,935,1694,1678,1135,644,801,872,1100,1105,1044,1525,1749
1587,1389,1304,1486,1603,1596,1626,1502,1580,1686,1717,1704,1727,1312,-19898,-25953,5047,-19761,-18699,-31969,-29946,-6135,1739,4099,2941,2245,1741,1834,2127,2095,2303,1931,2109,2265,2279,2407,2294,2168,2105,2233
2289,2073,2172,2156,2106,2039,2106,2095,2132,2035,1777,-168,-19914,-14011,226,-16246,26210,26210,-7443,3145,4591,2642,1721,3047,2667,2401,2358,2040,2157,2389,2296,2175,2134,2120,2229,2169,2072,2067,1877,1876
1877,1918,1878,2023,2099,1888,1808,2072,2032,1763,169,-16309,-13412,-3007,-16503,-22615,26210,-25595,-1573,4262,2805,2525,3308,2919,2960,2905,2429,2364,2508,2737,2513,2290,1970,2071,2273,2458,2310,2526,2447,2306
2867,2828,2664,2587,2740,2817,2668,2646,2577,2525,2581,2629,2628,2822,2986,3215,3051,3023,2966,2476,-2728,-24810,-7964,-20263,-25107,26210,-31425,1835,6193,2075,2036,2131,1834,2081,2149,2242,2352,2551,2546,2516
2395,2120,2065,2132,2269,2338,2298,2139,2440,2618,2448,2180,2170,2430,2711,3233,2723,-11605,-19910,-5417,-19678,-25176,26210,-16968,3566,4437,2115,2218,2448,1858,2303,1908,1779,2016,2027,1534,1692,2140,2241,2046
1623,1580,1636,1611,1727,1827,1941,2018,1949,1944,1854,1689,1938,-5823,-31540,-22603,-11477,-17025,26210,26210,-2716,6438,2399,1297,2458,2155,2430,2252,1692,1908,2066,2083,2205,2211,2355,2406,2383,2458,2464,2441
1474,1478,1446,1269,1314,1571,1973,2316,777,-18366,-25454,-11868,-21784,29953,26210,-4723,4282,3669,-520,1335,2367,2279,2234,2048,1907,1957,2081,1913,1852,1864,2049,1976,1830,1951,1857,1814,1739,1699,1738,1775
1785,1785,1863,1968,1954,1783,1823,2041,3095,-5314,-15571,-5520,-20161,26210,26210,-14083,5252,2880,374,1241,1482,1452,996,1079,1263,1531,1449,1458,1596,1638,1610,1623,1669,1620,1543,1535,1434,1455,1486,1668
1526,1496,1535,1605,1602,2234,1156,-17262,-12710,-4107,-22690,-24901,30124,-7047,3028,1312,24,825,772,651,991,557,322,994,824,832,664,850,939,812,521,651,657,824,705,752,789,702,603,614
886,872,963,830,933,958,1166,1355,1275,1273,1415,2118,-3512,-16889,4990,-19261,-18795,31954,-15185,5120,4316,2190,2825,2471,2205,2521,2331,2300,2409,2342,2418,2236,2042,2089,2004,1863,1727,1708,1824,1739
1546,1486,1431,1481,1524,1428,1468,1601,1827,2081,2169,-7605,-14353,-10122,-23546,-30508,-32003,-1548,5504,2941,1159,1303,1024,1488,1411,1386,1561,1610,1583,1688,1575,1735,1878,1872,1885,1915,1759,1666,1642,1742
1699,1790,1834,1711,1686,1806,1784,1835,1962,2148,1028,-17144,29243,-15430,-19144,26746,-30357,2364,5079,4512,3017,2731,2746,2777,2984,2880,2738,2793,3006,2998,2800,2609,2549,2484,2514,2454,2589,2562,2713,2586
1465,1076,1235,1115,1058,1131,1119,1027,857,703,832,717,709,770,1347,878,1130,1391,1583,1595,1666,1595,1447,1705,1659,1660,1526,1440,405,-515,-1028,-1099,-1582,-1684,-2271,-1559,-91,-381,-5051,-8091
3532,7828,9450,7308,2436,1797,884,-450,-1541,-1170,6444,5337,3123,839,-649,243,678,676,1161,1213,796,915,1452,5023,511,849,-129,1317,-1674,-5907,9613,7401,5310,5608,1619,-226,175,1695,2702,2103
5911,6442,2352,479,261,-76,-304,283,1218,1513,1471,1498,1547,1546,1437,1480,1160,30,727,1094,-1033,-1516,-1653,-675,-4768,-4075,13142,2592,7363,7987,4211,2117,626,-70,192,2920,5367,5944,3526,1857
648,108,44,211,700,1332,1605,1677,1632,1686,1736,1586,946,-613,260,-898,-2076,-3058,-1943,-5592,-928,17097,-813,4397,5513,4427,2727,1579,-678,-900,718,1805,2526,5640,1469,388,506,454,-46,-49
515,1106,1516,1566,1518,1407,1159,529,-1000,-278,-1587,-1865,-1864,-544,-1652,-3607,11574,9234,5107,5881,6269,4355,1771,-1008,-1847,1228,3130,3255,5193,2576,957,844,583,280,204,637,936,1148,1320,1447
1494,1765,1508,-1001,-78,898,-1159,-1688,-405,-1021,-3923,5154,13560,3248,4688,6727,3953,456,-1143,-1407,-390,3868,5082,6810,4665,1510,1203,953,202,93,714,1374,1488,1281,1234,1021,781,472,-201,-2639
-1627,-2883,-1050,-1285,-3620,6100,11115,5204,7925,7463,3585,-480,-3441,-2920,-180,2090,3855,3494,2982,1551,630,239,-278,-329,-47,271,611,1190,1208,1152,805,708,770,1006,884,-11,-1809,223,-2169,-3038
-3457,-1086,-1488,-2465,14078,6664,3861,6093,6050,3379,795,-1966,-2519,-965,3311,6227,5953,3266,1638,433,274,182,202,722,1209,1234,1176,986,1010,910,972,1221,1111,587,-366,-1008,-1793,-3204,-4003,-2208
362,77,-6300,7830,8001,5444,5770,5691,5271,2063,-1058,-3180,-2449,1718,4150,7568,4086,1656,572,809,335,-404,-258,697,1119,1058,1042,1065,1080,1055,838,439,-109,-1022,-1106,-1955,-2465,-2020,-548,-1378
-4428,9056,5116,3583,5321,6020,4670,2118,-1273,-4119,-2373,2536,5862,6674,5680,1493,612,608,423,-194,-353,135,874,1240,1263,1124,1140,1164,1012,882,241,-712,-354,242,-1258,-1327,-2630,-2668,-2925,-7055
11454,9421,6001,7831,5342,1675,-1117,-1983,748,3863,5367,4136,1592,36,307,413,-429,-736,74,840,1007,947,787,844,895,1109,1329,1146,662,-310,-852,-167,-685,-637,-2333,-2235,-2660,-5767,12675,5154
6560,7219,5441,2282,115,-1510,-680,1917,3132,8029,1668,532,601,742,69,-581,-304,676,1623,1209,1292,1148,748,882,593,743,725,174,-40,-595,-1518,-1816,-2721,-6084,-7328,12142,-1124,4882,6297,3268
605,-1629,-2686,-1816,2725,4316,9208,3661,1261,626,503,-133,-757,-637,26,1014,1280,1000,945,790,617,303,-375,-1178,-799,-2961,-5245,-5123,-4276,-4219,-6729,10812,11252,3196,5786,6762,4374,1595,-1683,-4386
-2161,2293,4053,10033,4122,1672,1154,881,-170,-1008,-1095,-184,980,1493,1514,1174,878,691,706,708,98,-1604,-2861,-4943,-3626,-7850,-5739,-6912,-754,15728,1663,5509,7143,5009,1973,-954,-3581,-4309,-28,5136
10509,3455,611,788,131,-1508,-2419,-784,1032,216,377,310,224,236,-46,-19,-307,-1449,-2598,-4262,-4899,-4915,-4866,-5819,-5963,15752,6589,5363,7221,5923,2694,-1031,-4292,-3722,-49,2156,9906,3364,1275,187
220,-583,-1852,-1807,-642,29,1212,1610,1101,1203,862,454,171,-40,-716,-1474,-2047,-4062,-3272,-3278,-1944,-3747,-4569,10901,1554,6297,7166,5021,849,-5300,-5870,-3396,1378,4905,3492,909,366,184,-501,-1809
-2161,-732,413,122,0,67,-226,-127,-147,-398,-569,-619,-740,-1543,-2003,-2396,-4239,-6289,-5984,-5824,-9138,18183,5122,2866,6640,6918,4158,1255,-2815,-4669,-2464,445,2626,4614,591,35,963,-293,-1258,-1130
289,-378,-126,-134,-480,-663,-785,-456,-32,194,-757,-2947,-3964,-7001,-5678,-5887,-6435,-7008,6843,20285,1933,6881,8321,338,-2253,-2622,1038,2526,2759,1900,261,-91,773,-7,-1143,-1194,-570,-212,-170,-74
-207,-89,236,491,172,-592,-1225,-2668,-4091,-3969,-3961,-3678,-4177,-8082,12299,4478,596,3615,5751,4405,1669,-2581,-5126,-2094,1162,2795,6643,1716,-266,1184,948,-583,-1141,-882,-584,-491,-217,-319,-463,-348
-449,-407,-234,184,-346,-2755,-4373,-6962,-7581,-7568,-7158,-8087,3265,18269,2418,5605,7778,5622,2559,-2601,-6457,-4882,-875,834,6468,194,585,1689,666,-918,-1571,-1505,-657,344,109,291,60,-430,-466,-520
-517,-526,-492,-478,-508,-466,-530,-402,-414,-467,-350,-301,-262,-418,-527,-562,-1000,-4589,-17945,-24070,-18257,-9384,29935,7469,6619,4677,-3302,-10669,-12764,-9571,-9709,-4665,-1218,-706,-700,152,1962,2289,644,231
314,-382,-645,-606,-666,-408,-301,-102,-222,-1327,-4933,-12863,-19121,-19560,-11502,24668,5363,6891,3693,-4429,-8642,-9873,-9391,-7013,-3991,-2879,-2059,-1109,496,1811,590,198,-58,-655,-972,-1105,-1022,-1128,-1054,-793
-704,-625,-732,-771,-888,-800,-994,-2472,-9339,-19939,-25386,-15360,1925,4219,5626,4372,-1747,-6259,-8857,-7043,-9308,-4060,-2823,-3315,-3128,-1252,129,667,1957,641,26,-226,-558,-728,-782,-706,-564,-472,-332,-510
-608,-673,-904,-1543,-6594,-11956,-18538,-17811,-10609,18760,2867,3809,1467,-1202,-4935,-7449,-7720,-8051,-5879,-2552,-2678,-2166,-1078,-85,500,607,437,-406,-702,-1335,-1546,-1637,-1446,-1304,-1291,-1080,-1062,-1932,-4510,-9018
-15803,-20886,-19582,-11641,31451,3411,-1275,-975,-214,-2131,-4565,-8569,-8428,-5955,-3207,-1983,-2537,-1972,-1221,-726,225,1743,244,-308,-939,-1476,-1663,-1445,-1382,-1365,-1286,-1128,-1122,-1310,-2927,-6351,-10551,-16270,-21883,-15536
-2150,-2113,-1996,-2211,-2106,-2199,-2223,-2312,-2337,-2370,-2415,-2435,-2394,-2282,-2387,-3589,-6626,-16297,-24605,-20764,-9335,28894,8398,3826,1244,-4900,-9349,-8647,-5831,-7325,-4026,-2606,-1869,-1264,-388,156,289,657,249,-229
-765,-1204,-1287,-1324,-1376,-1030,-833,-891,-860,-806,-1158,-1384,-1664,-1756,-2568,-6211,-13028,-20326,-18385,-7980,12088,9875,6873,3802,-3558,-8331,-8672,-5093,-6266,-3369,-2540,-2130,-1131,356,888,1088,1384,166,-278,-528
-1932,-1833,-1875,-2052,-1907,-1896,-1856,-2035,-1954,-2017,-1737,-1911,-2072,-2087,-1927,-1955,-2015,-2066,-1999,-1799,-2324,-2234,-2428,-2333,-2136,-1810,-1669,-2325,-1694,-1020,-1044,-781,-1107,-2273,-4298,-8640,-15176,-22478,-18542,-10029
4706,7004,8495,6600,-5143,-10724,-11031,-8532,-7554,-6657,-3529,-1991,-1279,-709,-34,688,1384,1368,30,-408,-785,-1255,-1590,-1675,-1998,-3896,-9679,-17643,-22047,-13260,-1863,17429,399,-3425,1802,-1548,-5187,-6469,-7110,-6864
-5823,-3541,-2433,-1250,-265,676,700,862,922,482,74,-457,-867,-1073,-1164,-1492,-2747,-9402,-17485,-20257,-13078,-1032,23242,1666,-3821,1174,-899,-4209,-5138,-5403,-5495,-5527,-2909,-1392,-766,-514,-94,534,761,627
268,-169,-443,-621,-779,-807,-779,-702,-552,-442,-369,-459,-766,-3254,-10670,-18825,-26742,-14001,11302,8830,4471,-4603,-9081,-10087,-7820,-6785,-4383,-3175,-2841,-1775,114,1153,934,973,690,218,-668,-1040,-1051,-1324
-1310,-1255,-1038,-818,-818,-694,-754,-819,-967,-1111,-1095,-893,-2549,-4834,-14390,-25958,-19698,-7180,24023,5065,156,2577,-1080,-5519,-7805,-7751,-6328,-4974,-2214,-1167,-746,-536,-176,436,1174,1185,183,25,-83,-582
-862,-914,-831,-523,-323,-243,-176,97,61,-1288,-5247,-16786,-24476,-18268,-2926,32001,1869,885,2792,1392,-558,-4395,-8423,-8865,-6930,-3941,-1585,-778,-104,148,80,-4,22,-308,-722,-827,-675,-614,-631,-521
-668,-642,-791,-741,-648,-407,-651,-2202,-10695,-19658,-18239,-10864,6639,7179,-1079,599,1229,-2921,-5789,-6002,-6198,-5461,-3838,-2206,-777,-89,40,712,296,160,-222,-523,-769,-855,-857,-660,-468,-381,-453,-532
-617,-674,-630,-722,-548,-672,-468,-388,4,-387,-2006,-14580,-21268,-17608,-3466,22697,1615,-951,832,1462,-2552,-5752,-7911,-6791,-5200,-3153,-1565,-740,-704,-976,-1010,-850,-486,26,-438,-645,-439,-378,-566,-655
-794,-687,-715,-777,-759,-727,-738,-388,85,-1297,-6201,-17328,-22126,-15306,402,20831,5473,-3219,2024,1420,-3439,-7772,-7809,-5378,-4473,-1813,-267,176,110,-16,1286,742,339,295,-237,-572,-465,-103,64,154
-32,-259,-375,-353,-182,32,95,414,91,-572,-6862,-17692,-23976,-14550,7211,11927,-2503,-1605,2269,-807,-4658,-7732,-7627,-7047,-6419,-4170,-2849,-1518,-317,1138,247,339,139,-508,-698,-773,-714,-550,-599,-602
-663,-660,-721,-651,-572,-603,-669,-746,-811,-1522,-5799,-17836,-21318,-14042,-887,12469,1914,-5983,-1334,1055,-3478,-7516,-10013,-9612,-8139,-3776,-1040,-218,-381,-196,91,505,19,-261,-271,-594,-741,-709,-546,-603
-546,-571,-532,-601,-548,-517,-514,-489,-246,-600,-3064,-14733,-20641,-15564,-4644,7525,7294,-4474,-3342,1437,-1267,-5156,-8485,-9296,-6951,-3685,-1146,-56,-13,368,346,-70,-289,-307,-314,-283,-343,-618,-667,-568
-580,-381,-350,-413,-473,-445,-408,-508,-430,-1142,-7155,-15544,-23354,-14461,1885,14341,3395,-4206,-712,435,-2404,-6524,-10357,-8755,-5430,-1501,-98,-168,91,500,940,326,-380,-398,-592,-648,-698,-491,-228,-319
-594,-480,-528,-485,-479,-491,-498,-583,-590,-650,-602,-493,-410,-83,-114,-678,-1396,-1398,433,3342,3423,135,-3797,-5943,-8938,-13025,-17032,-18530,-15783,-12512,-10951,-7396,-5144,-122,1608,1273,4064,1034,760,-3386
-3132,-1371,-845,-535,-451,-900,-1042,-611,-12,344,162,285,427,50,-74,-973,-1295,-699,716,4847,6577,-448,-7974,-10839,-13011,-16331,-17839,-17673,-14459,-10836,-7244,-4390,-2594,224,3706,7325,4568,207,2770,-469
-3127,-3570,-2944,-660,-211,-529,-85,-132,-354,-654,-614,-357,-260,425,1909,-490,-2926,-5276,-6791,-8489,-11685,-18044,-19623,-18040,-13903,-11180,-8442,-3437,776,1792,3077,5671,3484,139,2696,553,-1969,-2862,-2354,107
156,-313,-490,-931,-1081,-996,-833,-812,-836,-626,-600,-490,973,3439,4080,-502,-9080,-11309,-11600,-12018,-18319,-19020,-17611,-12912,-9140,-5088,-2967,775,1231,1996,4245,2488,469,-1583,679,-387,-1614,-700,-423,-420
-334,-560,-552,-710,-1165,-1031,-1178,-1294,-736,-1054,-1948,-1949,-1534,558,-1210,-5223,-7763,-8352,-11239,-14182,-18226,-17970,-16745,-13027,-9138,-5344,-2799,1118,2067,2650,3169,1779,1104,486,-436,-1052,-2660,-2668,-1555,-1414
-819,-995,-1365,-1542,-1763,-1622,-2091,-2454,-1778,-1370,-2050,-1237,-253,2727,2310,-1391,-9259,-11320,-12108,-13474,-16619,-21074,-21572,-15877,-10299,-5629,-2698,-775,327,793,3976,2462,-43,91,66,-1803,-2278,-2283,-2233,-1768
-1161,-751,-706,-959,-1385,-1470,-1340,-1157,-1033,-868,-894,-94,-520,-3079,-6204,-9871,-11618,-12721,-14507,-18719,-18827,-15704,-11157,-7665,-4292,-1469,676,770,426,2615,2355,959,-401,-732,-492,-1736,-2187,-1802,-1441,-1518
-1408,-1341,-1457,-1638,-1601,-1582,-1674,-1693,-1716,-657,1455,4378,4533,3680,-1763,-7504,-10265,-12043,-14589,-19210,-19163,-16394,-11271,-8689,-6407,-3777,880,3198,4170,5071,3388,1304,-1550,-2664,-2660,-2548,-2069,-1774,-1524,-1190
-1380,-1276,-1242,-1033,-1018,-1269,-1384,-1530,-1949,-2097,-1538,1603,2631,356,-4987,-8710,-12440,-15838,-18394,-19682,-17654,-14738,-10175,-7196,-3544,730,202,-1548,1393,3796,2205,1033,-31,-3043,-2649,-2648,-3018,-3040,-1318,182
-835,-149,156,-674,-981,-1374,-1772,-2060,-2184,-2148,-811,985,4097,3845,1138,-5498,-11094,-13090,-14703,-16252,-20500,-17691,-13802,-8947,-6719,-4048,-1122,-523,311,3452,3643,3335,913,-1898,-2925,-2423,-2758,-1665,-1075,-432
-1250,-1962,-2214,-2022,-1956,-2188,-2181,-2246,-1829,-1680,-1075,652,1939,1731,-2451,-8334,-11901,-14036,-17440,-18342,-20032,-17730,-11940,-8693,-5834,-3869,-1576,-335,2498,3754,822,3254,99,-3633,-3260,-3268,-2979,-2235,-1686,-1116
-1101,-1467,-1912,-2084,-2196,-1972,-2120,-1713,-1825,-1714,-2349,-1620,-326,743,-1147,-5465,-8142,-11539,-15456,-17471,-17938,-17866,-15001,-11492,-9496,-6538,-3335,-499,599,3571,700,-273,-108,-1206,-3409,-3259,-3362,-2575,-2077,-1385
-897,-1097,-1350,-1757,-1966,-1882,-1872,-1713,-1394,-1786,-1520,260,1557,1362,-4216,-11228,-11939,-13289,-16649,-21429,-20402,-16066,-10899,-8647,-6494,-3239,-290,1106,2553,2446,-246,2291,1138,-2862,-2817,-2686,-2943,-3378,-2998,-1950
-1246,-981,-975,-1116,-1225,-1322,-1687,-2094,-2091,-1593,-900,1340,1403,-801,-6109,-10502,-11567,-15782,-19736,-22637,-17963,-12406,-8088,-5715,-4579,-2021,-1452,1390,4111,2753,1450,681,-1403,-2718,-2640,-3086,-2580,-2028,-1450,-963
-1238,-1364,-1591,-1658,-1696,-1811,-1468,-1103,-491,623,1845,3396,2840,238,-2775,-4938,-10402,-17678,-21708,-20757,-19751,-17949,-14003,-9946,-5516,-28,1623,371,1191,1419,642,3727,964,-1743,-2307,-2466,-2819,-2868,-2199,-1377
-1487,-1524,-1631,-1732,-1671,-1874,-1961,-2090,-1590,-1013,-295,917,2381,3146,1683,-5077,-8592,-11689,-17773,-23660,-20287,-13681,-10320,-7681,-6223,-3219,-539,-346,833,2004,2157,235,330,-365,-2673,-2822,-2986,-2904,-2320,-1700
-1947,-1884,-1562,-1870,-2763,-1920,-3087,-3024,-2647,-1646,-835,982,4083,3960,289,-7129,-11582,-12874,-16460,-22436,-19400,-14188,-9646,-7350,-5473,-2624,145,102,1293,1927,931,976,-553,-1913,-2036,-2040,-2036,-2203,-1828,-1646
-1495,-1713,-1638,-1688,-2058,-2721,-2694,-2283,-2034,-1834,625,2586,1839,262,-5387,-10170,-11210,-13506,-15934,-17672,-17375,-16964,-12638,-9719,-6880,-3765,-22,2020,1340,783,838,-603,-3777,-3208,-3390,-3544,-2773,-2305,-1607,-1786
-1944,-2660,-2798,-2742,-2619,-2343,-1832,-2015,-1094,1642,2158,1085,-993,-5319,-6936,-8012,-11722,-13081,-16370,-19710,-19866,-15437,-11772,-9181,-6800,-1220,2103,4458,-164,-137,-858,-3595,-3529,-3253,-3992,-3949,-3461,-2734,-1748,-1475
-1671,-1750,-2605,-2901,-2775,-2715,-2715,-2877,-3558,-3402,-674,1116,-9,-910,-4088,-7012,-10398,-15820,-17313,-16064,-18572,-18865,-15962,-12309,-8744,-5998,-2187,-876,2564,936,1966,664,-2959,-2488,-3044,-3559,-2481,-1804,-1218,-1508
-6221,2891,3594,3423,2762,2849,2763,2780,2643,3097,2652,2726,2719,2774,2612,2430,2310,2389,2534,2264,2231,2462,2277,2185,2524,2239,2108,2203,2873,2665,-3613,26210,26210,-7253,-12662,-7952,-6281,-6978,26330,26210
-13242,26210,-9457,-10342,26210,26210,-22521,-23735,29638,-15795,-11737,26210,-30354,-7998,3636,2136,1560,2144,3025,2036,2300,1994,1895,1730,1405,1662,2017,1636,1350,1683,1735,1887,1926,1514,1609,1963,2027,2222,2169,2455
2528,-4512,26210,26210,-5926,-27925,26210,-14522,-24504,26210,9056,31333,26210,-15607,850,-224,-578,560,807,372,485,85,-31,-216,280,-618,-431,189,-467,231,-102,-609,-481,-806,-925,-492,-942,-1259,-1038,-1274
-671,1,-3705,-2397,-1136,32079,26210,8947,-21823,-31806,31723,-21330,32596,-21882,-1075,28533,-29773,-8115,1196,-147,336,302,1004,1800,678,1061,1610,1204,844,1318,1247,1213,1219,1371,1257,1362,1472,1220,1529,1306
1317,1434,1160,1192,1198,1223,1274,1116,1069,1918,1079,273,1452,2014,1095,1305,1607,3130,-7020,26210,26210,9226,-18504,26210,-21010,-6269,-23217,26210,-6539,-26639,-28131,-11912,386,2196,1834,2276,2379,1987,1926,1720
1939,1456,1330,1850,1860,1446,1838,1437,1569,1498,1654,2120,901,-4123,26210,26210,-14790,27164,31165,-17212,-29756,26210,-7128,-20724,26210,-18841,-1956,2885,1596,1184,1972,1878,1675,1736,2085,2544,1280,1706,2381,2103
1997,1947,1829,2058,1698,1877,1779,1698,1956,1663,1953,1924,2346,1908,-621,31706,26210,-8835,-19336,-31395,-17468,-28747,26210,6679,28225,26210,-13928,1461,1839,2151,2362,2143,2044,1862,1130,814,1221,1136,1083,1438
1288,1082,1340,878,793,980,953,940,709,884,1385,-615,-15986,26210,-2603,-16809,-29523,-22376,-28022,26210,-348,-24077,26210,-27371,-688,2623,2926,2874,3327,3532,2945,2902,2715,2750,2555,2223,2556,2459,2743,2497
2488,2832,2502,2609,2367,2556,2616,2877,2897,660,-20805,26210,-1719,-16325,26210,-23499,31401,26210,-2856,-22567,26210,-29660,-8035,3524,1632,2840,3115,2727,2579,2454,2658,1969,1135,1689,1747,1750,2348,2002,1680,1969
2079,1850,1985,1966,1937,1944,1964,2162,2310,2543,2253,2416,-4417,26210,26509,-19477,-27197,-23257,-28698,26210,-16582,-10864,26210,28531,-6134,2594,3800,2801,2804,2322,2397,2272,2223,2625,2085,1766,1587,2400,2591,2588
2428,1592,1518,2121,1897,1554,1343,1346,1057,2747,-5692,-17734,26210,26210,-8461,-25179,26372,-20338,26210,26210,358,-4385,30054,-28270,-12395,1281,1148,1613,2479,1651,1683,2569,1690,1937,1599,1646,1771,1445,2070,2029
1681,2111,1741,1876,2052,1885,2000,2107,2403,1878,-2970,26210,-27258,-25622,-31107,-24718,-29682,31490,-24785,5893,32132,26210,-18700,907,2775,1872,2155,2301,1978,1993,1838,1869,1774,1636,1587,1730,1880,1900,1754,1660
1766,1917,1885,1847,1951,1657,2163,2400,-492,26210,26210,233,-29801,31316,-31404,31332,28494,1870,-7599,26210,-18082,-3126,2224,164,2263,1948,1720,2272,1571,1690,1526,1674,1444,2172,1478,1639,1650,1680,1551,1523
1468,1414,1408,1707,1554,1522,1449,1575,1505,1532,1504,1099,639,-2417,-30762,27824,836,-29637,-31481,-26478,29203,26210,7020,-29333,26210,-21433,890,3303,2634,3330,2719,3291,3298,2561,2530,2336,2338,2283,2060,1942
1660,2167,1802,1881,2036,2081,2085,1844,749,-6451,26210,-11173,-9828,26528,-22489,-22629,-18232,-30442,13019,26210,26210,-15197,2600,2042,1444,2035,1840,2318,1941,1257,1858,1524,1572,1586,1371,1639,1970,1541,1653,1668
1607,1806,1804,1264,1850,1917,1891,2283,2356,1869,-1681,26210,-30208,-27915,-25221,-17037,-20584,-23526,-16661,5897,-18391,26210,-24806,322,2048,1684,2794,3090,2545,2677,2343,1893,2332,1978,2030,2187,1852,2121,2211,1907
2034,1900,2075,1998,2162,2300,1963,2571,2270,2168,2021,-6453,26210,-19430,-18221,28565,-23662,-26661,-30847,-17001,-5312,26210,-29557,-5327,1343,278,1244,1888,1779,1525,1984,1434,1301,1609,1962,1188,1427,1634,1259,1905
1489,1507,1749,1611,1633,1622,2077,2014,1913,2188,855,-32679,26210,-15603,-17554,-28362,-20801,28371,26210,6357,-16496,-27386,-32036,-6707,3638,1240,2734,2160,2306,2100,1753,1905,1554,1938,1705,1757,1567,1796,1608,1526
1417,1488,1499,1614,1912,1883,2144,2000,1781,-1667,26210,26210,-416,-21695,26210,-27634,26210,26210,3815,-11747,26210,-26804,-8764,2287,352,1642,2243,1713,2331,1690,1538,1615,1447,1337,1332,1257,1405,1451,1505,1530
1437,1555,1398,1595,1543,1736,1671,1833,2047,2216,1817,1798,-9493,26210,31129,-19542,-29298,-19849,-25133,-29098,-22475,9264,-19057,26210,-25289,6,316,2542,2227,2723,2306,2075,1821,2382,1625,1586,1902,1712,1815,1738
