-208,8691,8691,-1535,-8771,-8771,8691,8691,-474,-8771,-7950,8691,8691,-1788,-8771,-8771,8691,8691,3797,-8771,-8771,8691,8691,8691,-8771,-8771,8691,8691,8691,-8771,-8771,7717,8691,8691,-8771,-8771,711,8691,8691,-8771
-8771,8691,8691,6574,-8771,-8771,8691,8691,8691,-8771,-8771,8500,8691,8691,-8771,-8771,2269,8691,8691,-6538,-8771,-7793,8691,8691,1862,-8771,8691,8691,8079,-8771,-8771,6413,8691,8691,-8771,-8771,-7134,8691,8691,-5059
-8771,-8771,8691,5667,-8771,-8771,8690,1357,4231,-8771,-8771,8691,8691,8591,-8771,-8771,8691,8691,-7368,-8771,-809,8691,8691,-3478,-8771,-191,8691,6822,-8771,-8771,3142,8691,8691,63,-8771,-8771,8691,8691,-8771,-8771
7737,8691,8691,-8771,-8771,1972,8691,8691,-8399,-8771,-172,8691,8691,-8771,-8771,-1011,8691,8691,-8771,-8771,427,8691,8691,-4902,-8771,-8159,8691,8691,-3546,-8771,-8771,8691,8691,8691,-8771,-8771,2636,8691,8691,-8771
-8771,8691,8691,7064,-8771,-8771,2876,8691,8691,-8771,-8771,-5133,8691,8691,6143,-8771,-8771,8691,8691,4272,-8771,-8771,8691,8691,6947,-8771,-8771,6101,8691,8691,-6982,-8771,-5820,8691,8691,3823,-8771,-8771,8691,8691
164,102,13,-91,-453,-5173,8691,8691,7890,-8771,-8771,8691,8691,-6233,-8771,-8771,8691,8691,8691,-8771,-8771,8691,8691,-5705,-8771,3592,8691,8691,-8246,-8771,-3791,8691,8691,144,-8771,-8771,8691,8691,7585,-8771
-8771,8691,8691,-5095,-8771,-4605,8691,8691,1010,-8771,-8771,8691,8691,8691,-8771,-8771,8691,8691,5405,-8771,-8771,8691,8691,5356,-8771,-8771,8691,8691,2200,-8771,-8771,8691,8691,-968,-8771,-1589,8691,8691,-6810,-8771
6401,8691,8691,-8771,-8771,8147,8691,8691,-8771,-8771,-2648,8691,8691,8691,-8771,-8771,-6107,8691,8691,8270,-8771,-8771,726,8691,8691,1057,-8771,-8771,3304,8691,8691,997,-8771,-8771,2653,8691,8691,7519,-8771,-8771
-8771,-8771,-736,8691,8691,2447,-8771,-8771,-7188,8691,8691,8691,-5275,-8771,-8771,6708,8691,8691,-8771,-8771,841,8691,8691,8244,-8771,-8771,4529,8691,8691,6491,-8771,-8771,441,8691,8691,2605,-8771,-8771,-283,8691
-51,-44,-50,-33,-42,-42,-47,-210,-209,-98,-184,-257,-310,-378,-385,-437,-544,-627,-416,-42,1114,1569,278,-810,-732,-1748,-4969,2504,8691,8616,-8771,-8771,3624,8691,8691,-8771,-8771,7255,8691,8519
-8771,-8771,6568,8691,8691,-8771,-8771,2454,8691,8691,-5698,-8771,-3515,8691,8691,-6605,-8771,-940,8691,8691,-1846,-8771,-8771,8691,8691,8691,-8771,-8771,5483,8691,7882,-8771,-8771,7209,8691,8691,-8771,-8771,5564,8691
1399,1767,1272,506,25,-195,-217,-134,-57,-28,-29,-67,-202,-896,-1866,-2842,2021,8691,8691,8691,7818,1917,-1919,-8771,-8771,-8771,-8771,-3445,-590,447,1637,2750,2897,2249,1332,461,-19,-203,-162,-66
4025,3438,3696,4454,6073,7958,8065,5963,4380,4746,-987,-8771,-8771,-8771,-1958,4158,5873,5375,4112,3539,3153,3336,4909,6767,7239,6384,4927,-3576,-8771,-8771,-8518,867,4910,3942,2976,2996,3114,4323,5914,6754
7209,7750,5632,4282,2,-8771,-8771,-2442,3555,6301,5140,3231,2815,3878,5230,5117,5392,5761,5429,4798,4899,2167,-8771,-8771,-8771,-4916,3019,7642,5574,2868,2107,2890,4203,4914,4875,4967,5799,5227,4125,3424
7079,5869,5065,3215,778,-216,779,1186,1301,2371,2384,-1459,-8771,-8771,-8771,-1568,8691,8691,8691,-8771,-8771,-8771,6764,8691,-969,-8771,-8771,8691,8691,-8771,-8771,-766,8691,8691,-537,-8771,-8771,2164,8691,8691
-8771,-8771,3335,8691,8691,-8771,-8771,6591,8691,669,-8771,-8771,6035,8691,8691,-8771,-8771,1913,8691,8691,-8771,-8771,-3251,8691,8691,-7618,-8771,-8030,6787,8691,8691,-8771,-8771,4660,8691,4411,-8771,-8771,6115,8691
4295,-8771,-8771,-559,8691,8691,-5616,-8771,-8771,8691,8691,4640,-8771,-8771,7193,8691,3926,-8771,-8771,297,8691,8691,-8771,-8771,-3856,8691,8691,-8771,-8771,1586,8691,8691,-8771,-8771,-7964,7538,8691,-2483,-8771,-8771
8691,8691,-8771,-8771,-1669,8691,8691,-8771,-8771,-8628,8496,8691,95,-8771,-8771,2474,8691,8691,-8771,-8771,-147,8691,8691,-8771,-8771,-4332,7367,8691,8691,-8578,-8771,-1079,8691,6413,-8771,-8007,3389,8691,6341,-8771
-8771,-499,8691,8691,-8771,-8771,5101,8691,329,-8771,-8771,7022,8691,283,-8771,-8771,6301,8691,-486,-8771,-8771,8609,8691,2340,-8771,-8771,5990,8691,-6337,-8771,-3783,8691,8691,3691,-8771,-8771,7235,8691,-1440,-8771
-8771,4906,8691,8691,-8771,-8771,2211,8691,2694,-8771,6582,8691,8691,-8771,-8771,-1528,8691,8691,-4082,-8771,-8771,8691,8691,-4982,-8771,-8771,8691,8691,8691,-8771,-8771,-17,8691,-8771,-8771,-4746,8691,8691,8691,-8771
-8771,-5893,8691,8691,-5085,-8771,-7632,8691,8691,918,-8771,-8771,6736,8691,3591,-8771,-8771,7257,8691,-5532,-8771,-6177,8691,8691,-4876,-8771,-5882,8005,8691,-1107,-8771,-5050,6172,8691,4943,-2189,-6834,-7732,-3227,726
-15,-7,27,-47,-208,-383,-516,-458,-488,-311,-79,58,60,-70,-98,-110,-158,-323,-314,-1248,-4115,-6625,-2105,607,-868,-358,602,-4206,-1516,-863,-1345,63,154,-47,-296,5,-28,86,139,103
-126,-109,-108,-29,-36,25,28,26,-10,-47,-82,-101,-184,-931,-3291,-7046,-6343,-3284,520,-808,-1355,-4103,-5281,-1790,-1585,-499,-256,-664,-585,-886,-1036,-725,-2064,-2906,-3646,-4304,-2941,-259,1403,1282
-1130,426,-913,-2966,-4296,-4633,-1642,-1228,-401,38,161,-30,-495,-1579,-2456,-5009,-1965,472,101,-90,901,1295,363,-228,-20,4,-249,-212,-154,-310,-365,-348,-361,-283,-113,-12,82,86,18,34
-603,-511,-418,-358,-386,-482,-469,-297,-96,163,373,423,371,423,344,23,-338,-1258,-3215,-6071,-4251,-1705,1058,349,-589,-806,-3444,-2268,-768,-788,-499,30,-157,-1225,-1233,-1624,-940,-1506,-2094,-1182
-105,-135,-115,-24,-172,-87,131,563,-1596,-5290,-4581,-2624,-42,-906,1212,-1282,-2350,164,-637,-625,-240,-295,-197,-486,-912,-1108,-1098,-782,-210,-1044,-1807,-2737,-3591,-2862,-586,1041,1201,364,8,51
-536,-804,-3751,-7496,-5232,164,3182,708,-186,-1670,-5369,-3976,-802,-112,-227,-151,-301,-690,-2139,-2811,-2840,-2318,-2420,-1190,-864,-836,-104,737,837,292,-24,239,350,108,-138,-290,-356,-419,-428,-305
-12,-112,-162,-425,-828,-5306,-4890,-2714,-387,-1634,-3150,-6345,-2675,-1530,-1272,93,97,-1383,-1773,-2371,-3841,-1965,-1240,-1070,839,1661,959,-61,-109,538,295,-382,-470,-198,-256,-305,-266,-111,-124,-120
-41,-62,-58,-55,-51,-43,-77,-64,-32,-3,13,-63,-273,-230,-174,-4084,-4359,-3867,-1449,-516,360,429,-2190,-4731,-1956,-815,-438,-177,-1062,-2146,-2077,-1244,-2424,-3983,-3004,166,998,740,473,-218
-40,-97,-108,-71,-71,-91,-128,-128,-159,-97,-33,-15,7,-14,-25,-452,-8218,-5494,-721,1977,224,-549,-2323,-5015,-1659,-1183,-85,148,-167,1357,-2316,-448,-1673,-3947,-5905,-2715,661,1170,271,-400
-147,-248,-252,-214,-172,-142,-131,-114,-83,-187,-271,-385,-350,-334,-342,-303,-707,-2344,-5778,-7752,-4457,-1683,1448,7,-1122,-3964,-5027,-1249,-809,111,589,626,434,750,707,-1298,-3107,-6016,-6553,-2496
26,29,43,43,23,8,10,35,-4,-37,-17,-25,30,96,-1279,-5953,-8771,-3652,-1336,1431,856,965,-728,-3217,-1750,-345,3,-257,-777,-1187,-1509,-1746,-178,-1112,-2955,-4860,-3666,-616,1363,1453
-3142,-6781,-6251,-3051,1483,-465,-1074,-2403,-4449,-2433,-876,-107,79,-171,-272,-530,-1521,-4034,-4425,-4447,-2343,-602,877,1684,1101,242,161,204,-158,-366,-333,-192,-204,1357,-374,-391,-303,-147,-25,79
-99,-72,-54,-37,-28,-4,-11,-3,-4,-12,-13,25,145,111,215,414,436,-19,-3328,-8597,-5411,-3525,-337,150,-373,-329,-3531,-4364,-1319,-308,-719,-1432,-1315,-1774,-1810,-2105,-2088,-2570,-1758,-807
-404,-564,-621,-560,-689,-1083,-613,25,-62,-429,-555,-314,-44,111,247,155,-53,-36,-34,-17,-147,-2481,-6518,-4497,-2396,1312,-313,-372,-2999,-5010,-1538,-1143,-200,-474,-1258,-436,759,-338,-1738,-5957
-8230,-4409,-832,1185,536,1348,-2588,-4393,-1352,-998,15,-161,-385,-971,-1094,-2115,-2973,-3372,-2596,-966,1040,1869,1085,42,119,154,-195,-295,-233,-243,-299,-244,-191,-176,-153,-88,35,11,6,6
-17,-11,-15,-36,-31,-53,-47,-29,-59,-89,-255,-2188,-5977,-5915,-3271,200,1843,1492,418,-3454,-4904,-1701,-666,-427,-308,-782,-1270,-3214,-1879,-530,-744,-607,78,650,555,374,463,90,-174,-169
-940,-4950,-6832,-1994,1958,1696,-1726,-3929,-6351,-1320,-167,-1149,-472,-1103,-1155,-2165,-587,-2205,-3497,-2029,650,1294,596,26,494,895,183,-384,-389,-448,-520,-373,-195,-379,-434,-251,-109,25,59,60
143,188,-22,-260,-357,-934,-6990,-4643,-2257,-1366,-945,-2819,-5831,-3141,140,1000,1466,907,206,-3381,-4997,-1336,558,-1012,-155,1609,1733,539,-184,-22,-84,-243,-230,-189,-289,-434,-547,-528,-349,-248
-244,3584,2674,1475,-423,-3673,-3445,-85,-1154,-1540,-1324,-1514,-3196,-1843,168,-347,-599,31,847,-165,-79,68,-7,-29,-149,-316,-344,-289,-223,-188,-113,27,193,92,-77,-52,-2,11,-4,2
-23,-6,-19,29,31,12,7,-125,-198,-318,-1063,-3136,-7076,-4803,38,3647,1851,-301,-3214,-4039,86,-1013,-1319,-2264,-1837,-3072,-1898,263,-349,-648,-165,451,285,318,589,461,234,46,-262,-606
72,95,59,57,74,89,85,77,114,117,-310,-803,-4443,-4396,-1736,-26,727,1559,-1859,-5659,-1142,-527,-762,-652,-1446,-1391,-3214,85,1663,50,-264,489,282,-488,-243,230,-120,-430,-313,-217
3079,2036,-13,-4452,-5927,538,-1660,-2507,-2352,-1710,-3704,-1852,243,-2530,-2908,-529,972,861,44,-292,-39,185,60,-202,-302,-284,-284,-310,-279,-234,-171,-110,-61,6,115,179,155,123,60,47
-28,-22,-54,-6,31,29,19,30,44,59,39,7,11,-16,8,18,9,-11,1,3,64,183,210,-32,-1018,-5030,-6808,-3765,938,3068,1180,1049,-745,-4726,-2731,-1720,-2157,-1364,-1318,-3916
-10,-27,-584,-8187,-3849,-1136,2446,2927,1248,-1024,-5500,-1498,-399,-969,-1054,-1641,-3397,-4273,-4136,-1571,282,1226,1869,2081,1178,-12,-224,-107,-184,-284,-363,-392,1357,-317,-239,-133,-19,52,104,124
59,38,56,61,93,235,423,726,979,933,769,755,854,644,448,-51,-387,-94,224,-117,-589,-1087,1116,3018,1136,1157,-2274,1290,160,-1385,-1792,-2011,-2789,-3031,-2666,-1057,839,3107,3933,2122
93,33,71,854,2283,1484,-1421,-1619,577,3162,2573,1662,-875,813,-168,-2081,-2320,-2379,-2710,-3509,-4610,-2358,999,2774,2194,1402,1192,703,200,169,-231,-826,-743,-190,80,95,9,-28,-62,-92
-97,-63,-30,-9,-53,-16,63,52,51,64,41,28,20,24,22,20,32,17,-6,-29,-32,-24,-18,14,21,3,273,879,3016,2690,-540,-1337,3914,2676,-211,822,905,-1662,-956,-1809
-4118,-4403,-4027,-3403,-2234,30,1600,2334,2462,1925,1309,564,459,-17,-536,-427,20,111,-71,-190,-151,-48,-34,776,2636,866,-1665,-34,2259,1923,796,2387,1191,-37,-1556,-1745,-2651,-4688,-5318,-3786
-1997,-874,148,1848,2966,2766,2169,1126,467,239,-81,-447,-466,-370,-255,-34,114,80,-18,-62,-123,545,2013,671,54,2254,5317,2385,342,770,-385,-1215,-949,-2082,-3456,-4500,-3714,-2918,-1597,540
64,51,42,43,38,28,26,-2,-30,-62,-72,-26,1052,402,-3006,-2098,844,3491,3336,2670,1959,314,-1026,-2731,-3826,-5081,-4306,-2626,-808,980,653,992,2265,2478,1825,737,102,-78,-643,-890
3,-1,3,-9,2,-6,-15,-9,-23,-53,-73,850,-88,-2486,-978,1920,4335,4624,1535,885,-710,-3053,-3272,-3826,-3693,-2066,-572,1113,1178,1076,1637,2108,1431,668,231,132,-348,-1033,-969,-508
-14,6,10,12,24,21,-2,7,63,106,220,166,881,4024,973,-1267,866,5117,2632,14,-1422,357,-1159,-2096,-1879,-1875,-2099,-2826,-3429,-2734,-226,1783,2538,2265,1694,1166,524,-69,-698,-1053
-16,2,7,0,-30,-40,-4,24,20,3,17,28,80,59,234,1855,1778,153,-631,128,701,2703,2776,866,-805,-3337,-3962,-3302,-3114,-2793,-2192,-1356,-312,1141,1702,2658,3026,2608,1199,164
-43,-50,-23,-12,-6,-28,-36,-32,-37,-43,38,441,771,636,470,1123,1192,146,1563,3429,2423,1955,1406,-641,-269,-3178,-5039,-3637,-1997,-1587,-902,322,1191,2122,2647,1952,525,-244,-339,-180
54,44,-12,-5,-33,-53,-37,-103,-72,-22,54,147,1168,2149,594,906,2462,3757,3077,1026,-85,-1131,-2351,-2396,-2196,-1321,-2272,-3140,-3093,-2049,-86,1429,1966,2380,2509,1933,1085,347,-409,-832
1,12,78,115,105,78,73,83,156,149,119,76,58,70,132,125,69,-62,361,2002,2337,2406,4310,2545,852,608,525,-739,-553,-3190,-3904,-3393,-2502,-2109,-2178,-1226,1552,2678,2260,1373
-33,-41,-40,-11,-48,-45,-41,-43,-7,-23,-72,-50,-73,-116,200,1949,2031,-696,-1575,993,4707,3261,1892,280,-1501,-3482,-4112,-4687,-4344,-3381,98,2456,2580,1542,1229,1337,1309,721,183,-41
90,116,188,298,396,408,278,187,1008,1622,-1700,-3057,-482,1911,4029,1842,-1562,-1095,-5306,-4330,-2567,-1935,-1001,1416,3688,3492,2142,1086,976,583,-560,-1223,-910,-322,-225,-352,-244,-182,-202,-154
-18,-48,15,47,-12,-111,-87,-59,-2,2,45,94,15,-125,444,1054,-3405,-2473,2362,5445,5369,1454,-2030,-2108,-4258,-3393,-1700,-1306,-758,1729,3651,2525,209,-481,-47,-623,-1586,-1341,-651,-154
62,45,-10,-75,-106,-59,5,70,103,91,40,104,66,436,2432,-1000,-3235,970,3084,3618,2551,110,-3564,-5303,-4638,-2341,-1551,-984,891,2789,2997,2248,1498,836,305,-401,-968,-1044,-727,-516
642,1379,88,-1839,293,2894,3544,2541,930,-2290,-4169,-4478,-3652,-2291,-1546,-41,2713,4127,3578,1808,516,130,-437,-1102,-1224,-840,-724,-546,-320,-115,6,90,5,-71,-22,18,-16,-39,-25,-30
5,53,34,-12,-23,-22,-34,-46,-33,-52,-51,-40,-21,-13,-14,0,81,171,116,61,134,1293,3944,1469,-291,1771,2398,1713,59,-2140,-6842,-5683,-2894,-608,-965,-571,2049,3413,2586,867
4131,4291,-77,570,230,-3043,-4011,-2637,-2192,-2348,-1866,-559,2285,3182,2002,347,-133,45,65,-471,-1018,-1082,-807,-446,-186,-104,-46,-30,-84,-89,-45,-34,-18,-47,-56,-15,4,-12,3,25
-41,-23,0,-1,1,47,37,7,5,15,1,34,35,54,35,5,6,-1,-20,-30,38,51,21,1147,3548,-3059,-1884,2999,3037,2457,2384,-2119,-4263,-4556,-4568,-2184,-1421,492,3195,3867
1826,-1491,-545,1370,1096,2176,-883,-3659,-5897,-5207,-3658,-1842,1177,4265,5599,4193,1473,153,57,76,-733,-1365,-1142,-601,-299,-278,-290,-393,-248,90,406,363,82,-115,-118,-48,-80,-100,-150,-224
-81,0,-57,-166,-245,-330,-346,-330,-393,-431,-453,-483,-578,-762,-635,-571,-689,-863,944,3084,-184,1422,-770,-315,652,669,-703,-2005,-2953,-2999,-2051,-5836,-810,5763,1719,583,1312,727,367,2946
-38,-70,-95,-230,-341,-248,-70,-23,541,1062,539,447,946,412,-12,861,-201,750,-776,-1396,-1051,-1831,-316,4586,1578,1081,400,1822,2810,3165,1982,488,-63,599,1350,1091,791,805,969,695
-133,-125,915,4157,1471,-30,-1841,-2841,-2863,121,-125,1017,-1135,240,1871,-44,857,4739,2262,918,1122,1782,1386,1151,2144,2592,1716,326,-144,-107,-50,-16,-24,-65,-194,-284,-297,-264,-202,-138
536,507,1054,2549,-122,712,1329,1312,-303,906,56,-170,3001,2231,1768,1220,2596,3160,3420,2567,1345,750,772,709,454,54,-185,-312,-415,-429,-357,-260,-323,-387,-502,-538,-258,24,132,211
-3088,266,1984,-424,1561,637,1003,693,-381,-583,-3044,1537,3654,2769,2517,3302,3764,4071,2404,442,214,928,1164,831,446,124,-166,-369,-493,-532,-527,-538,-567,-620,-495,-268,-228,-125,-14,58
783,582,-657,-2788,-3494,-2257,344,1372,163,450,1197,447,-1688,-1857,-1333,1388,1506,251,-902,2467,4150,3804,2777,2813,1977,857,-374,-363,248,322,112,17,125,310,91,-265,-259,-53,123,219
130,-86,-229,-336,-572,-403,-66,-879,-2376,-1393,-1814,-1158,1166,1289,-4,-147,638,-210,557,1073,-1072,28,1310,-647,-555,235,-329,25,-78,-37,30,125,359,139,16,-305,45,242,881,1949
-685,771,2633,-560,-2102,-867,-1769,815,-982,24,657,-813,-1495,-1867,-1874,2359,-824,-645,-54,184,313,97,195,77,450,955,1317,936,756,1295,1440,679,1089,1243,1558,1657,786,511,1558,2134
-4,-34,-76,-102,43,48,49,167,116,35,0,-53,-118,-113,-169,-237,-400,-598,-808,-757,-440,-242,415,2497,3131,1327,879,-1437,-681,-89,-191,675,634,-1807,-3720,-1103,4971,-1068,-605,-470
56,242,-160,-87,274,302,389,856,1704,2228,2139,1808,866,1596,2595,2061,-30,21,1221,1757,1313,596,356,403,430,220,62,-65,-207,-286,-303,-300,-297,-189,-171,-231,-253,-200,-255,-302
-1911,-1422,-808,-499,-275,808,1854,-469,-515,-596,-2555,-761,-24,-535,259,-190,-3521,-6588,-1245,2919,-734,136,-124,91,-111,-270,-303,557,2180,3301,3666,2484,964,2477,3515,2762,738,711,1747,2351
118,-254,-696,918,1524,248,251,1265,-1162,-3354,-176,1014,-135,-586,-377,-104,-116,-82,576,1455,2095,2210,2288,1386,1350,1834,2248,1856,422,491,1684,2141,1457,195,-447,-508,-309,-218,-336,-420
215,-217,-981,-690,2062,-2,1490,496,-139,-463,-3190,1215,1915,-379,-290,-839,-509,1288,2570,3875,3455,1269,1666,2316,1770,639,761,1492,1810,1401,731,399,119,-236,-422,-527,-691,-796,-696,-503
-76,-219,-742,-1147,-1128,-1061,-764,-535,-43,894,229,-876,-589,-931,-1546,1014,173,1114,1103,318,-769,-807,13,2585,43,329,-535,-351,1061,2304,3168,3980,3835,1616,1612,1525,353,713,1561,1531
-269,-1514,-1164,-798,-1018,211,-1187,-1655,1357,255,789,1015,-413,-442,-238,-289,-77,12,257,-140,41,1342,2341,3037,3638,-509,-983,2820,2751,2152,1444,1296,1241,1009,950,823,496,139,-145,-267
-67,-68,-52,-51,-44,-41,-50,234,2458,2804,2622,1862,437,-110,-89,284,80,-369,-1300,-6213,580,2005,53,150,98,109,-97,-147,95,426,1832,1804,1463,955,806,1470,2414,1908,1494,671
-17,-45,-102,-172,18,2274,1440,1839,361,-1098,-1236,-552,-87,1032,-59,712,-114,-1958,162,686,19,-127,-409,-79,-74,390,296,1061,1388,1974,3054,3712,4295,2865,1838,1761,970,783,489,614
-611,-755,-980,0,703,2364,2408,763,-669,1641,-121,1256,131,-851,-900,-5243,664,1107,118,99,-44,249,-352,-112,135,877,2016,1573,730,1405,2520,3043,3122,2618,2867,2042,858,736,1157,1289
37,19,9,487,1852,1902,2333,1981,203,-763,784,559,1583,424,273,-2055,-2136,1714,302,276,-234,-18,-210,-224,-197,-90,-4,1315,2198,2440,2109,2145,2657,3423,2704,1320,1544,1758,1566,1198
-188,-198,-170,-112,-101,-84,-48,-7,9,15,-4,14,19,10,4,-20,-134,-596,-48,915,32,180,-27,-1822,-1859,216,451,-470,861,611,139,-2811,-3576,2473,-327,38,-128,285,-62,-44
-51,-42,-55,-64,-18,312,1902,1080,1752,1017,-703,-2168,785,102,341,1247,581,111,-1400,-3399,1816,140,-600,-8,9,211,171,267,459,269,892,1230,1454,1567,2199,2574,2543,685,-114,1181
3,-25,-31,22,-15,-5,-16,-44,-101,-101,-121,-1007,-742,-1799,-2005,-3084,-3346,-1101,889,2232,3543,3130,1587,1156,829,-1022,-2366,-623,-27,-59,-217,-106,-54,44,301,149,836,-411,-686,-713
362,291,349,196,206,157,123,50,67,-164,-69,-483,-848,-1377,-2660,-2312,-418,299,1123,1721,2017,1883,1421,161,-2627,16,-495,-139,-235,45,-105,-58,261,467,128,-558,-296,-1360,-1730,-1609
-2953,-4288,-4965,-4946,-2359,-1975,-663,-177,-268,-312,-137,-201,-147,-183,-231,-227,-242,-72,-59,38,3,20,77,-12,722,81,-446,-559,-751,-940,-2119,-2624,-1770,-1243,-537,456,739,1164,1163,246
-14,22,-38,8,-1,127,57,31,-38,42,13,8,-231,-873,-1644,-1478,-1295,-2333,-2777,-493,781,1503,1978,1990,1593,1730,1571,-323,-1212,-598,-209,-299,-333,-377,112,30,652,24,88,-721
-381,-618,-2544,-2579,-70,0,-569,506,1154,1192,1345,1824,-56,-1085,68,-395,-409,-421,-309,49,-259,402,351,96,-1025,-2005,-1691,-2932,-2470,-4371,-4006,-3127,-1728,-9,-371,-686,-309,-347,-380,-172
-432,-225,-225,-160,-82,-53,-96,-87,-4,-84,-86,0,-9,9,-27,-25,1,-58,-375,-1001,-1336,-2843,-3132,-2697,2,1478,2241,2328,1541,949,2053,-191,-2385,95,-61,-87,-550,-155,-206,-103
219,250,225,83,60,313,390,137,174,133,129,112,30,-93,-150,-56,28,-70,-8,-63,-98,-67,-95,-40,-20,42,-25,-494,-799,-1552,-3428,-4048,-696,1085,1715,3036,2792,1797,1891,-2400
-1413,-959,-622,-267,-140,-52,-28,-69,-43,35,-73,-157,-132,-102,-71,-61,-10,-47,-682,-2609,-4690,-5582,-3405,-930,479,2547,3810,2621,2477,2169,1481,-2950,-1463,-694,272,-186,-207,-208,-121,0
-108,-93,-71,-107,-50,-49,-55,-54,-62,-40,-48,-32,-14,-5,-157,-804,-1592,-4280,-3894,-3767,-3607,-2108,-414,1058,2465,2035,1954,2737,3152,-1733,-2039,-695,-206,95,-15,158,-105,403,212,179
-106,35,-161,-49,-109,122,-106,57,40,-221,-488,-1042,-1985,-2731,-3972,-2850,-1175,1278,3679,3939,3375,1274,1932,1301,-3119,-1704,-707,332,74,15,-122,176,42,-32,27,-121,-65,-217,-104,-68
-11,-76,-7,-65,26,-34,-6,-63,-5,-80,-1329,-4056,-5452,-5986,-4252,-167,694,1881,2734,2838,980,1493,1445,235,-3401,-739,41,155,-136,-11,-51,1,35,-32,27,-114,26,-38,-5,-127
-23,-52,-27,-24,-56,-96,-39,-24,-10,-21,63,20,-332,-1259,-3027,-3772,-3444,-3373,-2068,-271,1773,2754,2848,838,52,1274,1179,-3194,-1106,-85,260,-92,-7,-58,-21,-18,82,-102,-120,-347
-36,1,1,-30,-12,31,-46,21,-7,92,11,-748,-528,-898,-1093,-2021,-2434,-613,2442,2953,3514,2100,1677,2707,-4242,-1325,-46,-283,-35,2,373,401,-30,-382,-747,-287,-345,-259,367,793
-2,4,17,6,16,17,14,42,87,56,-85,-571,-1486,-2040,-2186,-3137,-2069,-428,224,1407,2037,1765,1357,1335,2284,-4366,-242,-603,-253,9,300,-310,-563,70,292,49,738,-115,-130,-1450
-569,-653,-870,-1632,-1163,787,1859,2925,3323,2818,1387,1389,-979,-1881,-268,-303,-193,22,-43,16,23,-32,-81,-288,-240,81,563,572,377,-327,-608,-751,-1323,-1426,-2268,-3583,-4387,-4761,-2900,-1729
-43,-11,-46,-24,-42,-35,-36,-40,-37,-16,-3,39,-31,-313,-478,-812,-3305,-4650,-1738,-93,1443,2803,2967,3308,1662,-28,-2380,-1426,-617,287,-189,-43,-156,12,-151,-169,-70,558,209,866
-77,-80,-69,-58,-61,-73,-67,-83,-98,-130,-68,-87,-65,-57,-55,8,26,15,-14,5,-326,-874,-1708,-2485,-4210,-2071,1857,2777,2216,1979,2090,1704,-21,-3158,-968,-211,288,-134,75,-121
-73,-414,-171,-47,-50,-53,-43,-30,-72,0,-45,-135,16,-117,-49,-134,-164,-27,-72,-69,-57,-180,-441,-1050,-2294,-5174,-5951,-4477,-862,997,2488,3753,4581,4819,3279,-692,-3166,-604,-621,-508
-2836,-2747,-1438,875,2355,3887,6285,4996,2186,-260,-3522,-1780,-686,-309,-59,-309,-135,-192,-136,-13,-164,-25,-132,-94,-71,-59,23,-43,-25,-2,-144,329,-246,640,-25,424,-1060,-1186,-1870,-1559
-781,-1096,-2402,-2226,-1256,514,2209,2719,3159,3662,2417,1293,-1282,-3158,-302,-315,143,-181,-160,-213,7,-16,-22,-93,43,-62,27,-11,112,-131,-249,-102,-326,177,-110,-196,-1866,-589,-762,-1310
-533,-394,-483,-506,-120,-36,30,63,47,-26,-49,-139,-126,-91,-47,-50,-28,-197,-503,-720,-1650,-4367,-2869,-455,930,1739,2623,3066,2606,2575,689,-3229,-400,-77,73,-174,-64,-168,86,-40
-30,-72,-427,-1091,-3309,-2917,-1846,-206,2088,2876,2431,2982,1084,-234,-1928,-1576,-583,107,106,-107,-104,60,-29,181,-139,-20,-2,-43,-64,90,-100,-9,-41,-237,-228,-3,29,-65,74,-641
-4,14,17,33,8,51,7,-30,-40,-235,-1005,-1822,-2762,-4163,-2675,-3,1172,3497,3678,3756,3137,2188,1293,-2144,-2548,-145,-336,31,-283,77,-79,60,-66,7,-113,5,15,138,-61,16
-25,-94,-43,26,-131,-117,-73,-112,-154,-121,-45,-95,-57,-31,-106,-43,33,-79,-572,-1015,-558,-499,-1215,-2142,-2792,-2356,-1741,-276,1550,2456,2751,2488,2815,2926,336,-1955,-127,-243,-318,-250
-1329,-1575,-1838,-2020,-1264,472,2708,3038,3395,3042,1826,1743,-1930,-1542,-149,-151,136,-237,-93,-107,-95,-50,-120,-192,-215,-184,-13,73,31,22,0,6,290,23,32,-95,391,-359,560,-709
0,-78,-111,5,-63,-76,-56,-1,-38,-103,-729,-1055,-1392,-2061,-2688,-3232,-1564,366,1634,2904,3074,2435,2638,2880,2243,-4510,-716,-1315,-293,-195,77,-136,-82,-42,94,-38,-83,-38,-83,-40
261,280,37,-73,-87,-150,-144,-151,-71,-9,-41,19,52,61,-510,-1655,-3137,-2613,-2344,-2869,-2655,95,2442,3654,4954,3722,2846,2164,902,38,-1961,-1234,-387,-165,85,-231,-241,-184,-32,-112
-116,-382,-391,24,89,-42,-104,-45,106,47,44,89,51,60,46,25,-21,-45,-122,-60,-74,-20,-68,-36,-87,-38,-154,-725,-1230,-2012,-3568,-4734,-2665,-1267,992,3010,3883,3235,2873,2332
-2467,-2878,-2769,-2791,-2150,-1482,-1052,-950,-922,-716,-390,-283,-258,-132,-341,-215,-229,-472,-175,-237,-24,-67,-143,-206,-1485,-2764,-4088,-4962,-4510,-3317,-1323,60,1962,3614,3507,2738,1779,2228,1749,-3225
-1017,-1050,-577,-898,-625,-700,-714,-691,-715,-296,-146,-62,4,103,-26,-108,-102,-22,-7,13,-31,19,-85,-128,-116,-117,-692,-1872,-2607,-4429,-4713,-1409,1699,2253,2791,3211,3677,3460,-1128,-2041
502,522,1151,1091,209,658,950,1709,2202,1845,1945,1484,300,417,-82,27,-104,54,274,269,269,172,64,-13,18,41,26,34,55,45,65,-23,-244,-501,-780,-614,-1147,-1328,-1593,-1054
-12,-3,-32,-7,-19,14,-13,-1,-10,20,-31,22,22,27,104,57,36,1357,-11,50,171,110,102,90,176,221,251,119,92,305,1426,1319,808,243,724,1161,1697,2035,1760,2402
220,83,241,163,139,229,121,162,248,273,266,176,47,-136,245,909,1431,1256,1318,1477,1437,2107,3774,2483,2392,513,-760,-730,-186,48,79,40,-148,-169,-232,-1316,-1882,-2446,-2977,-2611
1357,290,422,539,358,990,837,1761,1709,850,318,462,1437,2169,3005,2363,1773,688,-184,-656,70,196,208,68,-331,-1184,-2638,-3383,-3663,-2800,-1922,-2874,-1436,-1393,-404,427,657,576,652,548
197,257,327,492,576,365,284,851,436,95,1091,1050,1451,3139,2260,2659,1405,396,-210,-148,-253,23,48,27,-40,-32,-50,-66,-169,-835,-2282,-3431,-4139,-4173,-2084,-2041,229,-803,222,-382
88,101,71,21,124,104,1426,914,326,549,454,1576,1119,1610,2687,3056,1986,1816,368,-496,-277,39,80,106,64,-49,37,-41,-151,-612,-1322,-1512,-1879,-2540,-2302,-1965,-2473,-2482,-1285,-1671
31,0,12,-2,26,23,6,27,41,35,-9,76,107,270,52,710,847,880,1445,440,190,1073,1405,2984,3361,2952,1092,706,-403,141,-75,-137,-483,-1326,-1364,-2341,-2210,-2118,-2098,-2033
26,26,-36,-21,-11,-19,4,51,93,95,135,313,36,1764,773,1657,841,342,1066,919,1732,3064,3076,1930,1025,359,69,-132,-212,-60,-615,-1220,-2174,-3658,-4140,-3697,-3637,-3259,-1171,-1376
-7,-11,27,-22,-4,-14,14,-18,1,-7,28,44,51,72,18,-58,1106,1464,383,1517,1042,446,903,75,2295,3572,2534,2106,1028,1023,-59,-155,51,102,30,-201,-682,-1326,-2445,-3149
-28,-3,-1,72,162,147,48,-39,-7,-51,30,17,73,192,364,452,1011,1379,600,3049,411,-329,562,982,1653,2328,3427,1113,1114,529,931,-118,-268,-24,49,58,6,-33,-10,-50
-27,-53,-18,66,72,-14,-89,-81,43,158,357,342,256,133,733,934,-240,1236,691,480,935,1956,2242,2936,1082,1546,960,394,-196,-422,-292,87,42,92,-9,-42,-196,-607,-1490,-1696
-77,-6,26,-18,-53,-66,-39,-38,-18,-55,-77,-21,19,63,134,87,110,187,-646,-615,1332,1659,699,2628,521,247,978,844,1136,3462,1951,2421,2030,648,693,-271,-217,64,43,-16
105,49,68,63,5,-1,-24,-17,13,1,-2,36,73,81,99,116,68,17,-25,-29,26,24,73,87,71,24,-13,46,114,117,74,126,240,257,1437,457,698,2296,411,370
88,126,206,108,804,2080,278,1377,1396,1335,627,1979,2496,2322,2632,2760,1875,527,-9,-226,-172,92,22,9,-35,-8,5,-261,-1345,-2360,-3698,-4790,-4440,-2561,-2253,-16,-227,-237,185,245
-32,-16,-67,-38,2,97,177,532,900,2150,1557,1099,1783,422,59,1151,1180,1241,1934,2401,1753,1452,139,240,1363,39,-31,177,142,50,-125,-198,-1027,-2343,-2709,-4552,-5195,-5084,-3105,-782
-42,-30,-29,48,78,24,-14,-73,-70,-62,-18,14,108,38,68,153,321,424,494,935,1805,2293,181,848,61,293,850,904,2942,3077,2852,597,1670,419,481,-655,-254,-121,137,-29
16,62,121,158,167,96,81,28,-2,-15,3,-1,15,-7,0,15,23,28,0,-13,2,18,40,97,-70,-181,42,-164,98,1353,286,914,2097,401,350,1171,1520,2067,2910,3246
-4,-13,-12,0,2,77,88,60,48,23,22,136,162,311,405,612,1386,830,1493,368,-312,402,1258,1937,2805,3002,2156,2449,390,533,-823,-207,-230,84,62,-2,-3,-70,-75,-44
-42,-42,1,14,-16,-1,-2,10,18,64,115,145,189,286,440,821,1520,1541,879,1533,480,313,1345,1639,2062,3070,2502,2574,894,444,-1147,-274,-147,85,78,64,23,11,3,0
-80,-73,-31,-4,-1,-20,-24,-24,-5,32,49,11,-16,33,86,89,104,76,63,137,201,221,345,368,1004,992,161,1629,243,466,1171,1093,2728,3328,3708,2406,646,-691,-540,-280
169,31,1435,-214,387,-864,-1949,-873,1060,1652,826,-482,-911,-6160,-5200,-78,2674,3772,740,-2185,1163,4097,1382,36,2538,-257,-798,-502,-483,5,196,-26,-151,-204,-223,-131,-91,-131,-157,-136
-155,-78,-28,-25,-89,-133,-77,3,81,-140,709,-76,1840,1212,66,-1098,4,1277,1434,-399,-904,-5173,-3755,-2652,1759,4126,1263,-623,2244,2860,1022,573,1618,253,-418,-645,-567,-462,-216,-69
-6,21,-13,-20,-2,22,17,0,-6,-2,22,-24,-379,1184,2083,1152,1132,-577,-1333,-58,812,413,-454,-3110,-4953,-468,-2277,-993,3302,1401,1400,-370,-75,5298,2541,-1663,-1158,-484,-217,-307
-15,-14,11,18,-35,-37,-18,-5,-2,17,-2,-249,-169,2889,1342,1220,203,-1506,-1306,912,2356,443,-1698,-1826,-4727,-2718,-2663,-1485,2089,2098,637,-221,1312,2791,2221,3237,-848,-2665,-2035,-591
-6,4,-23,-39,-28,6,-2,-19,-28,-47,-129,253,2002,2196,-503,-331,-994,-109,801,3153,314,-806,-1045,-711,-2736,-6213,-2300,-2432,-1986,1982,2021,-164,889,4054,3944,737,-588,-569,-432,-612
-15,-32,-41,18,50,17,-29,0,54,51,25,-116,141,2508,1450,1815,1119,-289,-495,639,2196,136,-926,-1704,-4393,-2171,-3688,-1270,2144,2123,-274,557,2540,937,-882,2989,1330,-544,-761,-706
-19,-69,-79,-65,7,85,51,-30,-56,-42,18,-23,2,726,1384,1151,1069,853,-242,-954,516,1881,-505,-681,-2033,-3632,-2494,-1459,-3043,-707,1669,2550,-993,-171,832,1003,1692,799,-91,-368
-509,-748,-746,-60,336,885,808,1149,954,-395,-1157,-1066,-535,-11,-21,111,320,42,-228,-233,-74,172,389,655,976,893,896,722,32,755,332,-868,-553,-1256,-1134,-1224,981,1364,18,-759
-1361,-3543,-4494,-5166,-2457,151,1055,278,1800,1742,3939,3126,54,-584,-1325,-1601,-586,-639,-470,-287,31,468,772,793,390,67,-113,-61,41,55,-3,-158,-107,348,1089,822,72,12,6,-9
40,-29,-90,-99,-128,-68,-87,-69,41,56,87,79,93,67,55,0,-62,-56,-57,-77,-177,-357,45,1197,1514,1057,647,-176,-1078,-429,1579,586,-593,-803,-1252,-782,854,-4246,-5421,789
3346,879,83,672,2647,3710,149,-1358,-948,285,-77,-571,-643,-335,-70,-47,-85,-87,32,90,31,-60,-42,-38,-22,17,8,-52,-84,-26,-20,-16,-18,-39,-76,-70,-112,-117,-85,7
-224,2123,108,125,-1090,-2025,258,1886,-209,-685,-3275,-4212,-4155,-3124,228,3457,1641,-515,1672,3253,3282,697,-762,-981,-356,-390,-361,-323,-140,6,-162,-116,-42,-126,-117,-112,-63,-5,-5,-2
-38,-18,-14,-18,-10,-9,-19,-20,19,17,17,-178,361,520,-50,-297,-1809,-1118,-2248,59,512,-129,-426,-1121,-3686,-1829,-4716,-332,4145,3694,-2001,796,831,1378,1388,384,-126,-192,-300,-268
-43,-5,-34,-55,-27,-6,-17,-30,-39,-14,21,-29,-196,140,2432,-318,-107,-16,-1417,-893,594,883,-871,-1401,-3836,-3391,-3234,183,3081,2442,599,802,2969,703,-530,-361,-276,-114,-64,46
-34,-25,-9,-4,4,9,35,-32,-44,11,-297,-478,701,-234,-625,-875,-1357,-478,750,1259,-812,-747,-2846,-1283,-1907,-3712,753,3466,748,-2535,4351,4631,-600,586,-809,-1987,-1394,-496,-112,101
-15,-17,-48,-35,-18,-48,-63,-61,-60,-296,1426,958,666,-264,-1737,-515,1125,298,-661,-1891,-4467,-2901,-3381,-741,2588,3397,-854,-946,445,1591,1090,681,353,107,-229,-365,-20,225,122,-86
-31,-40,-8,-21,-3,10,-24,8,21,84,656,1123,-142,-507,-23,-1633,-384,1495,1385,-287,-964,-2865,-3576,-2048,-1898,1023,2788,1201,533,-71,2704,497,919,-607,-702,-409,-123,-53,112,64
26,6,11,-1,10,2,5,6,0,6,74,126,77,-85,-249,-848,535,1014,-240,155,-1352,-26,1972,1561,-1393,-1385,1357,-4123,-5845,-2366,2198,2899,-577,3698,3255,5187,-553,-2675,-1385,482
372,156,-45,41,204,94,-166,-222,103,447,488,364,224,704,1091,844,-85,-94,-480,-1622,-2221,-737,2047,-1074,-425,-3040,-1996,-3820,-1296,2893,3361,-231,-808,3094,2280,1150,-370,-975,-306,22
-83,-74,-63,-92,-50,-17,-9,-5,15,46,20,-10,-61,-160,-235,1690,2637,38,471,-694,-1232,-682,1335,-211,-1068,-1235,-3133,-2611,-3247,-1321,2061,3938,50,-557,1010,929,1701,386,1357,-111
-26,-117,-55,-29,65,-21,-71,-443,-1169,-1285,2458,8691,8691,8691,5292,1751,-584,-8611,-8771,-8771,-8771,-8138,-933,972,691,1111,553,558,150,90,-236,-137,-22,-99,98,16,13,10,112,70
-20,-16,12,-25,19,-57,38,-5,-6,-24,6,8,-39,-21,-55,-147,-374,-467,137,5939,8691,8691,8691,5618,1302,-5973,-8771,-8771,-8771,-8771,-796,858,449,383,373,560,613,573,72,89
9,-22,-22,-22,-51,-33,-54,-10,-68,-61,-155,-316,-785,-859,529,8639,8691,8691,8691,2458,-610,-6964,-8771,-8771,-8771,-8386,-2345,298,-116,645,521,1090,1015,403,300,-112,265,-73,-197,-182
-57,34,-33,37,-48,-3,-60,46,-17,-70,37,-194,-144,-496,-830,227,8691,8691,8691,7499,4395,-629,-8357,-8771,-8771,-8771,-6735,-1135,-153,-60,352,232,838,418,688,441,92,21,85,157
-77,-184,-275,548,4136,8691,8691,8691,7208,4075,822,-4315,-8771,-8771,-8771,-8771,-4951,-637,75,120,628,386,552,570,2,250,-115,50,64,77,19,-6,7,15,-26,19,-18,15,-98,-72
-36,15,-68,20,-29,5,-38,-8,-21,-58,-46,-114,-120,-245,381,2020,8539,8691,8691,7254,5794,727,-3528,-8771,-8771,-8771,-8771,-3751,-1021,-870,563,-41,568,521,1100,790,58,-209,-149,-119
3,0,-37,13,-1,-54,-36,-22,-92,-219,-381,-523,-616,3236,8691,8691,8691,6162,3639,-1385,-8708,-8771,-8771,-8771,-6907,-2082,-952,-305,-26,371,756,699,662,576,115,-16,-47,-39,45,-103
-107,14,-66,32,-36,25,-25,-16,-99,-1,155,790,3471,5266,8426,8691,8151,5115,4234,272,-4424,-8771,-8771,-8771,-8771,-5412,-1585,-721,-186,525,52,166,468,508,-68,-54,207,246,107,259
86,-75,-91,-35,-8,156,-66,33,-140,58,-141,96,282,-96,157,180,1932,8568,8691,8691,6379,7455,1843,-1413,-8518,-8771,-8771,-8771,-7613,-1480,-1223,-849,37,688,839,280,-546,158,577,454
-10,-65,-39,-43,30,-12,41,-20,162,-126,51,-64,172,-22,-131,-33,403,1820,3395,8691,8691,8691,6305,3998,176,-2940,-8771,-8771,-8771,-8771,-6518,-3067,-881,-551,171,124,162,367,215,-124
-22,-194,-126,-224,-145,114,-85,-30,-122,-733,-1635,-5059,-4413,1619,7171,8691,8691,6586,3781,2915,-760,-7118,-8771,-8771,-8771,-6678,-1866,-1047,-465,-105,490,755,795,1549,614,-293,-74,-279,6,-200
-81,-44,-44,-16,-2,-35,-50,-24,-74,-124,-558,-2278,-3712,-581,4950,8691,8691,7489,5146,4284,-1184,-6613,-8771,-8771,-8771,-8747,-3740,-1233,-584,756,413,1062,602,922,477,582,-219,93,136,-485
81,101,350,511,321,329,98,143,22,-59,-61,-291,-654,-1080,-1175,-1038,503,4360,8691,8691,8691,4361,1940,-5381,-8771,-8771,-8771,-8771,-6029,-746,90,715,1810,2234,1399,543,-177,95,-363,20
-28,-24,-10,19,-77,-55,11,-71,18,-201,-161,-401,-662,-1104,-1607,608,8691,8691,8691,5565,3430,-1339,-7456,-8771,-8771,-8771,-8079,-2539,-944,-30,54,533,527,438,408,-39,-9,-10,40,-57
-82,-74,-44,-86,-75,51,51,-111,-203,-724,-3115,-3243,3391,8691,8691,8691,7126,4088,-516,-5192,-8771,-8771,-8771,-8771,-2637,296,63,568,-289,623,446,411,584,280,261,335,16,38,91,84
-140,-119,-391,-171,-246,-173,-142,-137,-10,20,-35,58,-4,148,190,222,695,390,498,607,662,809,1038,779,1495,1411,792,101,-319,-374,-499,-833,-1291,-2308,1201,8691,8691,8691,5564,3448
1299,855,154,15,-215,-7,-288,-113,216,-227,-209,-236,-166,-21,-315,-76,-328,-232,-275,-232,-43,-93,-121,-227,-715,-272,1927,4604,8691,8691,8691,4437,1741,-1708,-6814,-8771,-8771,-8771,-6689,-688
-47,-25,-40,-4,99,29,-56,10,-177,84,-377,-741,-1131,-1641,-1242,1361,7291,8691,8234,6073,3705,-458,-4068,-8771,-8771,-8771,-8771,-3189,191,-903,-37,731,1813,1593,1659,548,602,-1470,195,458
127,-99,-18,30,-42,38,1,1,-138,-44,-211,-638,-1409,-1831,-1339,5368,8691,8691,8190,3001,356,-5963,-8771,-8771,-8771,-8771,-4799,315,138,942,701,413,1405,118,-512,-79,114,205,262,-23
-65,-65,0,-51,-18,-102,5,-120,-201,-554,-1179,-1010,-872,-2535,-3401,-2090,8691,8691,8691,3534,2713,-3739,-8771,-8771,-8771,-8771,-2934,42,-887,340,598,906,891,336,72,-9,45,-22,-106,108
89,20,-57,-121,-256,-267,-159,-235,-199,-208,-347,-317,-134,-124,-199,-129,-76,-53,-57,-130,-152,-261,-326,-799,-2687,-3999,-3205,-2556,205,-787,185,968,-3691,-1569,-691,63,265,889,1874,2080
-1115,-951,-1019,-718,-512,-706,-946,-784,-660,-606,-488,-330,-236,-231,-92,59,150,23,-229,-365,603,408,-1241,-2550,-4080,-2886,-871,92,369,761,-3286,-2105,-891,434,1074,1483,1967,1069,-1518,-107
-59,-77,-51,-142,-287,-409,-443,-2051,-1271,-863,-704,-905,-1188,-2064,-2720,-2765,-2538,-1692,-1118,-191,244,-1717,-2383,-926,-41,738,1691,2111,1818,917,365,-785,-1868,-1756,-1035,-2179,-4022,-5665,-7374,-5337
-16,-179,-88,134,-88,-303,197,259,-332,-219,199,-7,-206,-75,-19,-39,57,-169,-322,-350,-572,-754,-3387,-3006,-3756,-3507,-2695,-1852,-1294,-864,-4782,-501,-299,551,784,1753,2024,959,1112,1102
-49,-33,31,70,77,6,20,-2,27,25,-37,7,2,-33,18,58,-45,-84,-91,-189,-438,-695,-237,-1112,-1536,-1034,-2813,-4837,-4932,-2563,-1048,41,445,-3126,-3996,-888,-202,780,1402,2070
-35,52,150,-128,-29,220,269,126,23,-775,-681,-518,-536,-415,-1224,-2974,-3396,-3340,-1976,-1652,-1432,-917,-779,-1248,-3712,-1148,-773,-391,-80,456,982,1359,1499,579,-338,74,-547,-1050,-1031,-2982
-65,6,21,148,-68,-106,46,-66,-74,-49,-91,-357,72,95,68,164,83,-57,-58,-28,-178,-183,-124,-147,-260,-1005,-814,-128,-316,-3231,-4115,-4062,-2655,-1187,-972,-1620,-2171,-4841,-5536,-1727
-2973,-3224,-2463,-2257,-1679,-653,-159,-1250,-4387,-2273,-503,-48,339,697,729,1673,1156,1214,674,-253,-243,-377,-602,-1560,-1856,-3116,-2367,-2938,-5644,-5296,-4106,-2173,-382,315,85,-380,-689,-791,-723,-506
-28,-22,25,0,-12,-15,-28,-33,-39,-49,-84,-70,65,294,155,-162,-155,-78,-66,-5,407,-276,-635,-765,-166,-489,-1528,-2993,-4357,-4769,-4031,-2913,-1677,-2144,-3713,-3828,-1046,-776,104,143
-92,-53,-54,-38,-57,-62,-98,-80,-59,-37,-60,-92,-80,-110,-136,-139,-157,-127,-123,-153,-75,-9,-71,-114,-179,-193,5,209,610,-1592,-4156,-4896,-5502,-4212,-2878,-1994,-2118,-442,-3805,-1802
-3551,-2716,-2011,-1513,-17,1162,798,-4865,-1179,-972,-241,-145,116,399,646,1301,1365,817,263,777,566,46,-33,-325,-1778,-5821,-8771,-8771,-4756,1444,3760,2307,-290,-1800,-1895,-1203,-393,-24,80,83
-1,-4,-22,-29,-8,-31,-32,-13,-2,-18,-9,-20,-18,-26,86,228,3,-103,-294,-132,-957,-2093,-3074,-3649,-3485,-2952,-2494,-1796,-866,34,475,-3864,-1411,-658,-297,299,618,1010,1576,1582
-262,-211,-155,-115,-126,-100,-148,-204,-99,-58,-103,-26,88,297,489,393,165,106,90,6,-22,-13,10,335,326,-67,-45,-83,-215,-337,-243,221,14,-2776,-4384,-4240,-5208,-3968,-2564,-1139
-330,-798,-3034,-5483,-5347,-4379,-3608,-1710,-422,-722,-151,-451,-4054,-4270,-903,-575,278,543,688,1425,2490,2165,1143,1135,1150,-252,-885,-2262,-3763,-5951,-8771,-8396,-3314,2273,3760,2208,-25,-1033,-993,-632
-10,-18,14,-7,14,-6,-42,-40,-4,-37,-19,-16,22,-3,-14,-233,-123,-49,-87,-1,102,-1291,-2139,-2421,-2791,-2968,-2941,-1715,-643,128,1532,-1416,-4254,-1240,-502,39,216,77,229,-44
-335,-301,90,-787,-2062,-3149,-3847,-4372,-3275,-1972,-920,-971,-688,-1503,-3295,-976,-518,-1,333,1127,1873,1140,947,887,272,172,-808,-2326,-4949,-6195,-7508,-6211,-2036,1337,2137,1123,-102,-549,-493,-422
-53,-78,-83,13,-155,-351,-526,-273,-32,-69,-104,-100,-49,-45,-94,-268,-180,-1352,-2595,-3330,-4041,-3630,-2927,-2060,-1430,-255,-988,-3449,-545,-736,-67,-99,69,639,1110,1881,868,835,1053,1088
-3095,-2681,-2823,-1963,-1370,-1284,-3606,-1592,-392,-359,436,865,1407,2235,968,758,618,239,-282,-1000,-1271,-2812,-3796,-5665,-6367,-5995,-3408,-142,1391,857,-317,-1097,-953,-535,-380,-344,-266,-209,-53,144
131,137,-31,-84,-54,-94,-347,-481,-116,195,122,30,-18,36,12,-21,-197,-94,-118,128,12,-134,-151,-199,720,-1255,-3636,-4139,-4907,-3819,-2434,-795,-1339,-1089,-4151,-729,-627,-15,617,750
-126,-153,-150,-76,101,239,49,-85,4,157,221,-138,-267,-95,-58,147,4,3,50,-16,-69,-48,-36,-61,0,122,-463,-2724,-3562,-4076,-4881,-3633,-3319,-2027,-1361,-963,-2935,-4256,-589,-346
501,757,1244,1559,1896,636,585,76,-639,-402,-1312,-6152,-8771,-8059,-4054,-255,1097,1057,18,-758,-257,258,-223,-585,-456,200,-37,-709,-630,229,430,-282,-456,314,440,-194,-225,431,350,-78
-363,-58,-3631,-963,-13,339,10,-252,-881,-1136,-1300,-1785,-1426,-467,-701,1404,-460,-2826,-2740,-1075,1584,2491,3298,2658,82,-1384,-1145,-488,-129,-302,-211,-38,-11,-93,-91,-24,-65,-92,-32,-135
28,40,54,-43,3,-10,46,119,-67,0,-1,-18,57,913,706,1333,-1105,-874,125,1879,3006,956,1049,1973,2759,967,336,76,514,222,-353,45,-492,-826,-3502,-4089,-2800,2973,531,-93
1835,767,-128,-619,522,622,114,-588,-563,-2209,-2735,-2502,-481,1717,2688,-1741,-5392,-971,415,30,-220,765,2049,1589,51,-881,-817,-207,61,26,-23,45,62,-8,-74,-35,-30,-62,-97,-137
559,629,469,350,411,439,414,283,269,197,293,374,599,202,-357,-418,361,1003,1552,333,801,-1502,-312,752,169,-645,-337,952,2576,2741,1605,672,1088,429,717,624,-92,318,89,-6
578,-27,-156,465,1252,1143,412,-45,-95,185,215,175,127,173,121,71,45,28,-64,-57,244,52,-9,2,-27,45,46,-51,-27,652,1555,674,-683,-1877,-917,14,183,-43,344,1512
-42,-17,-35,-40,-41,-34,-66,-47,-53,-62,-36,-58,-52,-5,-13,12,45,737,228,932,-1224,-1247,-738,-225,-316,235,2616,7429,260,4035,3113,40,743,23,13,20,56,80,94,165
-1068,739,5303,7835,2466,2161,1268,304,-109,769,457,203,151,131,-21,-69,-89,-266,-1271,-4035,-5684,-4736,-2704,599,2623,1336,-1346,-2212,-1592,532,2961,3375,2957,2526,1758,-155,-1987,-2558,-1907,-555
7021,3432,1535,2285,3211,3087,-1,1094,345,7,11,5,-248,-410,-600,-1655,-3808,-4041,-2913,-1748,-153,497,2351,376,-2264,-199,-107,570,1668,2117,2372,1600,438,-754,-1227,-1023,-440,-35,34,26
64,92,94,31,12,22,35,41,50,17,37,39,86,78,46,9,23,-2,32,17,7,13,-5,47,909,-911,2414,-243,-1368,-1896,-1048,-487,-291,900,4272,5672,2259,2350,2402,4187
-391,-28,127,104,180,181,288,167,155,-6,760,1073,682,-1379,-102,-1555,-1060,-1271,123,2506,4820,3019,2839,3292,1486,3219,854,475,103,-226,-315,-199,-172,-217,-218,-280,-745,-1442,-2174,-1750
3736,2846,2716,1800,-2376,-1663,-163,156,-225,-300,-147,-89,-20,29,-132,-291,-733,-2510,-4527,-4087,-1587,1407,1966,528,511,-358,-62,-510,-152,639,1118,1286,941,466,-171,-653,-641,-285,-79,-33
21,36,3,-56,-104,-81,-43,40,66,30,66,85,61,26,26,-97,-363,461,778,64,1734,-2298,-619,-875,-819,430,573,3286,5994,3633,1522,1826,3599,2101,188,350,90,-285,-434,-377
-17,-9,-10,63,128,612,820,596,559,116,-319,679,-784,-399,390,-273,-931,-493,2132,4115,2224,1898,2118,1652,1465,311,661,218,-407,-504,-354,-301,-320,-329,-279,-162,-120,-264,-1111,-2305
436,962,-190,222,-360,70,-902,-924,-18,1149,3682,5105,-115,3373,1154,1761,744,770,357,-269,-500,-413,-1316,-3115,-1679,-5,1244,1349,1161,2060,-818,-440,-1066,-1103,-689,323,1620,1983,607,-1121
3160,5803,3131,1580,1133,1609,903,151,532,-121,-276,-371,-435,-473,-461,-354,-217,-128,-197,-700,-1413,-2102,-2448,-2575,-1729,-447,-879,751,714,841,92,436,867,556,422,905,1371,945,-40,-526
-54,1048,3673,4041,1461,1492,694,1185,-54,-3,360,22,45,6,43,4,-53,-69,-56,-53,-37,-22,-29,-22,-48,-63,-63,-42,-11,1,17,14,-54,-36,-29,-43,-69,-43,-32,-18
-674,457,1454,2924,2233,2797,1440,2150,973,-1304,35,645,364,-51,-115,-105,-158,-176,-167,-123,-41,41,139,173,91,41,110,136,60,-49,-151,-287,-482,-726,-1136,1357,-3022,-1988,-2041,-2145
1525,1707,1616,2920,776,914,331,-56,-200,-292,-257,-319,-368,-287,-267,-247,-170,-151,-146,-130,-162,-225,-110,14,53,53,45,-24,-19,-31,-30,-51,-51,-40,-43,-32,-18,23,14,47
3502,1265,1982,2073,2010,-20,502,-180,-773,-559,-442,-510,-614,-742,-725,-643,-469,-489,-594,-316,-309,-253,-156,-97,-77,-50,-43,-72,-205,-357,-361,-263,-128,-92,-193,-157,-61,13,-4,-64
329,310,359,462,412,411,498,535,456,208,163,102,5,-100,-170,-382,-132,-50,105,291,1962,-152,-367,-1385,-2061,-3145,-3219,-2070,-806,-757,72,436,1017,-114,796,1124,-1092,66,-471,-591
-551,628,50,491,2647,2467,2616,4009,4255,4223,4938,-227,-4091,-3447,315,2407,2410,2108,1810,725,-669,-1045,-466,-36,-339,-584,-541,-425,-395,-310,-46,74,-37,-141,-83,-31,48,8,50,-106
-220,-158,-51,12,11,8,49,32,54,54,23,-28,111,-68,-172,-147,-166,-188,-447,-3370,-1504,-680,-1044,-1285,-1655,-2967,-3347,-3090,-1502,-368,-949,-165,90,699,108,-110,466,-1621,-2762,1473
-317,-488,-2676,-2787,-2278,-732,-650,-152,94,137,1091,883,471,-3,-143,-1458,1718,-27,-275,-74,134,2239,4525,5228,5126,3804,1114,-2793,-3383,-544,4380,2682,641,2028,3032,1176,-592,-650,-1313,-1818
-1101,-2486,-2727,-1939,-222,16,21,606,644,1528,1500,223,723,-316,-374,835,-503,-560,-616,-86,2536,2646,425,-2820,626,5508,3999,7095,4073,-4453,-4059,973,4921,5008,1739,-998,-1732,-1340,-971,-714
-40,-140,-140,-46,-64,-66,19,76,9,-31,323,1046,557,-661,-2230,-1708,-1339,-155,466,322,472,101,-37,-350,-1485,-864,1990,-1324,528,3830,3837,6435,8691,2998,-5227,-4165,476,4309,6474,3526
-17,42,-7,-45,-53,-16,26,58,28,-34,-78,-98,-89,-94,-164,-203,-227,-207,-115,-25,-55,-138,-180,-292,-430,-234,-543,-473,45,679,-646,-2598,-3688,-3030,-1089,412,1088,-703,1245,824
-1247,-2020,-2270,-1897,-1253,491,834,1494,1125,-135,-155,-911,982,27,-20,-31,648,2933,3930,5070,4391,1714,-4780,-4105,2313,3637,3086,2896,2010,-726,-2118,-930,100,-99,-441,-708,210,-383,-972,-446
9,97,114,407,-957,-1169,-282,-1321,-2445,-2665,-2546,-1774,431,88,612,98,-1046,-661,-2780,-1253,1566,133,-549,237,1879,2745,4143,4316,5716,5466,2535,-3368,-3145,-1560,-811,121,1837,2502,1541,123
-38,-79,-103,-65,-5,67,68,42,2,-13,17,70,103,111,75,27,-18,-38,-37,-25,-42,-53,-35,-59,-154,-620,-1510,1631,1885,-467,-3678,-4021,-2136,606,377,224,-1734,933,-3941,1087
-99,-150,-97,50,-143,-1320,-2107,1837,792,1224,-1233,-2199,-2775,-1753,788,691,1496,-1649,1162,521,-3327,2820,-1041,-1292,70,2454,5033,4566,5691,1784,-3329,-5782,-935,2676,4279,4267,2413,-111,-2033,-3272
-14,78,9,73,102,167,180,200,156,-31,-147,-163,-49,-33,-154,-93,110,125,-115,-192,-33,3,-135,-172,-110,-108,-116,-97,-64,-38,-114,-72,10,18,1698,2687,-1659,-4104,-5453,-6041
-113,-143,-73,-9,2,-49,-77,-26,17,46,50,-8,-51,-225,-740,-1459,-1400,1337,-512,-270,-585,-1214,-1628,-762,-195,565,-55,-241,-388,-204,-2985,993,354,-600,-358,-583,1682,3866,6376,7066
-115,-54,-47,-51,-43,-30,-29,10,14,18,36,-26,-185,-56,382,-13,-230,-451,-501,1082,1175,333,-2108,-2856,-1279,504,1514,1443,-1025,493,-855,2283,1825,28,686,3092,5100,1156,2669,3106
-185,-127,-12,-37,-125,-102,-2,33,21,-27,-86,-120,-109,-94,-21,-49,-6,-1,93,321,590,1231,1322,1062,-157,-1831,-1518,60,1154,1593,390,-888,-2805,-457,2842,165,3143,3887,8691,4932
-41,-324,-621,-1161,-179,1626,639,2442,1626,-438,-1300,-1116,1585,1898,1526,597,52,27,1737,-662,381,2684,5700,5971,1330,1358,1293,-983,-1433,125,1002,354,-597,-1703,-1971,-272,-144,-546,-474,-45
-113,-120,-79,-14,-39,1,95,-55,-229,-383,-360,-279,-346,-292,-215,-256,-156,-202,-277,-417,86,1609,879,871,-1019,-2659,-3734,-1309,367,1478,-1155,1433,-1814,1268,-4,1365,2090,5085,3633,1145
-1567,3230,1856,1636,-165,-1279,-1292,-718,-746,70,1050,1687,1476,-854,244,-956,-2909,1203,-778,-28,-139,-70,-260,2430,4462,3606,4275,-2360,609,6718,1710,-1930,-1938,-435,1863,3551,3123,-511,-3423,-2368
447,2141,1341,446,-512,-2266,-3678,-3575,-634,-827,499,-337,59,-1208,-714,-1114,-2722,988,-868,163,-294,738,2855,3024,3613,4854,4827,3987,2226,-1860,-4350,-1629,1085,2950,3482,2330,388,-864,-1069,-567
206,139,-233,-120,173,-128,66,129,181,-138,-51,32,34,-171,-244,-25,-48,-103,-34,16,-47,-220,-883,-1762,896,1225,1194,326,-852,-1294,-33,-575,562,908,-398,-832,-1516,-1314,695,-461
-407,-475,-680,-627,-699,-736,-507,-325,-159,-49,-61,-76,1,343,495,172,-159,-240,-156,-171,-167,-112,52,426,90,-128,-178,-542,-1115,-1803,-1863,-1999,-795,8691,8691,8691,6285,3924,1597,94
-57,-44,5,14,-95,-323,-582,-854,71,-1,-61,87,350,874,45,-125,-366,-346,601,-392,-2720,-4459,8691,8691,8691,2773,-8771,-8771,-8771,-5493,-589,867,1471,1453,2011,4715,4135,1105,-1411,977
-8771,-8771,-8771,-8771,-6543,-3609,-1060,-111,868,1584,2430,2285,1783,1194,687,510,375,285,548,451,245,195,118,434,343,56,-241,-311,-216,27,13,-21,-128,-29,63,145,122,-26,33,4
-90,52,-14,-66,-60,-81,-76,-102,-242,-333,-422,-594,-409,-316,-312,-108,-227,-101,-140,-805,-1568,-1985,-1078,1450,7900,8691,8691,8691,2884,-189,-8771,-8771,-8771,-8771,-6729,-2334,-836,1,913,1986
-224,-205,-117,705,8691,8691,8691,8691,5258,2762,416,-3928,-8771,-8771,-8771,-8771,-4530,-1633,2382,977,1150,784,1221,946,776,337,462,546,658,719,496,573,327,782,331,-120,-208,-327,-115,71
-59,-12,8,70,16,-13,3,2,-56,-72,-138,-316,-36,18,-256,-251,-300,-281,-542,-1354,-2225,1561,8691,8691,8691,5780,3089,-779,-5170,-8771,-8771,-8771,-6068,-3927,-1969,-1044,-120,386,1302,2740
8691,8691,4086,-63,-8771,-8771,-8771,-8771,-5643,-1933,-625,310,1235,1308,2176,2195,1889,888,567,430,98,143,114,274,247,246,271,196,94,-227,-345,-473,-489,-287,48,11,64,-70,-111,-75
-110,-77,-53,-45,-67,-25,-155,-199,-41,-39,-54,-20,-86,-64,-120,-162,-258,-280,-216,-252,-288,-173,-232,-18,-84,-23,-44,-18,-108,-224,-136,-575,-1630,-1582,-241,6125,8691,8691,8691,5696
2,141,252,594,389,277,110,25,-124,-191,-314,-294,34,226,-72,-516,-767,-1907,-1903,-1424,-1352,-1161,-1091,-1185,-1056,-1403,-1840,-719,3421,8691,8691,8691,4879,1381,649,-5594,-8771,-8771,-8771,-4685
-111,-453,-2185,-2213,-536,4916,8691,8691,8691,4060,807,-1805,-8527,-8771,-8771,-8771,-6443,-2504,-1609,-259,625,1116,1160,1486,945,406,369,167,130,147,92,317,208,134,229,397,134,117,-38,-164
-983,-1041,-1062,-491,-332,-70,83,233,69,50,161,631,3837,8691,8691,8691,4457,2746,-357,-3222,-8771,-8771,-7833,-3237,-1557,-160,549,1298,2083,2575,1429,209,-229,-43,-264,29,331,221,342,412
142,83,-97,-425,-443,-614,-37,-111,228,6079,8691,8691,8691,4121,3122,1237,-6843,-8771,-8771,-8771,-5321,-2725,-892,-170,147,184,308,253,778,536,619,579,492,487,302,400,513,476,465,527
-129,-1,-91,-47,-31,-24,-33,-20,-82,-33,-61,5,-74,-39,-57,-26,0,31,-17,-49,-109,-97,-63,-132,-119,-172,-391,-224,-382,-410,2155,7127,8691,8691,8691,5647,908,-6796,-8771,-8771
63,-128,-179,-170,185,542,381,-377,-180,-146,-119,-194,-242,-369,-423,-255,-162,-367,-669,-313,3239,8691,8691,8691,7426,2874,72,-4593,-8771,-8771,-8771,-5877,-2733,-1487,-89,479,981,1305,2300,3198
2301,8691,8691,8691,8307,3176,1583,-3928,-8771,-8771,-8771,-6383,-2314,-1180,-386,59,512,760,1189,735,269,-7,227,593,447,155,90,211,-67,65,44,127,5,24,-78,-19,-49,-9,-23,-2
139,115,-70,-100,-36,-25,-287,-442,-255,38,141,225,-57,161,-166,-467,-650,-299,-198,-222,-540,-833,-1707,-977,-1114,-192,5689,8691,8691,8691,3480,2213,-107,-7356,-8771,-8771,-8771,-5770,-2049,-507
4467,8691,8691,8691,4430,4203,38,-4994,-8771,-8771,-8771,-4748,-1527,-574,29,598,713,1401,470,318,112,110,60,-146,34,324,481,658,687,507,581,403,303,82,21,161,-44,111,39,10
6362,8691,8691,8691,2087,373,-7368,-8771,-8771,-8771,-4958,-1834,-982,-648,76,551,969,745,307,-133,81,121,419,78,358,71,147,-225,220,160,197,333,1357,755,380,215,-130,-276,-295,-254
-176,-130,-80,-40,-13,-63,-45,-150,-119,-200,-300,-394,-354,-476,-385,-208,-446,-894,-970,-719,84,5509,8691,8691,8691,3921,2495,164,-7829,-8771,-8771,-8771,-3408,-1510,-653,33,591,1820,1961,1602
140,15,-132,293,197,197,-161,-352,-269,-271,-588,-993,-531,-398,1000,8691,8691,8691,6323,4215,1720,-1794,-8771,-8771,-8771,-5375,-1997,-544,-153,229,831,796,536,467,136,-151,-190,-338,-243,26
-130,-125,-105,-62,-50,-33,-20,0,-52,-141,-295,-341,-78,-1609,-3254,-4833,-4081,-6044,-5335,-3421,-3186,-2247,-3402,-3168,-1434,-297,-122,-232,-645,-558,-895,111,1824,1451,-962,1588,1483,898,3085,1763
-15,11,75,59,34,-3,-62,-66,-95,-202,-210,-389,-410,-605,-674,-479,-348,-291,-231,-167,-131,-125,-95,14,170,-1053,-3474,-2552,-3310,-5129,-5139,-4106,-3013,-3548,-3665,-4533,-5707,-1999,-50,188
277,-143,-21,-297,-724,-207,1675,244,280,811,847,3559,3838,615,-513,63,783,695,-341,-553,-689,-850,-328,382,107,-73,-67,-93,-118,-324,-467,-734,-919,-1025,-1900,-4159,-5011,-4142,-6391,-3615
-4429,-4564,-6049,-4284,-1321,-790,98,-204,-71,-294,-155,-162,606,1956,1113,378,2469,4723,3559,2017,1094,645,471,336,-151,-582,-194,-101,-558,-921,-749,-586,-548,-688,-1263,-1754,-4031,-5281,-3043,-4412
-4341,-4381,-2429,-4496,-3678,-5360,-1624,194,219,-557,-69,7,11,-157,-643,-1163,-782,563,-271,573,2984,492,-743,1855,2375,843,323,290,298,141,41,-65,-193,-96,70,87,-61,-75,-186,-243
-450,-1033,-2230,-2051,-2263,-2661,-2941,-3731,-5017,-4284,-3302,-3411,-2316,-4339,-3203,-214,81,-236,-389,-11,-17,-913,-682,355,-658,-4,-1584,41,2916,2562,1843,1246,59,-217,610,956,496,143,-43,-241
-500,-547,-493,-1284,-4009,-4238,-4277,-4563,-4659,-2367,-1715,-5342,-3528,-5813,-2839,344,748,-473,-346,-147,257,108,-753,-479,262,88,11,172,2220,828,1067,1219,245,-893,-430,661,871,350,-18,-213
-250,-68,95,103,56,48,40,10,16,-25,-30,-52,-110,-239,-452,-105,-642,-1960,-2064,-2239,-4037,-4258,-4672,-4195,-2180,-3948,-5672,-4116,-4975,-587,78,-548,-299,-68,291,723,903,1170,1332,-490
-1197,532,540,1192,1537,1448,1552,406,-489,323,890,263,-373,-379,-269,-220,-241,-159,352,1407,-2258,-3204,-2861,-3445,-4847,-5195,-3877,-4012,-4251,-2218,-5055,-1108,348,180,-302,-51,-451,-1013,-727,-150
1068,497,398,1229,1596,2907,2134,633,-385,-272,584,525,30,-236,-256,-306,-339,-283,-239,-131,-43,-611,-883,-2130,-3271,-4046,-4989,-5076,-3991,-3692,-5376,-5706,-5083,-4523,-1232,-175,-113,-178,261,120
138,552,435,-69,177,938,666,-515,-74,994,2642,2415,1091,982,1037,527,156,17,99,60,47,11,28,18,-78,6,-1206,-2857,-2439,-4080,-4700,-4358,-4344,-3962,-4463,-5767,-6934,-3072,-205,100
544,419,-98,-813,-1199,-1193,-586,-1392,-4214,-3157,-3314,-3893,-3394,-4823,-1815,-222,-584,-269,-36,234,378,965,1211,1296,203,696,1478,2945,2105,9,635,1443,870,183,16,72,67,40,82,23
-105,-126,-37,-306,-568,-449,-480,-648,-748,-1161,-2312,-2342,-2351,-3108,-2994,-2496,-3603,-3162,-4981,-1647,-66,-235,-332,-86,141,207,408,361,609,388,920,1830,338,1525,2495,656,-431,-345,215,451
110,-129,-134,-87,-30,81,109,91,-9,183,598,-638,-1864,-1892,-2847,-5396,-5457,-4417,-3715,-3606,-4178,-2966,-3192,-1460,-469,-358,-79,282,319,82,-939,-1064,370,559,-1790,65,572,990,1841,1745
6,-296,646,785,335,-214,-179,-74,-28,-36,-246,-171,-88,-122,-553,-2693,-2456,-2876,-5328,-5413,-4649,-5408,-4910,-3112,-4468,-2186,-122,-138,-225,-137,121,394,209,-376,-288,707,1343,1620,1155,902
1172,968,1121,876,-92,-316,-31,212,193,67,-31,-189,-427,-852,-2479,-3433,-2390,-3879,-4413,-4011,-4217,-4067,-4739,-5209,-4984,-4925,-1358,-152,-153,-230,186,115,366,53,-1441,-1973,296,65,-269,1835
736,1605,3486,2443,-220,-608,145,925,460,15,-223,-430,-524,-462,-648,-2633,-2978,-2898,-3317,-4674,-3280,-2967,-3607,-3434,-4577,-3456,-5586,-2072,172,-397,-389,44,196,639,1363,897,-244,-168,151,957
2318,1001,384,2112,3896,1340,-1796,-395,-873,-223,-179,-868,-1451,-2356,-3821,-6163,-6074,-3660,30,761,-142,-2090,-3102,-3760,-4363,-2727,-179,-181,-429,-222,-36,-348,-257,-313,-386,209,849,-522,83,9
-192,1982,2775,-259,-3371,-1194,1106,1657,-807,288,790,542,-395,-1304,-1352,-2580,-4944,-4253,-4761,-4274,-3100,-3264,-3564,-4173,-3472,-3006,-1382,-899,-740,-344,76,23,135,407,964,1447,926,1204,-129,1209
-2041,-1161,-1189,1521,2166,1033,1879,-766,-1286,278,694,-117,-1119,-1522,-2388,-4189,-4759,-3271,-2121,-2715,-3610,-2665,-2019,-1455,-1858,-6034,-3288,-844,-724,-613,-5,38,-243,-122,47,-49,-107,358,226,22
-168,-95,-57,11,8,-24,-9,23,33,55,18,-266,131,99,-120,595,510,567,970,943,3082,3405,1353,455,1976,-1036,354,-692,-729,320,344,-655,-1449,-2407,-1821,537,1127,2098,1715,-776
1004,1412,778,-138,-1469,-1370,169,294,147,976,1425,802,-85,-399,-384,441,99,119,-373,4128,350,-179,-1216,149,229,-605,-2656,-5397,-5439,-2288,-525,-169,890,1481,1905,569,1127,1165,1357,-579
-635,-742,-718,-56,250,279,323,-64,-343,-329,-232,-103,227,561,586,145,31,1184,952,1195,3724,4769,1880,-295,-923,539,-73,30,-77,-546,-1649,-3160,-4332,-3589,-1849,320,-272,618,1543,1243
1132,1426,1228,-128,-774,-314,-122,-378,-85,-98,-404,-282,60,-33,-690,495,2016,2470,1056,838,484,-381,2450,4284,3637,-1280,1080,-1143,-1169,-435,61,240,379,-624,-2553,-3049,-3358,-2147,-766,201
2404,2231,1336,-85,1856,1878,675,2012,-6259,-203,145,-566,118,302,-533,-2724,-3987,-3720,-289,121,131,-237,293,714,541,656,857,854,530,265,389,309,68,-56,-756,-786,263,587,755,268
1899,2291,495,539,2604,-7973,2390,433,-1406,183,675,79,-2591,-4404,-3581,-1200,-273,309,1201,951,1633,1987,1566,962,648,288,-52,-192,-353,-731,-1817,-1810,132,1285,841,480,843,241,512,626
292,-85,-1225,-694,366,529,-807,-2395,-3518,-3507,-2508,609,570,1156,1370,1099,743,447,476,425,376,244,-96,-313,-715,-1576,-1305,-10,112,219,431,288,930,1367,1401,1791,625,556,1824,3656
350,-1077,-1213,215,484,443,176,-668,-2410,-3169,-2724,-3034,-1109,-666,60,726,1248,1355,1243,820,452,506,516,208,-78,-61,-163,-844,-1115,-89,1211,848,407,543,1123,1926,3441,3158,1037,-623
-100,-125,288,1367,3048,4336,2692,-505,768,531,-131,-1209,-1086,262,812,618,509,-549,-2615,-3648,-3633,-2702,-2326,-1849,-1796,194,848,1316,1637,1122,494,274,174,101,-86,-79,-296,-968,-1245,584
16,40,135,222,408,756,617,119,-73,-46,-82,-187,-52,-216,-525,-1060,215,1082,1501,1749,1371,1914,4997,6212,2915,832,207,-6538,346,-633,-745,673,391,125,-97,-32,153,349,58,-641
-3209,-3633,-1783,-2030,-560,242,323,570,1043,804,670,576,403,204,31,-46,-118,-143,-84,-46,-33,-12,-17,-555,-1457,972,1247,1179,596,443,404,315,1793,2321,2252,2435,2301,2553,-1548,-1087
2301,3308,1553,2300,633,753,1807,219,-1258,-1070,-194,464,272,-483,-2340,-2996,-2768,-1998,-1746,-1548,-100,476,871,1300,1065,220,-119,65,-314,-795,-751,-515,-918,-82,1009,1151,983,686,763,664
336,236,181,705,2401,2262,3352,2823,3108,-709,-355,-754,171,833,224,-730,-2380,-3031,-1742,-1058,-234,631,23,1281,1424,1004,610,823,637,706,385,-1432,-2101,-362,854,699,716,849,984,2550
2202,2025,3289,-5129,48,-1760,-369,1008,995,1219,558,-1172,-1428,-1661,-377,-518,-776,-1398,270,1033,682,614,698,617,477,526,266,193,247,501,-21,-450,-201,489,774,1123,799,2545,1931,2377
34,-303,-493,-460,-336,-281,-39,287,406,296,210,-18,-250,-182,-111,-57,-106,-100,-106,-102,-33,-203,-985,1320,1590,808,553,406,138,1498,2991,1764,2628,3547,-8362,-1364,-399,624,-285,648
638,647,888,-1138,-2425,-1542,-2183,-1527,-1132,181,812,1253,1268,1056,630,358,89,-208,-322,-325,-316,-475,-902,-597,-384,144,601,299,51,852,1124,1178,1779,1334,538,2854,4016,495,2912,203
2876,786,360,909,-7435,1468,857,-235,649,1253,430,-342,-2291,-3006,-2090,-1696,-1537,-449,-266,288,664,553,505,747,525,182,128,283,365,22,-32,85,191,248,-97,-1175,-2220,-1690,54,1575
1875,935,321,-310,-479,-416,-620,-143,213,4029,5073,2381,94,-69,970,1357,-2457,767,91,-612,261,191,-172,-1383,-1145,-745,-859,-2085,-1793,-1045,-404,342,458,574,728,839,823,562,142,-371
-712,-641,-374,-62,-159,-305,-107,175,-874,-463,464,331,1179,2248,2317,1818,1249,741,1511,1760,1051,-2079,2826,-702,-867,-78,-32,33,32,-721,-2799,-4376,-4167,-2565,-1759,-570,23,400,853,934
1109,708,45,-53,122,106,-76,201,781,844,701,731,623,213,-55,143,602,1687,2014,2080,1273,77,-127,2416,3222,-3645,1524,-661,-1132,793,462,297,123,206,-868,-3292,-3921,-3433,-3305,-1812
796,-375,-1066,-1173,-1161,-1297,-144,4835,4325,3134,3063,1638,1366,188,82,-1599,1269,3923,4090,3821,3066,2316,982,-4401,-3548,-2135,-921,-28,1125,2720,2692,1660,1467,570,1292,2286,1401,313,341,486
584,642,513,345,395,538,395,253,21,-433,-563,-145,93,406,269,110,361,683,666,1110,1462,647,1831,5593,6162,4757,3685,2348,1698,1146,1087,2669,3958,3315,2882,2647,728,-2144,-3479,-859
309,849,2261,6396,863,214,287,-37,333,1243,1484,226,227,357,326,366,497,639,983,1373,952,-95,-546,-314,-31,107,100,88,62,339,1610,4635,8691,6917,2843,4388,3233,2001,1282,889
504,1570,1878,1447,2428,1925,2374,301,-1815,-3730,-598,133,338,2289,5803,4010,470,110,928,1622,1435,1245,1795,1397,1122,551,5,-232,-579,-914,-925,-738,-481,27,401,337,723,1790,2470,4630
5650,4161,4136,3180,2066,1269,-67,544,2913,3526,2571,1491,1658,-1921,-4338,673,818,492,3193,7022,3069,-742,2,1158,1467,1314,1799,1856,1637,1053,126,-589,-800,-702,-905,-1020,-960,-354,1131,2546
4405,4318,3815,3275,2587,843,-306,-29,650,1551,2398,1980,1898,-1633,-2626,-5173,1648,187,1710,3697,5645,4918,-628,-600,299,1009,679,628,1357,-161,-303,-348,-222,-123,-199,-308,-283,257,573,-145
521,1498,2291,4656,6286,6576,6342,3971,2725,1459,3297,5009,3825,683,-1470,-380,-4406,-967,-723,845,3706,8691,-595,56,-761,65,55,-7,679,1100,863,272,111,235,292,395,580,418,299,403
1135,3386,7708,8691,7608,5679,4602,2895,755,2238,2798,4611,1053,-2684,-3903,-1836,2646,-690,1345,2927,2804,7422,4691,-1077,-376,1223,2079,917,1039,1980,1214,22,72,578,1926,3680,4487,5983,7293,5219
3523,2703,3142,3466,5126,6960,3552,3182,-5731,-6494,-3949,-1232,1627,6691,6927,2721,1387,1268,1205,866,640,456,645,329,172,330,200,-25,79,745,1272,980,24,669,2590,4219,3714,2434,1933,935
-1076,-506,2243,3083,661,-1540,-2318,-2581,931,439,-260,8691,945,-2444,794,1261,757,556,894,1792,3178,1535,136,-1193,-1360,-485,563,1108,845,-611,786,1961,2803,2293,1237,669,1454,-180,340,1928
1487,1667,1358,410,-127,-2893,-2800,-3234,-1389,1166,2704,2406,4234,2109,483,-295,-675,-498,-90,265,687,804,1155,1181,1169,1386,1445,1538,1406,1032,605,2596,5743,4711,5503,2926,342,640,1431,595
1737,2271,1434,1105,-1257,-1165,-4118,-2751,-2367,-1760,612,3580,2368,45,1193,1891,1118,950,1225,869,337,172,741,1796,2079,2109,2228,3129,4409,3528,3586,2947,2288,804,788,1628,-165,-106,1683,2560
2357,1512,641,-3475,-2829,-4426,1174,-741,956,1691,1119,1521,1271,1353,1775,790,82,-536,-517,-19,-6,-14,-25,-228,-529,-856,-414,236,1508,3702,6518,5267,3788,4796,6873,8296,4429,1652,-847,61
418,464,1151,2623,2752,2182,-1648,-6165,-4463,-1202,-1703,-822,1590,2998,5582,961,-372,-135,199,662,-29,-344,395,379,210,577,938,985,957,954,1279,2174,3038,3870,4187,4454,3714,3439,3125,5097
2826,2397,2087,1597,1922,1371,160,-2226,-2265,-5999,-1393,-1296,1170,694,2517,3496,2558,1195,123,-3,915,572,300,-130,124,917,1262,1090,1232,3054,3746,4064,3739,2788,2117,628,1007,1958,1499,1257
1364,1366,2201,258,-1814,-3109,-4130,-2340,-2751,725,2649,4373,605,-932,-451,-650,-455,94,1786,3897,3979,3749,3714,3166,1706,1383,1840,1285,1790,1379,-315,-1243,-674,-314,1081,1892,2725,1581,-1319,-3383
-4206,-4204,-960,-567,681,1044,1895,1835,569,312,106,204,1223,2036,1625,1106,2411,2130,2001,1808,3006,3847,3568,2501,1722,887,1357,819,545,499,615,840,1622,-232,-849,-3352,-4625,-504,-407,791
1565,863,1347,1982,-87,-380,786,345,1164,2141,926,138,57,445,1368,2745,3599,4880,3847,3766,3863,4272,2104,1009,-9,-1623,-1444,-556,1981,2427,1989,10,-2697,-4480,-557,-2321,-2162,-1281,-162,2531
4398,5311,573,-1042,-1070,-505,-195,536,1779,2911,4516,5389,3896,4629,4429,3989,2882,2557,1848,1020,1665,2791,3348,2178,198,-3004,-3996,-2263,-2546,-153,-586,-188,160,752,370,859,1711,1344,402,1476
4005,893,-573,-552,498,1336,1703,3208,3208,2584,2829,2438,5528,5667,5311,3224,1550,270,-126,43,2754,3907,2663,1553,-2179,-8009,-3277,-1960,-1100,-664,783,2093,2000,3447,3699,764,789,677,791,1003
460,128,66,159,84,-198,-248,-153,-86,-108,-90,39,-115,-203,-285,-293,-303,-1129,-4758,-8771,-5258,8691,8691,8691,376,-4299,-2953,-8174,-8771,-8771,-8771,1418,1928,1000,761,563,576,440,321,1135
490,443,521,133,61,31,13,-1,-113,-119,-137,-87,-138,-244,-310,-428,-782,-1749,-2054,-2158,-2073,-1483,88,8691,8691,8691,-573,-2447,-8771,-8771,-8771,-4884,967,1267,2115,933,648,-279,179,628
-81,60,260,343,190,312,285,22,226,575,-5,-369,-859,-1198,-1056,-1176,-1502,-1271,2669,8691,8691,8691,-926,-957,-4749,-8771,-8771,-8771,-5690,1693,1158,2951,1385,990,1456,1547,1009,-100,-242,168
-46,-180,-154,-269,-59,-233,-492,-869,-1149,-1475,-1473,-971,-562,-621,-663,-1115,-478,8691,8691,3897,851,-3209,-8771,-8771,-8771,-941,1194,903,1050,539,1113,1352,1765,1239,-226,-138,-233,-43,-7,52
57,-245,-299,-69,-195,-216,-204,-260,-252,681,1928,1181,-542,-385,2380,8691,8691,59,-3953,-8136,-8771,-8771,-8771,-2186,581,744,544,1496,2308,2359,471,-106,227,122,169,538,230,74,278,-265
-263,-48,-32,-136,-175,-146,-91,-259,-540,-1105,-1233,-1277,-1070,-1215,-984,7475,8691,8691,-12,-4962,-8771,-8771,-8771,-769,270,1508,-154,677,621,1023,1076,776,763,254,-32,865,1115,482,234,200
249,137,92,138,107,-100,-42,-109,-216,-655,-2265,-5321,-3640,8691,8691,8691,-8771,-8771,-8771,-8771,-679,-1,1352,33,768,1135,358,687,615,1469,2182,1313,1634,715,377,559,349,220,504,169
-86,-130,-128,42,-107,-55,-86,-85,-87,-155,-58,-43,-156,-814,-5312,-8043,3805,8691,8691,8691,-1926,-8771,-8771,-8771,-3905,3829,561,1477,-547,-600,1047,0,522,661,814,586,88,479,138,555
595,185,362,0,135,212,-3,9,-39,-248,-1037,-1825,-1435,1992,8691,8691,8691,-8520,-8771,-8771,-8771,-5929,-86,-1110,1025,910,178,553,645,944,658,496,431,306,345,270,418,357,234,105
-134,118,40,-38,32,-96,-41,-11,13,259,1561,6700,8691,8691,8691,-8771,-8771,-8771,-8771,2430,-1047,1272,-825,-14,206,216,82,268,305,340,138,128,132,-30,-20,-53,-41,-54,-14,-29
-9,-3,-79,-146,-202,-385,-301,-18,772,2005,4889,8691,8691,8691,-6100,-8771,-8771,-8771,1401,-1924,1376,-192,-66,628,264,386,135,-1,-157,-75,4,194,81,-164,-7,-20,94,72,-32,130
15,66,-77,-118,-77,-91,-44,-15,-66,-44,-40,-46,-136,-215,-318,-395,-458,-369,290,1681,8691,8691,8691,-4002,-8771,-8771,-8771,-1550,-1316,1458,-298,600,440,336,113,147,246,144,72,196
302,257,113,288,567,1134,464,-17,-151,-52,-28,22,-156,-502,-1168,-4018,850,8691,8691,8691,-4975,-8771,-8771,-8771,-2259,-331,844,130,626,685,444,114,212,108,425,381,74,325,408,433
-61,-93,-67,-82,-174,-136,-207,-147,-164,-293,-676,-1009,-761,8691,8691,8691,550,-8771,-8771,-8771,-2562,-1663,1321,490,620,1332,772,456,687,550,452,371,433,525,83,337,301,139,27,64
8,40,-44,35,-59,-214,-1106,-2336,5455,8691,8691,8432,-8771,-8771,-8771,-6257,139,104,1608,-990,734,752,455,102,323,285,24,177,-50,52,24,-1,-20,-49,14,-60,8,-62,-39,-21
29,53,34,105,-53,-70,-114,-121,1335,8691,8691,8691,-6686,-8771,-8771,-8771,479,1771,-124,-78,674,320,157,438,493,232,122,203,-11,89,92,11,150,112,54,34,-2,-72,-150,-277
-348,-653,-569,-384,-1,1390,5241,8691,8691,8691,-8771,-8771,-8771,-8771,-2244,688,155,131,855,430,418,361,518,181,222,78,-64,-106,-42,-48,25,-100,-108,-37,-74,-13,-12,8,5,51
-54,14,120,147,160,5,-75,-208,-261,-457,-475,-204,7490,8691,8691,-4833,-8771,-8771,-8771,-1933,-302,790,617,731,576,289,56,-100,-76,-109,-41,-32,-94,-20,-108,24,16,40,45,5
-111,-108,-112,-155,-117,-61,-75,-36,-117,123,377,8691,8691,8691,-8343,-8771,-8771,-8771,-2240,680,351,776,1084,487,301,-89,129,85,27,123,217,173,247,91,171,78,87,24,-24,-34
-95,-98,-14,-46,-41,-96,-73,-106,-67,469,2852,8691,8691,8121,-8771,-8771,-8771,-7270,-451,-360,692,408,699,236,-18,-4,76,-97,47,-5,48,126,-67,-80,-105,-52,-233,-182,-86,-73
-265,-241,-91,-51,-157,-310,-360,-447,-162,-104,-59,51,60,104,407,505,949,553,-49,-89,-186,-337,-368,-481,-438,-178,-166,58,-317,-759,-953,-1592,-2892,-3029,-2093,605,1550,223,-1665,-1199
-1587,-2675,-3405,-2753,-404,-2951,-5800,-7631,-4203,5392,1265,-434,1838,2048,346,-167,-504,266,-296,-1405,-2042,-2245,-1815,-3739,913,2244,354,1249,-650,1035,-2271,-3825,-1747,-3311,-3084,-4235,-4881,-7359,-4305,2165
1195,1361,1347,1174,1238,1187,526,79,-113,-367,-405,-306,-147,-46,-81,-297,-1230,-3036,-4000,-3578,-2335,-558,1643,2581,2260,458,-7232,-2210,-214,-4078,-4100,-6000,-5399,-5924,-5615,1189,3038,4455,2972,796
33,457,482,23,-238,-580,-659,-546,-290,-151,-324,-467,-1206,-3322,-5667,-2303,77,1196,1715,57,-148,-4765,-2436,-1135,-3224,-1607,-625,-2105,-4508,-7314,-8771,-374,4983,4207,1836,-320,-790,204,628,83
-327,-226,-210,-307,-410,-524,-1141,-1603,-3051,-4521,-4477,-1396,714,3213,1878,-460,-1887,-4322,-1450,-2206,-1631,-1370,-2768,-4149,-7122,-8232,-864,4131,3173,1746,746,27,-9,439,452,160,-394,-599,-364,-137
-143,-596,-1763,1357,-5118,-3708,-1162,453,2525,1977,-83,-769,-4109,-2098,-1374,-2436,-2914,-3846,-5056,-6834,-7961,-3075,2244,2397,3323,1057,-746,-345,463,178,-125,-245,-261,-274,-241,-406,-526,-1106,-2514,-5635
-189,173,2291,2200,52,-1490,-4999,-1598,-2228,-2248,-602,-1130,-4986,-8771,-7251,546,3645,2690,3474,1293,-355,-229,262,233,-8,-324,-517,-505,-38,237,496,-195,-929,-1246,-1825,-2327,-4715,-5795,-3137,-243
1432,2301,1984,-554,-2417,-3673,-1065,-3297,-3174,-2379,-2325,-3750,-6332,-8176,-5111,1094,4126,5383,1808,-155,-30,519,325,-223,-791,-499,-295,-263,-93,72,-130,-516,-713,-1050,-1836,-2806,-3454,-3963,-2403,885
2743,1687,-1988,-543,-4035,-1872,-1691,-663,-662,-1956,-3311,-5204,-8157,-7816,-349,4404,5089,1133,-1147,-1075,-4,384,34,-520,-708,-543,-464,-401,-307,-281,-367,-533,-1102,-2352,-4219,-4666,-1378,708,3084,2167
-1330,-2063,-5230,-1405,-2072,-1086,-794,-1627,-2157,-4931,-8332,-7091,-1688,2341,4797,2612,-475,-1199,-606,-106,68,-352,-802,-756,-602,-550,-292,-168,-235,-377,-866,-2264,-2663,-2599,-2987,-2047,1273,2401,50,-1547
-1711,-3424,-2353,-4352,-2381,-1805,-2393,-4147,-6970,-3924,2272,6120,4259,1097,-1069,-1181,-530,0,-747,-1382,-1199,-822,-312,39,112,21,-141,-568,-969,-1487,-2748,-4559,-4534,-1493,1459,3944,1431,-2138,-3899,-3917
-936,-1555,-1120,-2465,-3973,-5560,-7666,-6144,1568,5702,5208,1585,-1489,-1622,-670,118,-210,-713,-562,-133,109,-101,-198,-118,-519,-1453,-1817,-2170,-3303,-4009,-2540,2097,3041,-43,-2525,-6466,-766,-1735,-4271,-2630
-1518,-3013,-6151,-8771,-6824,559,5255,4398,1744,-203,-467,-376,-37,-94,-391,-551,-487,-324,-281,-162,-248,-406,-765,-2186,-4182,-4190,-1665,30,2069,976,-1093,-2950,-3964,-2164,-2976,-1923,-1378,-1957,-3379,-7437
-8771,-3703,1764,4062,3304,1108,-437,-831,-360,183,452,-386,-1086,-855,-452,-206,-261,-333,-239,-332,-648,-1485,-4605,-3706,-1412,2520,1090,-1832,-2611,-4813,-3197,-2075,-2261,-629,-1224,-2234,-5496,-8771,-7514,122
5969,4590,1003,-381,-345,-389,-248,-320,-249,32,-118,-69,35,-354,-775,-960,-1417,-3117,-5812,-3202,-548,1475,2272,-269,-3208,-3322,-3183,-2266,-1351,97,-40,-2069,-5443,-8771,-8217,-177,4003,6453,2980,-1127
-1644,-597,165,304,-268,-681,-964,-683,-35,190,-396,-600,-741,-993,-1555,-2813,-4980,-2944,-763,2210,1885,-479,-1481,-6300,-1610,-1799,-2623,486,1433,-3635,-8771,-8741,-475,3647,5054,4048,-62,-2016,-1059,-49
-16,-595,-751,-217,-34,-185,-335,-318,-365,-398,-718,-756,-931,-1538,-4138,-4179,-1267,1797,2365,-25,-2035,-3586,-3606,-1785,-2094,-508,-358,-1369,-3597,-7892,-8771,-4314,3245,5098,2484,164,-1181,-824,485,194
-50,1,221,134,-143,-54,-162,-160,-301,-716,-2254,-5089,-2928,-3371,-1486,1032,1565,0,-2555,-4018,-2757,-3730,-2564,-2384,-4308,-7256,-5269,-746,4316,5271,3214,-55,-1704,-745,320,-40,-485,-423,-246,-188
-77,-60,-150,-519,-1583,-3210,-4279,-4486,-3552,-1579,1534,2091,617,-2041,-3361,-3042,-1141,-3291,-2709,-710,-253,-2359,-7282,-8771,-5346,1411,4417,3137,910,-456,-263,31,-55,-384,-511,-406,-190,-70,42,-64
-194,-184,-273,-307,-941,-3441,-5636,-1869,143,610,322,-1607,-2942,-4067,-2853,-3134,-891,809,-52,-1027,-5116,-8528,-5048,427,3868,4204,1538,-1059,-995,267,628,253,-92,-502,-561,-212,-105,-217,-92,-129
11,-8,-57,-60,-44,-58,-86,-123,-43,-38,34,197,196,123,293,214,309,623,726,1663,1139,45,-1182,2629,788,-1300,-2685,-3501,324,-1682,-3063,482,1249,886,1425,1545,398,-1110,-774,306
383,60,-1,-34,107,96,-80,58,55,323,-55,471,2089,3158,1035,1599,1249,-493,-2347,-6400,-7175,-142,881,154,1448,1657,1200,595,-221,-1000,-995,386,686,474,333,531,581,423,52,3
109,178,233,140,144,75,-281,-206,-197,54,2885,1799,1006,534,-565,-791,-3263,-6736,-3881,458,-39,-540,1318,1896,1387,1131,837,249,-1141,-1426,-244,359,226,199,95,105,163,150,256,414
382,-117,-807,-793,2083,1210,2496,2735,-622,212,-432,2560,1428,-2844,-6170,-6742,-2191,746,150,489,892,721,1126,1847,1332,0,-78,120,56,150,349,349,359,312,243,196,149,-62,-262,729
-404,782,1380,-50,1292,693,1715,-485,-2765,-4008,-6090,-4408,476,-610,-1164,1413,2521,2231,1654,997,373,-488,-312,71,-283,53,183,42,101,86,32,106,72,-374,-374,767,300,906,3003,1916
251,145,209,135,11,204,228,-4,-37,14,81,75,97,104,23,-262,-1360,-2663,-557,1699,2794,3907,-439,-1430,-2104,-5970,-6662,-938,1085,-1914,-450,1834,1877,1393,619,14,-127,-438,-426,126
-90,-187,102,195,180,118,60,195,359,519,614,593,241,-169,-518,298,-471,882,2171,1157,1400,-381,1707,-1819,-6666,-6949,-244,-139,-1903,881,2439,1838,1492,791,111,-216,-993,-373,341,-17
177,111,-3,-54,-29,95,51,-15,-87,-122,-30,108,132,4,-114,-133,-130,-166,-218,-363,62,-40,-316,-538,-553,-603,-555,167,743,766,889,879,56,-556,-686,-527,-1171,183,1041,-445
1585,-1171,2224,495,-3059,-4688,-3500,1497,-1589,-1853,557,1628,1363,989,612,-95,-307,-200,297,614,368,228,116,-115,-799,-261,-38,-1652,1939,2141,1034,-1551,2487,2577,-3172,-6310,-7632,-3614,2934,1669
-401,15,1111,1130,1498,901,170,-52,-252,-69,21,173,256,147,30,71,161,196,-670,1216,1547,2278,1714,792,413,-2584,-5936,-7881,-5005,1526,1569,-674,436,1823,2005,1786,1201,182,-423,-368
-116,-90,-53,50,-15,61,53,17,14,131,209,155,-549,96,888,-86,3625,1383,-562,1129,638,-2386,-7373,-5910,-138,345,-615,386,1296,1615,1608,912,438,-180,-394,-127,-59,-47,-19,37
56,-22,-53,-23,-33,9,-92,1357,-34,2,65,256,974,-161,-1172,625,1431,1406,1379,1114,1011,-1679,-4480,-6608,-3678,912,-1112,-1836,294,1693,2200,2036,1018,-109,-329,-534,-230,140,78,-59
-5,71,60,-55,-110,-48,92,428,780,584,-356,481,2736,2301,1645,-3005,418,1588,-20,-2305,-4889,-5215,-453,1352,-1738,-234,1161,1566,1594,1068,205,-317,-419,-200,-124,-76,-13,-16,44,100
154,93,66,136,100,104,143,-1030,251,1391,1835,2952,1666,1455,449,-455,-3852,-6006,-5987,-1921,410,-231,1047,1671,1424,984,704,-336,-842,-82,484,313,-39,-26,-6,7,43,28,5,-9
32,82,115,62,82,114,74,210,332,-55,-2186,1399,2455,2566,3110,578,1428,412,-1669,-3552,-5579,-4911,-152,1670,-531,-191,1143,1979,1467,385,-203,-200,-90,-205,-230,-113,-133,-61,72,75
63,46,19,29,0,-24,-29,-2,246,729,-638,479,1693,2131,923,1918,320,26,-1622,-4293,-6436,-4195,2156,-982,-2404,576,1833,2010,1515,607,-259,-631,343,651,-134,-178,93,-16,59,23
15,6,67,47,-39,-1,255,537,395,-986,-1102,1079,3497,3969,1725,2235,292,567,-2578,-6273,-8067,-4640,2353,932,1290,1764,1422,887,350,-569,-1050,-121,530,474,124,-56,12,-46,-34,-46
-45,25,30,41,88,134,-17,44,-60,-386,-1854,132,1971,2828,4046,1687,535,1061,-1489,-4806,-6428,-5759,1260,1375,-2830,236,1956,2044,1439,392,-340,-409,-349,-91,-2,-78,-115,-130,-132,-5
48,2,-48,-62,-50,47,98,139,251,246,-679,-828,2009,2279,3594,2018,1024,940,326,-3691,-5471,-6033,-1714,44,-1561,972,2272,2040,766,-463,-507,-123,-54,-199,-168,37,32,72,86,50
15,14,6,1,27,31,78,9,50,72,1006,-1648,1894,3348,2200,1670,585,532,-1211,-3150,-4685,-4133,-529,-1473,-1622,1078,1911,1527,713,-83,-421,-265,204,126,-35,63,92,-82,-182,-113
-29,-73,-38,-85,-65,-46,-18,104,133,118,147,96,-13,-30,7,220,374,-460,-563,-1947,-3225,-6705,-6787,-5414,-3472,-1275,-1086,-1541,762,-765,-542,559,-186,-7741,-5518,4443,7491,6439,4241,4125
4244,1665,-90,-1377,-1941,-1440,-531,-348,-692,-146,1073,1304,827,278,-290,-93,-115,-1102,-1819,-962,-3968,-6831,-3890,-2892,-748,269,-919,280,-1122,-985,-997,-2661,-5059,-1346,3032,3295,3035,3314,8299,8181
3626,-1808,-1854,-389,-57,-282,-362,-20,182,240,268,84,-852,-308,-3021,-8329,-8771,-7512,-6248,-4277,-1420,-591,-604,710,-1090,-2465,-1425,-433,-3796,-242,3596,2409,3802,4057,5687,4921,2507,370,-30,-899
-640,110,585,746,649,271,26,-42,76,204,-112,-1582,-1715,-3363,-3889,-6938,-6670,-4084,-2862,-736,-22,-297,506,-1826,-3243,-2932,-1250,-3351,-2971,4387,4992,2927,2152,3042,5269,3511,1798,726,-77,-22
-80,172,474,678,581,353,65,393,414,450,34,-1039,234,-2497,-6673,-8771,-7998,-5399,-2874,-253,-6,568,1154,-1624,-3110,-2845,-2460,-3762,-1734,4250,3736,2479,2278,3160,6980,3438,1315,915,704,148
6,252,373,413,261,104,112,256,910,382,-853,-3729,-3452,-2739,-4567,-7300,-7701,-6225,-4463,-1316,-377,92,1119,406,1137,-814,-3721,-6828,-803,5375,4337,371,1606,3326,5580,3954,1808,583,341,-238
-444,-171,228,364,381,232,34,-41,-231,-560,-556,-1788,-5060,-7684,-8561,-7386,-5587,-3086,-800,-118,-451,500,-1701,-2963,-3100,-3285,-5461,-649,5779,5167,405,1672,2645,4380,4241,1952,913,568,-82,167
663,794,299,-92,-166,-211,-150,-97,-475,-2554,-2566,-2821,-5247,-7035,-7340,-7037,-5478,-2949,-352,-512,-841,1136,-2607,-4069,-1090,2127,-3639,-4042,1869,2495,3060,2933,5634,5847,3174,938,-360,-1428,-1291,-120
940,1116,557,-212,-194,483,855,628,-114,-1877,-2097,-2588,-2780,-5278,-6937,-6196,-4867,-2033,-304,-598,354,-302,-3171,-3565,-914,-4376,-6463,3863,7482,1743,1619,8691,6615,3188,-518,-1650,-714,417,769,-749
-1294,-1028,-420,779,1328,875,-226,-737,-668,-1101,-2747,-3744,-2681,-4734,-6949,-7919,-5361,-3559,-872,-117,-504,375,-264,-2953,-3679,-1095,-2667,-5019,2229,3489,1385,2801,6640,4683,3151,1910,912,-949,-975,-623
230,731,573,149,-215,-310,-182,-136,-271,-1607,-2725,-3409,-5154,-7020,-8490,-8239,-6627,-3884,-259,1211,149,1332,-484,-104,-492,-2492,-7500,-4021,4436,4511,2732,6310,5870,3061,795,185,648,3,-250,-209
45,346,399,250,219,171,351,18,-87,-643,-1938,-1980,-2926,-4899,-6948,-8474,-7826,-5520,-1765,244,-278,406,399,-1342,-1137,-1272,-2154,-5356,-484,3732,4914,3733,8514,5108,2419,703,312,-466,-1006,-635
-193,336,490,343,187,-32,-191,-248,-536,-1125,-2798,-3243,-4091,-5809,-8728,-8616,-6690,-3991,-261,196,-252,581,-1469,-2024,-1649,-2845,-8162,-2119,4033,4255,3983,8494,7858,4786,410,-1897,-1063,606,1397,1080
107,-620,-627,-131,338,165,-401,-473,-538,-2227,-2593,-2790,-4997,-6582,-7735,-6889,-5779,-2112,831,-1337,997,257,-1463,-771,978,-2281,-7551,-47,3906,2860,3365,5989,5761,3315,1144,56,-656,-1100,-944,-477
107,403,483,318,205,139,-64,-706,-1745,-2819,-2475,-4160,-7307,-8257,-7749,-6881,-4140,-1142,348,203,1270,-608,-3367,-4825,-3170,-6783,-1996,5712,7237,1568,595,5444,5021,3446,1571,830,623,327,217,-106
5,414,324,-151,-302,-28,114,-20,-503,-2013,-2952,-4091,-4695,-6155,-6927,-6635,-5614,-3721,80,440,-346,1092,219,-2409,-2657,-1473,-5459,-7446,2067,5644,2718,3029,7242,6970,4169,628,-613,-395,-532,-691
-287,-22,527,256,454,153,-429,-273,-903,-3479,-4895,-3649,-3332,-5271,-6522,-6045,-4295,-2794,-605,-89,-463,1104,-1016,-2774,-2165,-1721,-8771,-3244,4785,5228,4732,2508,5183,3662,1662,344,175,194,201,-10
-308,-360,71,362,410,162,14,-211,-1006,-2886,-3423,-3448,-6021,-7741,-8355,-7350,-5786,-2115,54,-396,275,949,-466,-746,-1857,-1689,-5981,1165,5921,4563,4367,5105,2532,1502,393,78,-290,-405,-210,119
242,460,570,571,288,-183,-1066,-2882,-3566,-2713,-4991,-7551,-8010,-7604,-6834,-4766,-1945,-826,347,210,1107,1263,-532,-3748,-2388,-1506,1896,3142,7439,7040,4266,2959,1091,386,453,547,286,-228,-903,-717
198,747,694,559,101,-183,-142,-66,-873,-2386,-3173,-4795,-6860,-8473,-8768,-7111,-5414,-2531,-323,-106,496,1256,126,720,-1278,-3818,-4732,2057,4372,4784,4335,5799,3347,1719,1081,503,-685,-776,-164,305
-4837,-1332,210,1113,1437,110,262,258,1062,980,-171,92,276,641,607,447,88,398,495,-284,-886,-1206,-1239,-1137,-1476,-1995,-1698,-1495,-1423,-220,7663,8691,8691,3578,-690,547,-2001,-8771,-8771,-8771
8691,8691,8691,-8664,-8771,-8771,-4554,8691,8691,8691,-8771,-8771,-8771,4627,2001,1795,2906,3071,1041,-809,315,1734,2503,253,-322,231,689,-377,-821,-624,-522,-674,-1530,-2537,-2788,-1967,-1559,-1803,-2069,-1762
-606,6793,8691,8691,-6447,-8771,-8771,-4242,8691,8691,8691,-8771,-8771,-4469,1378,1294,3968,2891,-20,-745,330,2560,2064,1114,280,-449,484,-634,-714,-37,247,121,669,1374,1766,602,-681,188,1277,699
103,-3421,-8771,-4937,181,8691,8691,6694,-8771,-8771,-8771,6870,8691,8691,-3805,-8771,-8771,921,1386,2267,3938,5295,3470,-111,-589,283,980,843,601,140,-118,15,190,-87,-101,100,-383,-230,-161,-371
-56,-134,-87,68,-44,16,-136,-112,142,-732,-4711,-4349,-1759,-936,-1146,107,362,-3350,-2353,8691,8691,8691,-8771,-8771,-8771,4075,8691,8691,5013,-8771,-8771,-5515,2407,-1115,1264,2004,1214,377,-131,951
2034,-153,-148,295,152,356,146,-206,273,364,396,-349,-5864,-741,8691,8691,-7103,-8771,-8771,4652,8691,8691,6201,-8771,-8771,-8771,2211,-105,907,3559,3349,340,-259,1136,3201,2019,14,317,330,190
135,-43,366,101,-53,-124,-360,-79,-165,-366,-938,-1412,-1996,-3936,-1068,8691,8691,2158,-8771,-8771,-8771,8691,8691,8116,-8771,-8771,-1362,-272,274,3120,1883,2255,2940,1945,2115,1779,1253,-641,-708,-38
788,1691,1129,-154,-68,525,735,-9,-1664,-1981,-3879,-7395,8691,8691,8691,-8771,-8771,-8771,8691,8691,8691,-8771,-8771,-6510,3408,-416,2107,1843,2074,529,165,-3,893,2021,982,101,-6,-20,60,-254
532,654,540,85,255,286,1,-757,-2749,-4025,8691,8691,8691,-8771,-8771,-8771,8691,8691,8691,-8771,-8771,-8771,6079,-234,628,2216,2455,1507,-708,308,853,1690,3208,1616,-353,-371,-31,-199,188,-65
-565,-654,-215,107,-149,-185,-278,-1207,-1866,-3305,-3179,-846,7780,8691,8691,-8771,-8771,-8771,8691,8691,8691,-8771,-8771,-8771,-50,1671,1380,1850,1307,1148,1140,506,975,1947,2557,1055,-21,9,-68,528
-46,244,1415,1204,407,144,279,444,538,-1707,-8771,2647,8691,8691,-5912,-8771,-8771,-1146,8691,8691,8691,-8312,-8771,-8771,3409,2346,-1206,1595,958,459,2230,695,340,1161,1799,1411,-207,-266,79,-382
-203,-50,-126,228,-71,-81,-575,-670,-924,-487,6831,8691,8691,-8771,-8771,-8771,8691,8691,8691,397,-8771,-8771,-1982,2609,-801,1774,2036,994,924,571,181,100,180,365,1037,1190,626,237,31,74
-161,-176,-142,-762,-1884,-1965,-679,-252,3633,8691,8691,-2232,-8771,-8771,8175,8691,8691,592,-8771,-8771,-8771,5287,472,-79,1571,-68,218,687,169,311,-60,934,1138,123,127,74,119,194,150,337
528,116,-30,-41,-49,-175,-18,-43,-30,25,398,1831,2953,6521,8691,8691,-3916,-8771,-8771,122,8691,8691,8691,-8771,-8771,-7389,-202,-1540,1093,923,671,1148,-45,269,618,354,485,85,-87,57
838,990,-90,-212,-680,-206,-453,-79,1798,8691,8691,8691,-8771,-8771,-8771,8691,8691,8691,6842,-8771,-8771,-715,400,1317,2907,1705,564,952,521,1171,1194,582,1346,634,76,727,622,-38,96,-4
345,-43,-1046,-1050,-79,-241,-476,-1378,-2098,-1317,6569,8691,8691,-8771,-8771,-8771,8691,8691,8691,2034,-8771,-8771,-3696,3449,-138,1433,2537,678,435,445,-331,191,572,46,272,27,90,326,36,240
216,61,296,-76,21,-65,-53,-417,-641,-888,369,7473,8691,8691,-8771,-8771,-8771,8691,8691,8691,-8771,-8771,-8771,3584,-936,1164,2308,1715,1193,2050,1243,360,501,693,-7,-291,422,178,127,-136
-551,152,61,-172,-326,-392,-585,-1049,-1087,-947,2890,8691,8691,-2981,-8771,-8771,-3682,8691,8691,8253,-8771,-8771,-8771,1338,-1764,9,263,749,879,843,526,790,724,830,130,-216,-367,-602,-316,49
-122,404,568,682,-590,-1162,-2154,-3637,-4545,1885,8691,8691,2623,-8771,-8771,-3235,8691,8691,8019,-8771,-8771,-8771,5886,1173,-600,1522,2328,1557,984,-400,-220,-34,174,125,-45,-327,-121,-142,-39,249
280,-85,-408,-109,106,-77,-305,-643,-991,-876,-3812,-4253,7144,8691,8691,-8771,-8771,-8771,8691,8691,8691,5528,-8771,-8771,-8771,31,-572,1657,1550,724,520,579,1043,226,-113,247,185,-17,241,130
