4830,4864,5064,4967,4876,4852,4833,4951,5005,5105,5230,5112,6468,10445,14521,11411,6861,4447,2625,2334,2132,68,-195,-2628
5386,5269,5277,5225,5561,5483,5903,6681,7968,11416,13327,10932,8802,6254,3686,-684,-3393,-3340
4842,4777,4980,5213,5004,4931,5337,6876,9163,13481,14651,10123,6248,1714,659,-1857,-982,-2117,-3709
4591,4704,4638,4822,4817,4635,4830,5869,7717,9637,12141,13265,11074,7234,5223,3059,1449,582
4156,4326,4006,4115,4189,4330,4129,4992,6686,8063,9181,10281,10718,8914,6729,3992,4079,2191,-3717,-6098,-9650,-6387,-4184
4305,4453,4675,4627,4601,4780,5430,6670,9377,11728,11600,10800,9583,7419,5570,5004,-5199,413
2096,2373,2215,2022,2182,2315,2381,2193,1923,2586,4725,6760,8998,11256,10269,8257,6336,4428,3207,-224
2724,2817,2653,2646,2842,2923,2582,3451,6941,9797,11623,13139,11249,7436,4063,4014,930,-2830,-1932,-5994,-4633,-3761
2619,3523,4936,8271,10531,10515,9385,4984,2761,1765,2069,2574,-824,-404
2275,2239,2240,3022,2795,4445,8795,12749,13162,13499,10681,14248,828,-5406,-9385,-7247,-3576
2621,2927,3594,3997,3834,4699,6942,9426,17427,17542,12704,12361,6582,-1343,-6795
3060,3602,2591,2198,2465,2746,3347,7239,13545,16503,13585,8879,8431,7456,4350,-11581,-8052,-5107,-3137
3123,3277,3180,2573,2969,4176,6243,8248,12451,13196,10780,8665,9152,626,2091,-6500
2921,2961,2731,3026,3490,3382,4706,8699,12541,11159,8183,8488,6940
1139,1734,2044,1977,1977,1423,1610,2095,3346,4136,8188,10974,9646,9737,9680,8327,341
3174,3314,3637,3441,3113,4541,5837,8857,12796,12284,11152,8689,2101,-5780,-3089
3620,3642,3959,3906,4177,6911,11127,10817,9132,7494,5802,4554,-4031
612,664,632,460,630,686,1105,1695,4115,7775,10096,8624,5703,4625,3787
650,425,363,387,474,662,1044,4431,10616,11572,8337,7414,6035
2318,2996,3269,3964,5940,8854,9415,7727,4743,2749,3073,2601,260
4704,4110,3692,4221,5041,6381,7374,9861,9596,7609,4882,3992,3795
1805,3050,3545,4043,5903,7233,10629,10395,7143,5304,4589
2421,2536,2696,4370,6190,7932,10514,11353,7456,4891,3539,3518
2901,3201,3311,2978,3263,4403,6461,8588,10486,9796,8254,6867,4908,3638,2720,-3810
2594,2597,2609,2139,2072,2953,4883,7577,12214,12116,9543,6486,4349,3484
2950,2812,3116,3401,4311,5673,6045,9163,13204,10588,7952,5998,4437,3295,2147
1969,1918,1766,1877,1919,2166,2182,2532,3165,4695,7782,11776,12645
1732,1668,1999,3107,4994,5989,8358,11527,10193,7326,4895,4295,3503
3146,3810,6065,6679,7717,10705,11277,9042,6197,3881,2258,3184
2214,2672,3777,5739,7996,10531,12187,10099,5593,2981,1670,1297,2073,-2054
2876,2627,2974,2946,3547,3678,4607,5829,9294,12153,9026,6271,4170,3249,3526
1113,1000,1135,1402,1730,2512,3880,6485,9795,11122,8954,6413,5035
1739,1475,1538,1591,2327,4847,9282,10380,8097,5822,3365,2871,3077,-1692,116
2333,2172,2479,2573,2516,3374,5963,9646,10584,9643,8183,5433,3103,1495,1485
-133,59,-103,-296,297,1463,3178,4561,8265,10231,8739,6263,4168,3073,3876
2735,2627,2382,2904,3555,4845,7598,11522,9160,6219,4832,4433,2490,2053
-2925,-3326,-2835,-2747,-1810,-22,1508,5270,10508,9837,8126,6427,5587
3083,4070,4128,4488,5077,7827,10979,9330,7302,6006,4416,4201,4979
1384,1233,1107,1574,2197,3236,3539,4947,7853,8029,6116,3597,3254
3911,4107,4099,3852,3607,3365,3895,4887,6960,10349,9864,7310,5932,4014,3718,4051,1315
2017,1322,1508,2379,3105,3275,3804,5260,9434,11163,8361,7663,6503,4992,4477,4918
921,1621,1795,3131,3065,5709,9740,12613,10594,9068,7427,6193,6938,5664,-4055
4955,5919,6427,7817,6310,6397,4935,4425,4334,1048,-1866,-1446,-808
1616,1914,2325,2374,1911,2990,4241,7477,9543,7936,5804,3810,3254,-97
73,-502,-679,155,869,1631,3517,8229,7262,6636,5017,3773,2227
694,765,672,633,2442,3338,3558,3991,5983,8412,8546,8259,5867,5130,3948,3508,-949,-4477
1522,1660,1777,1944,1977,2018,2066,2130,2788,3467,6290,8432,8611,7714,7282,5387,4974,4723,72,1912,-1487,-2609,-1234,-584,222,261
698,700,235,292,7,-40,-37,771,1094,2338,6961,8266,2713,1250,3521,5861,4267,3413,2558,2094
1596,1344,1238,1058,892,1207,1294,1304,852,1245,2707,3570,4379,5703,7820,10997,11326,9008,6163,4578,1450,-4167,-2267,-5314,-2925,-2521,-1650
605,448,667,773,641,1117,2482,3473,6567,9669,10192,8079,4548,2890,5047,2994,1911,132,-1632,-1502,-989,-542,-536,-115
-4068,-3904,-3784,-3868,-4034,-4480,-6146,-7265,-5036,-2539,-68,3382,9278,15087,10551,6104,3838
-4939,-4851,-4713,-4810,-4963,-5221,-5340,-5087,-5097,-6622,-9893,-9245,-5835,-3694,-1769,307,4320,17353
-4306,-5178,-7841,-9080,-5720,-3395,-2010,-16,1814,3737,14289,12776,7906,3284,-834,-2418,-3454,-6403,-7293,-6675
-4859,-5000,-4926,-4804,-4810,-4705,-4529,-5207,-7927,-6379,-4183,-2423,-838,204,2642,4051,7320,10972,8079,5824,3849,925,-1866,-3308,-6032,-9742,-10349,-9140,-7481
-4815,-4994,-5500,-5750,-5872,-5792,-6202,-8069,-10347,-7515,-2629,563,1575,1639,3450,7690,10365,8120,4185,2276,698,-1299,-2281,-5373,-8862,-10715,-8987,-6546
-6220,-7431,-6257,-4724,-3812,-4270,-5114,-8514,-9706,-8197,-6370,-3020,2266,12534,16642,14408,7798,-3724,-10800,-14509,-10960,-7213,-5298,-4468
-9433,-14644,-10336,-7563,-2931,9188,20269,21004,14496,3470,-7214,-12160,-14862,-12084,-10963,-8823,-3274,-2647,-3731
-2837,-3013,-3274,-3597,-3539,-3286,-3757,-6713,-12598,-10920,-6164,3529,18792,19951,11612,4514,-1174,-7112,-12278,-15206,-11045,-7203
-5653,-5990,-5618,-6091,-6272,-10887,-10928,-8379,-5394,2628,17682,20807,12468,5434,-2237,-9278,-14232
-5977,-5921,-5850,-5830,-6221,-10416,-11845,-7397,-3432,-1403,1342,6154,14395,12901,6834,2662,250,-2801,-5033,-7822
-5879,-6045,-6315,-9498,-9292,-6010,-4972,-2188,7071,12070,11984,6244,323,-6997,-11498,-12635
-5753,-5773,-5689,-5605,-5549,-5734,-10288,-12008,-9474,-5576,-2690,6217,19532,18633,9014,-329,-11440,-16220,-8956,-5781
-5686,-5575,-5581,-5558,-5583,-5507,-6314,-11067,-13240,-6679,-1682,1043,8652,17322,11845,5557,-2583,-10822,-13546,-10002,-7234,-5285
-5315,-5297,-5486,-5348,-5343,-9197,-12694,-7202,-3760,-2278,775,11988,13465,10027,6288
-5837,-5750,-5385,-5777,-8716,-10076,-7454,-4913,214,10858,15124,9524,4276,-3542,-8362,-11345,-9079,-6858,-6549,-6329,-5914
-4361,-4280,-3891,-3405,-4107,-4164,-5530,-10897,-11040,-5672,-576,16751,22209,16603,6927,-6421,-14437,-12092
-5233,-5186,-5403,-5479,-5439,-5252,-5174,-4838,-5496,-9715,-14283,-10146,-5240,435,9855,22011,14970,6675
-5437,-5166,-5441,-12463,-10572,-7136,-3102,5101,18410,18953,12756,5330,-9365,-14844,-11531,-10202,-7414
-4292,-4385,-4568,-4996,-6861,-10056,-6853,-1213,15728,17863,11811,341,-10781,-15032,-9451,-5422,-4787,-5413
-4460,-4842,-5577,-6168,-8175,-11398,-11346,-6956,-2621,5667,23403,20731,9645,-3793,-12558,-11507,-7502,-7003,-6667
-6697,-6555,-7025,-9754,-15420,-13372,-7331,-2914,3071,24829,26644,11914,-2889,-14656,-12279,-7694
-7097,-6748,-7040,-9146,-12373,-9889,-7004,4686,21194,20934,12070,4389,-4135,-11680,-14526,-14141,-9644
-7108,-7360,-7308,-7161,-7729,-9266,-12759,-11113,-6469,-3380,-625,13689,22470,16539,6344,-5731,-10543,-10661,-10041,-8776,-8067
-7569,-7474,-7669,-8227,-7766,-10555,-11539,-6971,-4556,-1754,3704,11550,10436,6172,1567,-7883,-10592,-10781,-7525
-3824,-5045,-8474,-8653,-7100,-6037,170,15116,23566,15438,1753,-9365,-15239,-10717
-5849,-5969,-5879,-5728,-5757,-9217,-14732,-10231,-6895,-398,18467,24759,14132
-6345,-6591,-6457,-6153,-6011,-6953,-15319,-13924,-7806,-3292,-481,13705,20265,14527,5932
-6452,-6511,-6539,-6420,-6977,-10095,-11103,-10517,-5739,5464,22360,21647,10623,-3289
-5271,-5281,-5288,-5000,-4543,-6263,-13653,-10811,-5838,3989,19512,19153,7985,-1994
-6043,-5969,-4729,-9536,-14602,-8508,-5494,1214,12084,16775,13908,7719,101,-7384,-12811
-6429,-6182,-6014,-6243,-7566,-14353,-10969,-4742,-873,9911,22234,18225,7660,-3651
-6727,-6679,-6662,-6743,-11271,-12017,-9343,-6008,-2671,6520,22284
-6300,-6431,-7893,-12832,-11760,-7876,-4458,2348,14857,20838,15583,9761,2994,-13125,-17794,-9980,-5928
-6579,-6741,-6941,-6921,-6796,-11145,-12367,-6328,-3335,2105,18868,20123,10843,3691,-7390
-6870,-6783,-7111,-7380,-12998,-11398,-5926,-3806,819,26274,21501,8201,-1341,-8154,-12019
-6853,-6919,-7860,-15461,-13122,-6323,-2297,10787,26899,18634,7080,-4210,-13659,-12413
-5473,-5082,-5437,-13070,-21062,-13460,-2585,5215,17036,26698,20969,11884,-158,-12126
-5825,-5835,-6352,-16105,-5798,921,2354,24707,22682,10915,2714,-8442,-12309,-13128,-8843
-6436,-6090,-7931,-20534,-5172,-220,5364,23087,26674,15357,5152,-13217,-16150,-10882,-8574
-3470,-3072,-2416,-4778,-11728,-12128,-7482,-1893,8596,20430,18701,8710,-1558,-11668,-14393,-9068
-6268,-6188,-6348,-8218,-16029,-13495,-6608,419,16526,24998,16540,5565,-6279,-12549
-6186,-6158,-5981,-5265,-5021,-4190,-3856,-7445,-17923,-12777,-4122,8474,27677,23717,13876,-1520,-12488,-13829
-10429,-15922,-14972,-4253,10367,28079,29657,18519,5446,-9152,-12325,-14438
-4939,-5440,-5270,-6062,-15689,-21961,-9523,388,15705,32424,23634,11130,-8865
-3577,-3572,-3535,-5893,-9136,-11756,-7943,-958,20271,25719,14123,1524,-9316,-12536
-3324,-3554,-3335,-3119,-3303,-5614,-16760,-20121,-8510,4306,28387,26683,16076,1980,-14434,-17460
-5371,-5448,-5170,-5434,-8942,-15389,-14902,-10860,-4536,7944,26869,25606,16388,4317
-5885,-6050,-5841,-5777,-8252,-18075,-15650,-7614,-2996,6300,29458,23080,10893,1796,-9616
-3991,-3833,-10768,-16385,-9700,-4641,165,13246,24640,19276,9618,393,-7082,-11217
-2812,-3627,-4061,-4201,-6312,-14435,-13654,-8201,-1943,20238,-31724,22887,5869
1840,1802,1161,-2976,-10071,-15251,-13902,-9493,-5282,-965,2215,3397,4381,13882,9638,-111
1798,1585,1265,-1087,-7603,-13070,-14748,-7462,-4863,-2382,-168,2896,9229,17596,15566
754,-5727,-10925,-15255,-16603,-10242,-10490,-1974,3992,6067,10678,17578,7087,372,-802
1653,1249,-3730,-12057,-13897,-14383,-9436,-8090,-4727,-1440,4561,7171,17758,15510,3980,-359,-1140
1263,-291,-5175,-9582,-14084,-14619,-9624,-6559,-1997,788,4453,11759,14520,10432,4222
1587,1541,1370,1146,-3928,-14942,-15076,-13600,-9580,-7304,-3263,171,4086,8424,15995,13314
972,915,840,1043,1098,269,-7451,-18159,-21232,-12627,-8296,1622,5370,10891,10123,8450
1760,1601,1574,1633,1174,-4641,-14168,-21229,-18394,-14902,-4878,6638,19686,17344,4299
1451,-4061,-9227,-18026,-13514,-8337,-627,700,5928,9737,24134,21858,4286
2452,2290,-1251,-6929,-8903,-11201,-6751,-4079,-4542,-291,5812,10338,16707,13332
2961,2458,2218,-7526,-14262,-14472,-8922,-989,-1249,4569,8650,11843,20151,10482
2141,1882,-2357,-9888,-13144,-8683,-5201,-5732,-3034,-510,1719,4808,13326,11543,3548
2855,2920,2861,2755,1807,-4579,-8005,-15452,-13791,-8608,-5816,-2482,1116,4057,8595
2598,2650,3040,1977,-534,-9610,-14065,-15153,-10262,-5686,806,6256,9517
2498,2387,2269,2656,2393,-310,-8490,-10210,-11605,-12466,-10154,-6135,5295,9037,11547
1845,1710,1520,1787,-541,-8963,-12082,-12726,-9693,-5447,-3946,-967,2095,6110
1895,1725,1237,460,-7462,-11873,-11283,-6934,-4235,-2983,-1191,2276,6297,8278
2423,2245,2441,1103,-4550,-7632,-8393,-11645,-9575,-8175,-5769,-4331,705,5711
1853,1801,1562,1429,863,-6090,-12445,-15631,-13466,-9424,-5012,-511,5819,6719,11461,12589
2544,1213,-8189,-12394,-13936,-8541,-2914,-546,2388,4502,12234,14293,5696,176
1949,2077,-2024,-9911,-14580,-13945,-8687,-2714,-2637,-820,3306,5405,9197,11557,3316
2774,3249,964,-6486,-10028,-11746,-8315,-5769,-3747,-3964,-314,3257,6774,12610,7974
2152,-3479,-8854,-11764,-11947,-7584,-5733,-4786,-763,3599,8587,17548,12061
2314,2554,2520,2750,2704,2361,505,-7985,-13191,-14025,-8667,-6036,-6921,-1439,4223,8802
2070,2491,2169,2300,596,-5758,-10055,-9152,-9614,-5114,-4143,-358,3059,3467,4899,11189
1553,1765,1639,1915,1767,1726,1927,1319,-2200,-9806,-13511,-12142,-9591,-6056,-4926,-2995,1960,7240,16722
2433,2382,2385,2305,1999,-3581,-12746,-17761,-16198,-10451,-7282,-790,6322
845,1172,1001,-131,-5443,-12677,-18201,-16015,-11892,-7725,-1883,3506,4850,12311,16001
2223,2187,2241,1778,849,-8019,-16120,-14598,-9179,-4889,-1915,-2393,2885,7027,13277,6181
1675,1914,1754,314,-9308,-12895,-13432,-12018,-8790,-5024,-3511,1840,6165,12170,13646
2302,2407,2671,2451,-1620,-9252,-12249,-14594,-11789,-4366,-3992,-855,2465,7272
2212,2460,2467,1306,-7445,-10675,-12804,-12232,-7334,-4596,-1408,1834,5993,12651,12142
2156,2434,2082,2196,1644,-2449,-8747,-14197,-13151,-6831,-5920,-3226,2682,5555,11847,15707
1965,2010,2539,2326,2144,2064,1531,-7525,-13343,-16372,-9968,-4506,-2792,339,4190,10714
2755,2542,2460,186,-8277,-10992,-13439,-10221,-7518,-3669,-187,6545,8641
1787,-3532,-11578,-13119,-9481,-7908,-7195,-3867,3084,5515,16057,13049,7545,1607,95
1660,-963,-8740,-12404,-13002,-7788,-5508,-3917,-5134,-1747,2233,10385,21416,7465
2169,1927,-4285,-10089,-8544,-6583,-4420,-3436,-3754,-1640,2067,3697,14489,14899
1779,1755,874,-5940,-14953,-17979,-11471,-1450,-66,3466,3608,8054,21523,13728
2220,2339,2592,1474,-7234,-10839,-10560,-5618,-1517,116,2848
1405,1496,1502,1531,1645,1712,1631,1421,-5682,-17736,-18002,-9080,-3930,-1858,3518,6784,13874
1662,1674,1677,1597,-2662,-13574,-16742,-11703,-8312,-4176,-2277,3119,9879,22157,12625,2217
2200,1519,-2749,-10967,-14691,-14021,-8221,-1878,-1404,2604,7435,18939,21948,11057,1567,-627
2215,1929,-6196,-12772,-16239,-12051,-7878,-3262,-808,2498,5746,11078,14478,8098,2269
2127,1714,1829,1359,-5467,-11707,-16548,-11972,-7805,-3040,114,3231,5136,12803,13348,7827
1828,2524,2755,1699,-6437,-13446,-11394,-3053,-1757,290,2233,7559,16026,13817,4329,661
1723,1884,2099,2325,961,-10318,-11375,-10712,-8361,-3127,-2200,113,3800,6529,15288
2453,2449,-2749,-9695,-12170,-13246,-8604,-7569,-3749,-17,5509,11023,20013,11576
2321,2495,2406,2504,2509,-2026,-7748,-13679,-12715,-10075,-5814,-3697,3036,5490
2210,2409,2400,2315,2297,-1682,-9752,-11832,-15677,-9153,-4844,-2904,433,3637,14061,15048,8965
1532,1488,1625,1591,1607,1604,1579,1534,43,-2922,-3273,-90,5034,1698,-1397,2735,3582,5330,1485
1537,1560,1378,1141,1137,1295,-708,-3219,1477,1525,146,477,1887,2661,6577,6004,5175,7548
1294,1157,896,365,-4591,2112,5453,2968,-2527,-2135,3887,4474,5350,6249,6843,7660,-21896,5381,-463,1194,1373,1277
1528,1471,1285,1104,721,1232,394,-1876,-1757,1438,7241,2126,436,3642,3110,5442,5866,7840,5899,-18147
1186,1270,1222,1019,887,1168,959,-115,-1926,-2218,2023,1474,-922,-2925,4221,5264,6691,6036,5655
1443,1243,1274,831,875,1101,-2270,371,2818,3997,5224,900,-1251,3122,6203,5455,7780,8423,2308,6958,-3966,3457,2203,1785,2228,1985
1152,985,817,620,-59,-2252,-1802,1917,5331,3095,-2332,-73,5685,6205,10396,5916,-462,1197
1092,1044,1192,1091,850,475,-199,-2285,1079,1828,2334,-1225,-5273,3796,4620,3886,4310,7077,8747,-14521,2417,-3145,3630
630,690,823,1088,1285,1313,1050,1141,681,-2373,-1415,1992,2755,3949,-978,678,3834,6675,9366,6217
1121,1010,824,697,672,393,-2951,-1247,3449,4670,3889,-1087,-2176,3667,4508,9312
1268,1186,1441,1265,1066,931,-721,-3905,644,4073,3863,-2732,-7142,7439,4821,6935,6988,6903
1461,1526,1657,1722,473,-2404,-1031,2030,-1394,-7087,-5987,4560,3546,4544,9681,9730,-24330,8780
1647,1493,1815,-755,-1331,1413,1871,3400,1184,-6053,9037,5185,5433,3090,4301,-16846,3822,-2783,2002
1190,1596,1584,1622,1695,1644,1592,1323,866,-880,-1003,2046,2550,5867,1016,-1650,5093,4796,6901,7021,5606,-6353
1518,1420,1571,1492,1335,1190,71,-3569,-2152,4596,3285,3980,891,-1595,3085,4471,6672,5843,-6010
1292,1573,1371,1452,1690,1553,1295,1405,1158,831,757,-4051,-3962,1734,7407,2188,-988,594,1049,4932,7978,5628,6169
1051,1104,1201,1317,1218,1088,-165,-2728,954,1987,1405,-3014,-4540,4777,3763,7548,6959,4771,9507
1019,1159,1094,851,833,-29,-445,-534,1785,1749,-4499,1699,5635,5302,7785,7489,5856,6036,9576
1422,1230,1026,718,171,-2510,-2279,6524,5865,-6803,3052,4718,4307,5903,6285,8067
1693,1883,1298,1511,1553,3467,1566,-3115,-5628,4810,4701,-2315,-2176,3905,2987,5849,7086,7805,4241
1639,1986,2130,1750,1963,1823,-414,-2671,556,5761,6435,102,-5209,10248,1848,6089,5464
1802,1796,1408,1499,1474,1067,-608,-2428,-1607,4075,-1145,-5443,2587,2273,5861,6792,7310,6320,9311
560,915,1259,-6,342,-1226,226,4575,7844,-219,8065,1567,1237,432,8705,9540
477,585,638,800,789,862,698,427,244,606,151,-953,-2507,-351,1686,1603,-1183,1091,5957,3041,9267
1003,1370,1502,1198,1340,1516,1152,-2445,-1123,1700,3301,2461,484,1162,5111,4913,6949,7695,4001
1276,1162,1116,985,769,-742,-4217,-436,2761,3916,4229,-274,1730,2992,5258,8334,3724,3274
1112,1068,1021,1467,338,-1567,-3052,1277,2014,2451,1326,3314,3872,3156,5684,8349,2668,3214,3527,-2606
1322,1222,1185,1116,838,800,1458,-3948,-4034,939,2103,1987,-420,2686,2779,4226,6517,5546,3646
1147,1064,1209,1312,-1165,-5558,-2202,5332,3945,-133,-534,1745,4591,7988,6452,-9519
1277,1170,1349,1170,656,-3407,-4943,2121,363,-5286,-4584,2326,3840,5342,5568,6146,10524
1291,1183,979,1030,1249,1151,1411,-3109,-4439,538,4258,4731,1638,2011,5415,2395,9390,4845,-6194
1429,1189,976,967,724,987,-3199,-4222,1488,3002,3879,3085,2988,3223,2732,6079,9603,5000,3801
891,787,791,766,688,-4610,-8504,1228,5919,2631,3326,1113,942,4438,3120,8076,5965,7496
1201,1129,991,949,757,-5097,-7155,1370,4619,1282,1176,144,2563,4534,3787,8690,4291,3755
-2185,-321,554,483,606,866,802,887,772,775,602,649,721,828,958,-564,-5145,-3578,627,-3652,-5093,-1288,2145,8058,13732,-4261,3554
-4076,994,3366,3102,4688,3782,2297,3123,3897,3454,8013,5252,6032,-9795,5589,-335,1762,988
929,887,934,1025,1057,539,-2737,-3315,691,2319,3069,3673,2050,2534,4725,2384,9535,4766,5606,4386,-2789,2306,819
1370,1304,1139,1014,814,-1857,-3961,-2176,1718,3038,50,-265,2618,3892,7544,6563,5690,8041,-1975
1013,894,906,894,908,851,663,-3079,-4178,-7,-462,-651,-2287,1438,2775,6443,9743,7618,3472,-1862,1719
978,970,1081,1131,1410,-329,-8333,-4909,-342,504,-2082,-277,5684,5781,8626,6330
888,894,374,-3259,-2978,-2674,-1614,-1440,-3699,2489,1775,3230,6899,6020,-1542,1798,-1799,-46
669,834,467,-1977,-3790,-472,1756,2332,1366,-1062,3323,3168,9660,7185,-25575,6678
1214,1271,1188,1337,1343,1574,-166,-6985,-3747,110,-286,-796,62,2662,2902,7068,5530,7221,-2034,1744,-680,26
675,800,620,1038,-3951,-6455,-857,2314,4762,3238,1030,5476,4239,9914,5679,3499,-19745,5513,-1632,1469,951
1093,890,971,241,-4422,-3992,-2351,-2704,2107,2775,2495,2601,3964,2648,8511,5175,6372,-9018,2003,-3506,1433,-1378
1225,1226,1201,1287,1189,1131,1076,1080,794,-611,-5047,-3685,-5,-243,629,485,1919,2156,6056,11934
1294,1287,1133,972,763,789,611,523,327,-1129,-3946,-4093,-2854,-1143,-420,1474,3560,3393,3614,8119,8754
900,741,705,591,542,1197,766,-4058,-5163,419,-1757,-1232,1231,1939,626,2838,7541
681,732,843,903,1276,1068,-2569,-4399,-2398,1516,302,2527,577,1195,1486,3212,9218,6429,4666,7527,1287,-1456
694,638,521,238,499,696,-705,-6097,-4630,-933,1775,272,1459,1854,3843,1914,8115,10717,7672,-20535,3684,-2782,1374
2236,1808,1619,1603,1313,991,836,729,546,1698,1439,1101,1599,2190,2211,1955,1967,1987,1943,1324,1204
2484,727,1162,1820,1459,1063,1264,1417,1200,1043,1356,461,468,1240,1352,1494,2229,2629,2629,2586,2530,3206
2895,2950,2896,3086,1912,887,1817,2023,1151,819,941,930,815,1312,1568,1083,1203,2106
1348,1042,1574,1597,643,1748,2248,1949,1816,2002,1959,1739,1455,1797,1158,180,771,1930
2216,1693,1845,1933,934,936,1914,1599,923,1067,1556,1220,1010,1291,1506,1390
1839,1781,1981,2141,2472,2616,2076,2811,2799,2018,1725,1749,1657,1613,1489,1851,1263,1268,1282
2185,2148,2082,2248,2132,886,1080,1741,1493,1316,1738,1580,643,-609,-1929,-2370
229,70,-140,-757,-1107,-325,26,250,778,1400,1781,1425,1651,1735,2524,1823,1422
1216,1227,779,207,-297,-2,720,1236,2170,1469,401,1632,2294,1713,1091,1476
1903,964,1562,1552,904,590,726,583,336,394,729,358,-46,-107,198,1067,1263,1735
685,818,1378,1435,1701,2419,3436,3630,4341,4354,4138,2544,2179,2788
2664,2744,3566,3436,866,607,2167,2622,1452,377,360,631,344,-92,-659,298,1353,1748
289,297,-176,-386,702,1644,2296,2895,3024,2850,2884,2816,4024,2764,1857,2063,2259
-979,-642,168,1313,2440,3499,2637,1923,2928,3388,2419,1206,939,1288,1206,384
1955,1741,2330,2352,1504,1028,813,436,259,551,952,527,-59,398,997,2000,2650,2931,2953
485,1188,1103,255,1167,2073,2325,1993,2039,2475,2579,2169,2223,2410,2349,1977,1705,945,-46
4694,3980,2940,-53,2916,2096,1931,2740,2998,2656,2106,2029,2235,1185,-205,-850,395
2445,2005,997,767,526,322,151,-653,-1177,-275,1331,2384,2662,2938,3207,3439,3558,3779,2174
-825,-568,99,1063,2222,3305,3504,3301,3139,3912,3283,1226,2202,2564,2361,1646,1409,1408
218,-200,234,862,1352,1811,1716,1517,2015,2392,2065,1666,1270,556,-2,-86,-201,-242,-376,-614,342,1864
1917,3113,2167,1148,223,381,612,111,474,904,560,1139,1421,2716,3170,2786,2392
1903,1340,942,1046,613,96,120,305,-23,284,1122,1619,2534,2923,2898,2888,3089,3582
448,486,553,1095,2312,2549,2571,2719,2640,2418,2932,1451,2190,1924,1425
948,621,884,1264,2173,2198,2548,2431,2179,2380,3017,2387,1990,2129,1896,1234
2564,2776,3250,3711,4137,2129,2463,2671,2550,1980,1756,1178,278,-216,-218,-620
2949,2831,2311,2465,2734,2475,1992,1617,1835,1888,1732,840,-70,-538,-650,-770,-330,620
307,2257,3169,928,-180,478,1304,876,-497,-1637,-2063,-1725,-758,1178,3545
667,-107,-703,-1006,281,784,1092,1423,2015,2621,2915,3102,3445,2810,1845,2848,2771
1317,1118,994,1525,2045,2185,2407,1998,2137,885,-78,-445,-262,-23,420,698,1073
1489,2355,1918,1653,3147,2562,1698,1955,2155,1656,1202,1500,1938,1526,1202,1222,500
3670,2600,2592,2223,1680,976,650,314,-108,-180,79,-41,556,2163,2728,2842,3354
1475,2156,2367,2940,1639,797,1553,5,-1434,-3455,-3054,-1821,-694,1213,1911,2555,2235,2357
265,503,515,1621,2835,3443,3791,3687,2311,3362,4119,3129,2136,2237,2120,1355,806,664,1110,301
2938,1058,1898,2911,2333,1232,759,541,266,171,763,236,210,1404,1445,1779,2121,2275,2841,2591
608,-577,-1063,235,-698,-298,-654,211,884,1326,1725,2235,1317,1712,2443,2161,1581,1809
3219,3465,4165,2720,2009,1950,2266,2161,1789,1192,981,473,325,1177,1085,751,1097
454,511,377,346,443,104,-170,48,885,1056,1008,998,1344,1850,2152,2322,1318
1237,1116,1696,2325,2248,2109,2671,2465,256,710,1658,1061,636,1130,1428,991,837,1262,563
690,1027,1340,1224,279,291,572,589,371,1092,2690,2245,1605,1807,2484
2539,1919,1458,1437,1237,905,904,491,-389,-370,623,1822,2083,1826,2073,2551,2267
-546,-814,284,1773,2464,2558,2577,2860,3340,3724,3912,2231,1696,1948,2044,1947,1392,1009
3487,3676,3538,3551,3627,2182,2556,2100,2380,2083,1441,1432,1936,2167,2105,2105,1528
2580,3448,3328,2266,1927,1971,1566,339,651,-58,-867,-1377,-1264,189,1407,2312
536,784,904,1239,672,551,972,1508,2130,2228,2326,2534,2941,3000,2728,769,1018
730,753,1371,1682,1790,2063,1929,1678,943,680,842,-364,1213,487,518,596,772,765,1030,1068
1578,1384,1061,1309,2303,2156,1477,1677,1966,1598,1332,1421,1221,1304,296,-178,477,1170,1716,2448
1775,1326,1177,900,761,682,500,-263,159,1222,2004,2065,2539,2490,2473,2848
1168,752,577,839,246,431,1147,1510,1693,1943,2648,2978,3052,2938,2838,1772,1141
714,-212,-1762,-2331,-538,716,1344,1888,2691,3243,2398,2052,2680
1875,1913,2326,2750,3214,3399,3474,1821,1299,2724,2194,1121,733,1054
2592,3504,1723,1016,1631,1856,1141,556,467,498,345,858,1061,730,1255,2589
