-4998,-4875,-4927,-5154,-5251,-5039,-4976,-4895,-5060,-5225,-5629,-5564,-7284,-10665,-14554,-14565,-10002,-6023,-1748,564,1194,5612,24487,23601
-4547,-4549,-4767,-4710,-4534,-4414,-4927,-6656,-7654,-9932,-11878,-12078,-9836,-5904,-2238,1653,5551,11106
-5451,-5332,-5273,-5252,-5227,-5848,-6707,-9068,-9610,-11859,-13749,-10893,-6824,-1526,2198,3628,3958,4994,10848
-5392,-5299,-5281,-5585,-5413,-5369,-5484,-6375,-9160,-10446,-10304,-10919,-10858,-8178,-5242,-2042,755,3505
-5831,-5731,-5855,-5968,-5949,-5841,-5971,-6862,-9095,-9757,-10524,-10865,-11514,-11036,-8140,-4394,-2366,2222,15307,22307,21706,17487,12906
-4656,-4569,-4621,-4599,-4652,-4957,-6141,-7730,-8478,-10782,-11940,-11121,-8601,-5345,-1883,1827,13148,24306
-5433,-5162,-5202,-5030,-5143,-5285,-5016,-5251,-5479,-7189,-9685,-10969,-10144,-11831,-11310,-9054,-6253,-3342,893,9106
-4947,-4917,-4931,-5047,-4953,-4971,-5243,-6946,-10276,-10664,-9822,-11406,-10403,-7664,-3144,1863,2885,10360,20469,22941,17735,12756
-5455,-7585,-9547,-11872,-12953,-11516,-9786,-5783,-2000,801,2018,2422,13997,22807
-4939,-5185,-5185,-5399,-6413,-10059,-14408,-14167,-12569,-10566,-7602,-8066,3129,-31791,27974,17969,11278
-5194,-5188,-5659,-6188,-6273,-6995,-9579,-13083,-15966,-17242,-13119,-10460,1212,22996,24742
-6439,-6376,-5599,-5497,-5480,-5853,-6866,-12894,-16965,-17735,-15039,-10106,-6961,-4191,17596,19194,20254,17364,12735
-5163,-5032,-5273,-5476,-5434,-6649,-9300,-13428,-15427,-16032,-12947,-9534,-7440,2955,22009,20710
-5197,-5266,-5005,-5170,-5872,-6372,-9299,-13587,-15820,-14981,-12415,-8849,-6868
-3055,-2933,-3123,-3524,-3845,-4009,-3866,-3994,-5953,-9475,-10926,-14544,-13895,-11574,-8132,-899,23108
-4540,-4816,-5132,-5228,-5319,-5649,-7750,-9695,-13052,-11070,-8513,-2983,27100,20608,18907
-3824,-3878,-4214,-4212,-4335,-5769,-9059,-10495,-8367,-5345,-1962,1347,12003
-3767,-3767,-3791,-3837,-3911,-4361,-5307,-6980,-9171,-10810,-10697,-8817,-5668,-2884,-194
-3040,-3059,-3085,-2969,-3128,-4207,-6561,-8182,-10629,-11754,-10347,-6796,-2977
-4031,-4559,-5163,-7288,-9011,-9670,-9633,-7727,-5500,-1701,1481,5636,14688
-3948,-3716,-4325,-5039,-5861,-7584,-8693,-9759,-10269,-8813,-6478,-4091,-1268
-4465,-5325,-6583,-7305,-8363,-9239,-9615,-9433,-7529,-4863,-2757
-3605,-3931,-4467,-6114,-8731,-10213,-9476,-8448,-6832,-4348,-1710,1458
-3700,-3776,-3928,-4025,-4646,-5737,-7769,-9470,-8339,-7456,-6588,-4689,-2809,-672,2143,18392
-3533,-3472,-3672,-3630,-3680,-4616,-7403,-9250,-8690,-9656,-8182,-5837,-2973,-566
-4101,-4280,-4420,-4669,-5320,-6032,-6619,-8017,-9593,-9633,-7258,-4894,-2470,-79,2962
-3432,-3534,-3703,-3576,-3481,-3611,-3687,-4425,-5696,-7178,-9407,-10887,-10504
-5210,-5472,-5749,-6891,-8488,-9278,-9157,-9966,-10094,-7826,-5125,-2974,-1069
-5800,-6703,-7781,-8316,-8369,-9870,-10027,-7967,-5340,-2479,372,3107
-4611,-4912,-6142,-8049,-9215,-10250,-9523,-8318,-6017,-2713,-111,1629,2618,10201
-4225,-4253,-4432,-4131,-4307,-4868,-5853,-8866,-9800,-10988,-10193,-7561,-4561,-1664,623
-3949,-4067,-4012,-4210,-4743,-6016,-8330,-9998,-10799,-10128,-8387,-5428,-2610
-3293,-3420,-3647,-3891,-5427,-9644,-11883,-11704,-9938,-7355,-4209,-109,3832,10385,17254
-5145,-4941,-4929,-5077,-5140,-6098,-9305,-13235,-13411,-11255,-9196,-5407,-1911,2151,6302
-3922,-4052,-4269,-4176,-4937,-7316,-9797,-10170,-10020,-9597,-7933,-5945,-3262,-893,1690
-2618,-3420,-4071,-4943,-4854,-6546,-9966,-11479,-10486,-7996,-4753,-1728,5521,17553
863,301,-54,-422,-1069,-3447,-6227,-8904,-10428,-10051,-10006,-7823,-6360
-4699,-4905,-5345,-5281,-5947,-7160,-11054,-10767,-8829,-7020,-5424,-3477,-1773
-2338,-2946,-3322,-3022,-3111,-4286,-7817,-9505,-10383,-9141,-7703,-6103,-4028
-3687,-3377,-3651,-3680,-3736,-3907,-4224,-5785,-8204,-10039,-10300,-9085,-7326,-5684,-3955,-1972,6068
-5045,-4362,-3772,-3310,-3530,-3491,-4389,-6794,-8071,-8704,-9110,-9067,-7999,-5191,-2886,955
-3260,-4280,-5387,-5571,-5275,-4925,-6705,-8399,-8789,-7915,-5528,-4046,-1723,15568,18350
-6093,-8043,-6661,-7132,-8052,-7477,-5901,-4020,1104,13955,16006,13727,11599
-1147,-955,-1547,-2084,-2609,-3474,-4864,-6409,-6329,-6766,-6285,-4353,-2139,1498
-783,-687,-665,-607,-1562,-3043,-7413,-9905,-9399,-8404,-5410,-3241,737
23,309,931,866,-501,-2572,-4259,-5664,-6558,-8600,-8970,-8091,-6688,-4671,-3078,-61,13560,17319
-2290,-2221,-2109,-2350,-2576,-2753,-2777,-2929,-3704,-5966,-7597,-7636,-7348,-6994,-5689,-4410,-2062,135,8414,19743,21168,17663,12234,8484,6348,5909
-484,-491,-572,-671,-899,-1094,-1121,-1750,-3241,-5953,-7702,-6905,-2321,-1349,-4529,-6628,-5099,-2172,9134,21182
-2306,-2117,-2408,-2491,-2404,-2295,-2327,-2309,-2664,-3310,-4250,-5253,-5615,-6214,-6796,-7015,-8026,-6518,-4042,-1900,1687,17354,21021,16679,14718,11738,9315
-2777,-2774,-2788,-2927,-2992,-2916,-4074,-7099,-10168,-11594,-11223,-8097,-5033,-503,2422,8600,14654,15525,14284,11970,9480,7560,6399,6091
-3746,-3463,-3720,-3996,-4111,-5460,-10598,-14120,-11096,-4159,3320,10181,19625,20441,16218,12449,6986
-1670,-1973,-2214,-2331,-2431,-2631,-2715,-2830,-3260,-4773,-11037,-13422,-10465,-6985,-3455,2966,15820,25986
-3911,-4708,-9595,-15448,-14276,-10389,-5707,186,6664,13094,19492,14928,10975,6925,2753,-1389,-6090,-11606,-15662,-15476
-5303,-5362,-5490,-5322,-5325,-5533,-5799,-7097,-13348,-16757,-12152,-5628,-393,4908,8225,12352,17388,18377,16376,13623,9896,5030,818,-2220,-5747,-9885,-10761,-9318,-7659
-3978,-4136,-4160,-4075,-4467,-4637,-5847,-10368,-14495,-13821,-9030,-3797,295,5422,12932,19302,22466,18081,13399,8501,2926,-292,-2334,-6607,-9412,-10653,-8440,-4883
-1268,-1055,-921,-1899,-1906,-1461,-3424,-8357,-10452,-10173,-5071,979,10560,20790,22683,21046,12851,5580,-4608,-11327,-9366,-5934,-2160,-575
-7365,-13325,-10083,-5368,2352,16500,22711,22429,17722,7732,-85,-8553,-12881,-11849,-6990,-3175,-3292,-2186,-1173
-2173,-2443,-2297,-2221,-2756,-3177,-4233,-10093,-17183,-10658,528,14551,22099,21033,15808,10928,5386,746,-6175,-11727,-11163,-7129
-2046,-2034,-2308,-1944,-4331,-13275,-16824,-9734,243,15299,24401,22352,16500,10536,4325,-3400,-14140
-2530,-2345,-2241,-2291,-3336,-6661,-10342,-8362,-5267,-751,6937,17108,22258,19287,13350,7836,2000,-1024,-4203,-8093
-3324,-3228,-3487,-10015,-17493,-13594,-5230,6126,20523,26893,22972,15860,7396,-1063,-8185,-10134
-2448,-2336,-2460,-2326,-2179,-3424,-10032,-14365,-10313,-3183,5543,22289,30107,23656,14955,8328,-4179,-16227,-14266,-9230
-3539,-3418,-3461,-3386,-3478,-3666,-4607,-10208,-18889,-14886,-4182,9303,25520,30394,22085,12786,4068,-5451,-9927,-11016,-8759,-5181
-2980,-2834,-2816,-2507,-3067,-8867,-14926,-11871,-4645,2428,15063,26655,23115,16993,10452
-3208,-3143,-2987,-3820,-8099,-13143,-10562,-2080,11218,21028,17617,13536,6290,-570,-7087,-12796,-12159,-8442,-4787,-3150,-2713
-1038,-507,297,-237,-935,-1786,-4963,-11319,-9213,-1516,8813,20742,21623,17578,12244,2667,-7812,-11646
-310,-503,-457,-577,-514,-605,-615,-662,-1391,-5568,-10245,-6315,863,8031,18458,19484,15500,10020
-298,62,-941,-10836,-9745,-4212,3491,15191,21226,19740,15469,7101,-1469,-6160,-7038,-6442,-5239
-231,-337,-522,-1631,-8646,-15268,-8871,3751,24498,27756,18959,5848,-10821,-14958,-8705,-2921,658,1704
730,657,1403,791,-1479,-10531,-17979,-12238,-3271,17618,30187,25006,12576,324,-13306,-17718,-11918,-5319,-1151
-68,882,1026,-4116,-12071,-14410,-10804,-4142,10497,32034,24997,12336,578,-13046,-16481,-10919
-2776,-2355,-2825,-6079,-14989,-18592,-11355,15803,25710,23353,14953,5935,-54,-8004,-10107,-7997,-5555
-1186,-1202,-848,-80,438,-4182,-13204,-18826,-13197,-4773,7793,29919,31948,20059,5934,-3694,-10466,-13596,-11180,-8006,-5315
-2320,-2264,-1969,-880,-1210,-12293,-20055,-14062,-5046,3497,21889,31135,24774,13143,2600,-4322,-11511,-13159,-10239
-143,-4100,-10596,-11428,-8176,-2898,8386,26906,28839,20334,9146,-3576,-13695,-11418
-781,-854,-817,-821,-845,-4664,-17199,-12853,-4076,10032,27739,25053,17357
-1623,-1835,-1804,-1560,-1413,-3284,-13312,-17011,-9054,-995,9707,26389,28140,20456,11486
-1097,-1051,-1123,-1128,-1780,-3943,-12108,-18828,-10361,11106,32017,28103,14966,1294
-692,-696,-673,-146,-372,-5599,-15905,-12954,-2549,14261,25019,19488,10922,2358
-1158,1172,-534,-9393,-19821,-14827,-3858,11089,22191,24589,19823,12888,6598,17,-8369
-1766,-1799,-1589,-1543,-4699,-15898,-13638,-3754,8687,20864,25889,16900,6266,803
-1717,-970,-29,-2961,-10275,-17054,-12088,-3378,4366,18633,25820
-1705,-1573,-3319,-12760,-15805,-8127,-821,10867,20759,23411,17934,10676,1888,-6976,-11411,-12021,-7960
-2325,-2257,-2299,-2115,-2568,-9825,-18013,-13131,-2004,14444,26384,21888,15408,5899,-3455
-2672,-2449,-1564,-2846,-13313,-17706,-8909,-1371,11139,23649,18180,13173,6796,-602,-8124
-2097,-1872,-3898,-11523,-14004,-7190,1426,18835,25115,17339,9645,723,-8271,-10762
186,828,37,-3666,-8249,-5680,-587,4013,13612,19403,15667,9324,2743,-5091
-1365,-1095,-3388,-12175,-7170,-1524,10906,26940,21488,14692,6247,-1464,-7059,-8620,-6666
-1117,281,-1832,-11969,-6601,-1034,9967,25049,24190,14565,1823,-9910,-10884,-4261,-1954
-1401,-1256,-1869,-6259,-15260,-14890,-7118,5376,19385,29090,24243,13862,2890,-9080,-15389,-12419
-808,-893,-1157,-2798,-11320,-11294,-3305,6792,20858,23293,16227,7190,291,-9006
-1330,-1378,-872,-395,86,1014,2710,-644,-12409,-10563,-953,12243,18865,15424,9908,2773,-4871,-9348
-4153,-9632,-6913,2161,11062,17201,14599,11279,6624,-236,-5193,-6960
992,1034,887,-292,-7595,-12163,-4723,2672,17421,21209,15095,8780,-2329
-571,-680,-977,-4609,-12084,-14610,-7517,5995,26504,25229,14892,4324,-6792,-12094
1554,1626,1686,1556,884,-1933,-13021,-12879,-1722,12566,21823,22561,18468,8586,-3217,-9604
1,91,508,-268,-3924,-11975,-12111,-6342,1405,14141,21311,19066,12114,5263
-1456,-1255,-1215,-1076,-3442,-9965,-11661,-7571,-1005,13810,24280,19536,10817,1787,-4614
-64,-457,-9122,-14528,-10403,-3011,6237,22823,27483,20532,9601,2082,-3241,-10668
-1019,-898,-319,-195,-3193,-12443,-12810,-4008,8896,22767,25030,15280,5128
1805,1628,1700,1004,-1493,-4882,-3972,-212,1938,1514,-2508,-4953,-617,13727,10025,2249
1500,1446,1367,675,-1966,-4887,-3898,-1206,3363,4562,1370,-5907,-3919,5423,8971
1428,1523,1012,250,-77,-935,-292,-1073,-4494,-3723,6259,13630,11644,3348,1287
886,900,-23,-1895,-2149,-2326,-892,2160,1003,-1337,-4779,-1289,8198,9742,7365,3277,1696
2206,1559,239,-1787,-2259,-1086,3383,5261,2928,-2088,-3785,-861,3194,3648,2213
1611,1589,1550,1787,433,-2921,-5204,-1317,4726,6496,2158,-4276,-6723,-3041,9478,8152
1926,1858,1981,1833,1889,1888,-588,-3813,-1662,997,1326,-1298,-3291,1425,13315,8699
1550,1562,1443,1371,1216,1020,-228,277,-1714,-2431,-4805,-36,19574,9656,1323
2143,-381,-4461,-5611,-1264,881,2966,-419,-5834,-5982,10910,10842,5174
2251,2399,514,-3249,-5661,-5297,-3172,-514,417,-1347,-2299,588,8001,6675
2100,2070,1781,-1046,-1743,1534,5261,6547,5473,714,-3486,2806,11176,9846
1370,1456,-631,-2052,-781,1682,2191,1678,2306,1080,-651,-941,9749,10126,4709
1599,1603,2006,2038,1828,-292,-2425,-5375,-2012,2722,2685,685,-1711,-2397,4038
2044,1945,2215,1863,-64,-4146,-3697,-943,-516,1158,-493,68,3134
1653,1905,1954,1972,1905,518,-3913,-2952,-583,-735,-1481,-382,1757,1756,4256
1494,1525,1615,1609,951,-1461,-2755,-1914,567,2155,3565,499,-1142,-1084
1699,1960,2115,1572,-1099,-6836,-1971,2492,6323,2783,-193,-4287,-1431,3399
1487,1633,1749,1168,-675,-2586,-2247,-2384,-4727,-5203,-3486,-4522,-4397,-291
1712,1909,1984,1926,1524,-1018,-3922,-2977,-1804,-1368,-1567,-1174,742,5756,10793,6085
1708,907,-3141,-3394,-4119,-1406,3092,2245,-58,471,7035,7062,4124,1229
1631,1513,-917,-4194,-3289,-2258,-1418,272,326,-487,-2114,-6,9947,10258,3927
1444,1324,411,-1136,-1163,1907,2814,2516,1826,-750,-2156,-2030,3935,16208,8678
1993,257,-1504,-1628,990,2756,2774,597,-2024,-775,8108,11601,7160
1870,1688,1743,1707,1571,1672,1080,-728,-1850,-420,2379,2161,864,60,-551,4226
2020,2028,1974,1925,1024,-2033,-2688,2224,2834,1671,357,-333,67,-977,2692,11831
1631,1635,1526,1447,1376,1376,1338,1348,13,-2437,-2862,-1877,291,1520,2066,-2135,-2440,-1688,12249
1926,1811,1926,2032,2040,1386,-3224,-6534,-3534,60,1492,477,2780
1710,1565,1356,898,-662,-2975,-3727,-2673,-2439,-1420,-1518,-1401,1730,10171,9492
1686,1850,1874,1783,1519,-1165,-3442,20,2175,1209,1544,-688,700,3733,8418,3039
2038,2123,1893,1365,-782,-1534,-1093,110,1291,2826,1814,702,1336,3810,4628
2704,2761,2588,2196,-38,-1725,-754,-211,-2166,-892,2253,2626,-533,3183
1330,1608,1505,564,-1553,-3885,-1638,-1297,996,3420,2986,503,1280,4889,1243
2016,2117,2180,1945,1750,-141,-2044,-4597,23,3127,3251,2532,692,1352,8668,4627
1535,1838,1979,1839,2003,2252,1543,-1549,-2823,-1243,1009,2647,4915,3099,135,2412
1902,1967,1768,4,-2995,-1943,1058,624,478,1130,-299,491,3722
1640,-1335,-3291,-1286,754,796,4147,4228,419,59,8383,5339,2112,731,510
1845,672,-1275,-1243,-329,2234,2840,3460,2055,1331,-1528,6439,5298,3010
1994,1634,-1190,-2440,-220,2035,2890,2807,2708,1565,90,-1214,8000,6144
1903,1981,1620,-917,-3546,-1295,3991,4756,4872,233,-3983,-1989,5101,1924
1966,1990,1891,1610,-1953,-2378,3215,3514,5328,3662,-857
1319,1289,1374,1451,1666,2038,2085,1733,-2168,-4422,-1045,2000,4559,3170,366,-905,515
1665,1804,1724,1701,696,-2071,-576,583,3267,4294,1207,-3199,5386,7363,-718,-305
1389,1237,-917,-3593,-3224,-866,941,3757,3741,-1711,-3255,1198,12980,7984,828,1334
2058,1774,-1250,-2786,-3626,-2467,-1353,2934,1781,204,998,2977,5541,4064,2017
1445,1546,1380,1039,-1055,-4320,-5623,-2591,2538,5945,2864,-1835,-2603,2701,5632,3917
1206,1417,1505,986,-2293,2023,-374,23,2591,1318,-2244,595,6819,4290,5037,3176
1461,1508,1573,1366,71,-2467,-876,3133,3760,4532,3442,1077,-2879,-1489,5503
1708,1404,-266,-2247,-1067,125,-678,946,1619,-545,-3078,4745,7460,5610
1281,1212,1229,1355,1341,-814,-3737,-3687,-609,-1155,-299,298,-230,463
1334,1299,1450,1484,1773,140,-3711,-3266,-2240,1520,2114,1177,-2581,-4786,4489,9213,6306
1349,1568,1496,1420,1387,1352,1452,832,386,638,4754,3011,-3703,-11692,-7990,-10442,-13038,-12082,-3192
1283,1214,1121,995,1022,603,339,4316,2379,-870,-481,-77,-56,-1316,-5203,-10146,-19197,-19586
1076,1026,907,59,2044,1674,1176,-2457,-2558,283,-261,-2579,-5045,-7496,-13575,-23899,-6426,-10887,-8957,-8966,-9622,-9689
1012,952,803,879,990,969,1650,1420,3065,2393,-1574,-5081,-4071,-2704,-4507,-10532,-16998,-22428,-16968,-3821
1202,1177,1127,977,1081,1069,972,565,2525,3674,1179,-5723,-5580,778,-852,-9245,-20747,-16338,-13362
801,1089,992,927,769,208,612,2467,2579,2026,-1819,-6982,-2906,-546,-4966,-13998,-21939,-19196,-9427,-11437,-7319,-7433,-9656,-12507,-9704,-10053
1395,1271,1251,1280,1182,468,3132,2445,389,-7889,-4060,1387,-1637,-16127,-26854,-16483,-8514,-8209
878,781,650,649,770,1122,2125,2381,1559,1718,-3168,-8977,-761,-916,-8023,-12178,-10760,-16143,-19330,-5411,-9095,-8513,-7359
1372,1358,1471,1428,1316,1235,939,1432,2175,2774,4112,3148,268,-7757,-3509,-2532,-9900,-19799,-20022,-12031
1335,1428,1334,1337,1337,1671,1063,3371,2870,923,-7111,-5896,-229,-3237,-14355,-21279
752,958,1001,996,948,1050,885,1359,3871,3998,-6735,-13496,-1768,-3248,-9497,-16252,-16148,-15244
787,851,827,736,357,1500,3996,1848,-10161,-10932,-1325,1434,-1395,-10778,-24074,-21024,20145,-6336
1854,2157,1453,265,1926,3576,3059,-3074,-13708,-6195,-7286,-8726,-11009,-10638,-13128,12437,-9383,-8180,-6642
1750,1620,1773,1822,1797,1864,1884,1744,1003,644,4686,3356,3342,-6746,-9928,-3222,-3715,-10792,-19914,-16846,-11353,8007
1361,1517,1577,1525,1396,1324,631,1040,4434,1608,-208,-6700,-5787,-2992,-10374,-17720,-16351,-13223,3657
728,796,868,727,681,809,1013,1044,776,739,344,662,2435,2119,-340,-10148,-1894,-268,-5653,-17123,-21203,-15179,-10162
1247,1337,1377,1243,930,1013,1574,3345,1716,1353,-6436,-8066,-2217,-4799,-12911,-19309,-15373,-7812,-4297
1482,1438,1416,1429,1407,2337,2303,1384,-706,-9194,-3787,-728,-5223,-8613,-16201,-18261,-11266,-8277,-6743
1501,1164,1030,875,467,898,3238,-894,-14373,-5285,-6888,-11388,-12266,-11474,-11373,-11989
548,545,530,363,213,36,1779,1749,-365,2075,-8313,-8719,-161,-3584,-8403,-13323,-16078,-14578,-8601
1021,959,1172,1419,1360,1237,672,952,1998,1021,-9974,-17210,-10077,-10110,-9795,-13210,-14586
1057,996,1152,1177,1038,832,796,1010,2279,-3178,-12196,-2788,-1717,-5479,-11751,-19805,-15084,-10059,-4688
1200,1240,1058,589,1926,2184,830,-3219,-7644,-7268,-15136,-13029,-7694,-8533,-19763,-17528
1119,1378,1536,1518,1393,1408,1283,1328,1129,540,312,1403,4544,3242,426,-7216,-4541,1874,-2205,-12893,-22585
2015,2060,2009,1947,2087,1773,1044,2008,3368,2624,982,-3557,-2962,177,-2844,-11300,-22500,-21055,-14250
1747,1756,1511,1263,192,-682,6282,3020,4205,-1725,-9049,-3002,1098,-3657,-19259,-26958,-18115,-6754
2898,2482,2123,723,-496,1012,6358,2898,-564,-4646,-2176,2190,1487,-9686,-27142,-23186,-13768,-5236,-2469,-6056
2106,2067,1999,1796,1784,1496,236,1925,6515,3967,-3517,-9432,-2370,2113,-1535,-15837,-24015,-18161,-10654
1075,1054,1129,1073,710,2934,2796,1449,-5181,-2465,-286,-4543,-19479,-17785,-15744,4555
1334,1378,1237,1064,939,1526,3528,1228,-8515,-7838,1555,1346,-7414,-18266,-15734,-12540,-3765
413,511,686,730,496,5,-1183,38,3458,3752,1313,-8898,-4432,1140,-5961,-21571,-21834,-13101,4820
1331,1303,1451,1172,882,-485,-819,3455,3067,1496,-3982,-3709,-1172,-1895,-9158,-20957,-23676,-15333,-2697
1231,1264,1279,1166,917,741,2603,4712,3141,-3055,-4670,116,157,-6053,-21529,-24844,-17777,-10023
1319,1518,1368,943,-315,-1603,5248,3340,-122,-5501,-3274,1289,378,-7760,-26429,-22788,-13635,-5484
1019,1059,1036,1085,1003,1018,1088,1106,1201,1128,1124,1146,1255,882,405,17,2611,2304,-1540,-11648,-2058,4993,888,-17742,-22788,3928,-10025
5079,3466,3340,139,-4004,-2398,1063,344,-5951,-18673,-24128,-19441,-14410,3217,-6333,-7030,-8480,-7403
2115,2126,2180,1816,942,-18,67,5830,4313,1484,-3789,-4325,-24,11,-7320,-23205,-24296,-15632,-8731,-5773,-6599,-7599,-9249
1176,1320,1413,861,232,-426,2298,2926,1834,-4767,-4421,-983,-4407,-15346,-17978,-16720,-11294,-7689,-5932
1036,1127,1162,1314,863,918,607,571,1817,-1644,-5521,-3668,-666,-2270,-9145,-17623,-16301,-16050,-6656,-4981,-7166
1672,1732,1632,1642,953,-729,2052,6,-1434,-5972,-2441,-771,-5460,-14442,-15801,-13154
982,1160,1089,1162,2437,238,-5051,-6555,-914,2034,746,-11188,-23676,-16651,-1364,-5556,-6047,-7556
1559,1472,961,1517,2342,2658,890,-3104,-2703,1138,-1617,-15081,-23925,-16973,4091,-6984
1318,1474,1409,1170,988,839,991,3962,4132,2494,-5873,-1955,2543,650,-14195,-23396,-14926,-8727,984,-5644,-7427,-8306
1279,1134,681,-413,-461,3089,3372,2211,-2907,-5527,-1161,-2289,-13983,-26995,-19850,-11550,14858,-5847,-6646,-7286,-9614
1353,1270,666,281,2143,2872,4893,5093,-862,-3078,-2272,-283,-2750,-16423,-26880,-17941,-8431,7217,-4590,-7629,-8585,-6970
1073,1289,1393,1188,1089,1241,1222,1305,1045,704,-218,2075,189,-3062,-453,3062,1974,-4932,-18420,-25107
1326,1204,1061,1162,1149,985,1081,1012,1013,846,1051,2812,2241,-2546,-637,3796,2981,-1645,-11570,-22943,-21565
1155,1128,1144,1028,1080,23,-811,1554,1884,553,-5452,-3521,2363,3983,1528,-10265,-32488
1213,1299,1292,983,178,-174,-946,2428,1923,1880,-2724,-5972,-503,2382,-583,-15305,-27893,-19313,-10751,1945,-7566,-7659
1160,1016,852,1036,895,418,-929,2773,3591,4431,-648,-3462,1316,2732,-1300,-8753,-21419,-22327,-18228,5607,-6126,-7167,-7456
2185,2289,2443,2082,1972,1858,1373,1038,866,-125,-1195,-1246,-607,-538,-625,-659,-469,-149,267,602,1617
1113,1198,2291,1838,929,1672,1710,1678,2150,2150,2298,2817,2303,1632,837,1089,1118,778,799,1566,1780,1318
1168,1291,1240,648,222,939,1291,293,242,1027,1130,1150,1565,1818,1717,1651,2115,1935
1501,1842,1647,1481,1469,909,6,-262,-68,25,370,595,675,793,785,1358,1626,802
1149,1397,1821,1810,1720,2127,1562,517,1323,1805,1787,2114,2291,2065,1840,1901
-196,-296,-603,-760,-817,-514,-132,-249,-1078,-1086,-267,357,625,571,542,520,105,1121,1244
951,994,1323,1325,1269,1391,1907,1920,1628,2319,2173,1969,2313,2601,2470,2790
1235,1623,1768,2636,2892,2966,2774,2871,3078,3165,2814,2484,2368,2313,2308,1443,1529
1883,2103,2217,2260,2229,2139,2178,2036,2105,1496,1452,1902,992,919,1494,1535
1718,2042,2140,1398,1300,1820,1665,1903,2117,2525,2593,2385,2077,1410,797,230,241,441
-2048,-2605,-2495,-2206,-2069,-1597,-1218,-644,449,1543,1817,2066,2569,2549
947,1488,2100,1580,1207,2843,2883,1830,1398,1417,1359,1579,1524,1797,3056,3444,2579,2342
1730,1885,2862,3407,3241,2823,2752,2526,1593,1575,1930,2041,1816,526,544,994,390
3293,3109,2593,2233,2112,1658,1086,1647,2619,1535,1062,1374,2011,2969,3279,3109
918,1962,2227,1583,1844,1979,1863,2017,2161,1839,1450,1809,1322,986,297,223,242,360,266
2707,2053,1106,-677,-1439,-1907,-1457,-1117,-846,-297,144,761,2193,2892,3043,4015,3202,2798,2765
1658,846,442,3669,-26,1386,1988,1587,1301,1229,1246,1399,1731,2483,2198,1367,1805
1213,901,1305,767,450,1048,1434,2111,2333,2612,2051,1756,1589,1450,1201,1320,1372,892,176
2060,2404,2096,2273,2537,2354,1745,1557,1580,1702,1030,797,2257,1692,1140,1580,1147,821
2157,1633,1256,1124,1310,1162,552,643,437,38,-149,-50,281,590,1146,1847,2364,3201,3026,1815,1432,308
3661,3521,1880,1870,2164,2070,2059,1802,1307,1030,-358,-724,-1185,-603,6,280,284
1111,1417,1743,1720,1779,1936,2149,2332,2082,1346,1038,271,133,181,241,259,600,1131
2219,770,-667,-1690,-1177,-526,-679,-691,-77,424,1352,1636,3524,4034,3443
-4113,-3521,-2599,-2011,-835,-293,257,305,1064,1589,1525,1501,2179,2479,2399,2340
645,942,1253,1544,1080,273,1335,1422,1295,1853,1731,1386,1322,1652,2052,2405
324,1142,1880,1848,1832,1553,924,346,-407,-870,-602,-463,529,2083,3438,3715,3606,3997
-2242,-2321,-2105,-1931,-797,388,7,230,1366,2063,2148,2334,2206,1902,1763
1762,1032,1945,2124,1815,984,590,527,424,273,417,652,807,694,1337,2166,1530
1170,454,-19,-116,-509,-947,-661,47,578,784,3387,2113,2095,1729,1355,1355,1091
-153,661,1143,2184,2334,2026,2168,2395,2282,2188,2285,2113,1887,2237,2197,2176,2502
691,492,1112,1087,1012,1625,1894,1572,1744,2118,2303,2470,1851,1208,430,75,83
-800,-884,-1346,-1204,-1300,-386,1982,2373,1856,2592,2910,2659,2331,2185,1439,1239,1262,1343
1146,352,104,-309,-205,58,222,122,-171,625,1225,880,1233,1567,1642,1786,1818,1540,1495,1963
988,1185,2522,2202,1093,1469,2229,2271,2824,3444,3198,1942,668,-384,-1999,-2153,-1684,-1494,-1307,-1149
486,332,497,955,-242,132,512,678,644,1179,1850,1980,1404,1780,1712,1129,1587,1668
1152,1299,1097,481,1144,1560,1189,876,-25,-412,-169,-61,846,1664,910,1725,2944
2370,2629,2903,3014,2949,2716,2407,2350,2421,1823,1258,1125,1429,1760,1959,2169,1713
781,980,903,967,1160,1875,2451,1675,1567,2537,1721,895,1662,1742,1652,2073,2295,2367,1991
1092,2449,2368,1769,2490,2403,2279,2321,1322,-269,-1550,-3581,-3837,-4073,-4258
1725,1848,1853,2048,2179,2209,2134,2477,1964,2145,1784,886,730,810,995,1320,1672
2613,2507,2666,2016,1408,1243,1185,1103,1249,1313,1192,761,1805,2198,1523,1167,904,699
2332,2134,2103,1893,1335,354,1055,508,-7,-723,-1015,-674,-784,-1258,-789,-996,-1060
1680,1122,802,1206,2027,2586,3095,2993,2404,2260,941,95,-1386,-2379,-2436,-2078
2105,1942,1376,1314,752,840,879,293,649,821,785,697,928,1165,1043,895,1992
1391,632,267,-109,-24,225,202,400,961,1446,1733,1721,2194,1198,1191,1517,936,1050,875,-194
1074,1644,1891,2071,1670,1155,1765,2101,2064,2218,2212,2064,1808,1748,1994,2126,2127,1331,898,777
1547,1706,1492,1586,1865,1760,2030,2190,1938,1601,976,923,936,816,739,1065
958,969,1190,1511,2276,2488,3177,2349,2587,2806,2437,2063,1747,1123,488,-68,322
2186,1926,2753,2749,2163,1668,1202,945,1133,1225,886,1299,1482
-1116,-580,259,536,655,898,1161,1153,2126,2003,893,1179,1738,1475
1756,1755,1299,2279,2615,1716,2014,2449,2923,2958,2307,1449,478,-395,-1061,-1358
