1
1
1
1
1
1
1
1
1
1
1
1
1
1
1
1
1
1
1
1
1
1
1
1
1
1
1
1
1
1
1
1
1
1
1
1
1
1
1
1
1
1
1
1
1
1
1
1
1
1
2
2
2
2
2
2
2
2
2
2
2
2
2
2
2
2
2
2
2
2
2
2
2
2
2
2
2
2
2
2
2
2
2
2
2
2
2
2
2
2
2
2
2
2
2
2
2
2
2
2
3
3
3
3
3
3
3
3
3
3
3
3
3
3
3
3
3
3
3
3
3
3
3
3
3
3
3
3
3
3
3
3
3
3
3
3
3
3
3
3
3
3
3
3
3
3
3
3
3
3
0
0
0
0
0
0
0
0
0
0
0
0
0
0
0
0
0
0
0
0
0
0
0
0
0
0
0
0
0
0
0
0
0
0
0
0
0
0
0
0
0
0
0
0
0
0
0
0
0
0
1
1
1
1
1
1
1
1
1
1
1
1
1
1
1
1
1
1
1
1
1
1
1
1
1
1
1
1
1
1
1
1
1
1
1
1
1
1
1
1
1
1
1
1
1
1
1
1
1
1
2
2
2
2
2
2
2
2
2
2
2
2
2
2
2
2
2
2
2
2
2
2
2
2
2
2
2
2
2
2
2
2
2
2
2
2
2
2
2
2
2
2
2
2
2
2
2
2
2
2
3
3
3
3
3
3
3
3
3
3
3
3
3
3
3
3
3
3
3
3
3
3
3
3
3
3
3
3
3
3
3
3
3
3
3
3
3
3
3
3
3
3
3
3
3
3
3
3
3
3
0
0
0
0
0
0
0
0
0
0
0
0
0
0
0
0
0
0
0
0
0
0
0
0
0
0
0
0
0
0
0
0
0
0
0
0
0
0
0
0
0
0
0
0
0
0
0
0
0
0
1
1
1
1
1
1
1
1
1
1
1
1
1
1
1
1
1
1
1
1
1
1
1
1
1
1
1
1
1
1
1
1
1
1
1
1
1
1
1
1
1
1
1
1
1
1
1
1
1
1
1
1
1
1
1
1
2
2
2
2
2
2
2
2
2
2
2
2
2
2
2
2
2
2
2
2
2
2
2
2
2
2
2
2
2
2
2
2
2
2
2
2
2
2
2
2
2
2
2
2
2
2
2
2
2
2
3
3
3
3
3
3
3
3
3
3
3
3
3
3
3
3
3
3
3
3
3
3
3
3
3
32172,157,-2172,157,6653,157,1251,157,-7564,157,-2907,157,1251,283,1251,157,1251,157,1251
157,157,1137,157,157,157,157,157,1137,283,157,157,157,1137,157,157,157,157,157,157,1251,157,157,157
157,-7564,157,6653,157,6682,157,157,1137,6656,157,157,6659,157,157,157,157,157,1137,157,157,1137,157,157,157,157,157
283,157,157,283,157,427,157,-2172,157,427,157,-2172,1137,283,157,283,157,-2172,1137,283,157,1251,157
157,1251,157,283,157,-2907,157,1251,283,157,283,157,157,283,157,1137,1137,157,157,1137,283,283,157,157,1137
157,157,157,283,157,283,157,283,157,-2172,157,157,157,6761,283,157,157,1137,157,283,157,157,157,157,157,283,157
-2172,157,6653,157,157,157,1251,1137,-2907,157,1251,157,-2907,157,157,157,-2907,157,-2172,157,427,157,6653,157,-2907,157,1251,283,1251
157,427,157,-2172,283,283,157,283,157,157,157,6761,157,6657,157,157,157,157,157,157,157,157,157,157,157,157,157
283,157,-2172,157,6653,157,1251,157,-2907,157,-2172,157,427,157,427,1137,283,157,283,157,283,157,-2172,157,-7564,157
157,157,157,157,157,157,157,157,157,1137,1137,1137,157,157,157,-7564,157,1251,157,157,157,427,157,-2172,157,157
427,1137,6653,157,157,157,283,157,-2172,283,-2907,157,6761,283,157,283,157,283,157,157,157,157,157,157,157,157,283,157,1137,157
-2907,1137,427,157,-7564,157,-2172,157,427,157,-2907,157,157,157,6653,157,-2172,157,157,1137,157,157,6654,1137,6653,157,-2907
157,157,-2907,157,-2172,157,427,157,-2907,157,-2172,1137,157,157,6653,157,-2172,157,427,1137,283,157,-2172,157,-2172
1251,1137,283,157,427,157,-2172,157,283,157,6653,157,-7564,157,1251,157,-2172,157,157,157,-2907,157,6653,157
-2172,283,6653,157,-2172,157,1251,157,1251,1137,427,157,-7564,157,283,157,-2172,283,-2172,283,427,157,157,157,427,157,-2172,157,-7564,283,157
1137,157,157,157,1137,157,283,157,157,157,157,1137,157,157,157,-7564,157,1251,157,-2907,157,157,157,-2907,157,-2172,157
157,6653,157,6653,283,6663,157,6681,157,6668,283,6654,157,157,157,157,1137,157,157,157,157,157,157,157,157,1137,157,157
157,283,283,-2907,157,427,157,1251,283,283,157,283,157,283,157,283,157,427,157,-2907,157,157,157,427,157,6678,157,157,-88,283,157
-2172,157,-2172,1137,157,157,283,157,427,157,6653,157,-2172,283,6653,157,283,157,-2172,283,157,157,6654,157,157,1137,6653
157,157,1137,1137,157,157,157,157,1137,157,157,1137,157,157,157,157,157,157,157,157,1251,157,-2172,157,427,283,283,157
157,157,157,157,157,157,157,157,157,157,157,157,283,157,157,157,157,157,427,157,157,157,157,157,283,157,283
157,157,6674,283,6662,157,157,157,157,157,157,157,157,157,157,283,157,157,1137,157,283,1137,157,157,283,157,157
6653,157,283,157,-2172,157,1251,157,157,157,6653,157,157,157,157,157,6668,157,6656,157,157,157,283,157
157,-7564,157,1251,157,427,157,1251,157,-7564,157,427,1137,283,157,427,157,6653,283,-2907,157,157,157,6653,157,-7564,283,6653,1137
157,157,6653,157,-2172,157,-7564,157,-2172,157,6653,157,157,157,427,157,-7564,157,-2172,157,427,157,6653,157,-2172,283,157
157,157,157,1137,157,157,1137,157,157,157,157,157,157,157,283,157,1137,157,157,6653,1137,1137,1137,157,157,157,157,6653
157,283,157,-2907,157,157,157,283,157,-7564,1137,-2907,157,1251,157,6653,1137,283,157,1251,157,6653,1137,-2172,157
1251,157,-2172,157,283,157,427,157,-2172,157,427,157,1251,1137,-7564,157,283,157,427,157,-7564,157,-2172
157,157,157,157,157,157,157,157,157,157,157,157,-2907,283,6653,1137,427,157,6653,-2907,1137,157
-2907,157,6653,157,-2907,157,1251,157,427,157,6653,157,283,-2172,157,1251,157,157,157,6653,157
427,157,-7564,283,157,157,427,1137,6653,157,157,157,283,157,283,157,283,157,-2172,157,157,157,6665

3
3
3
3
3
3
3
3
3
3
3
3
3
3
3
3
3
3
3
3
3
3
3
3
0
0
0
0
0
0
0
0
0
0
0
0
0
0
0
0
0
0
0
0
0
0
0
0
0
0
0
0
0
0
0
0
0
0
0
0
0
0
0
0
0
0
0
0
0
0
0
0
0
0
