157,157,283,1137,157,157,-2172,157,283,1137,157,157,427,1137,157,283,427,157,-2172,283,6653,157,283,157,283,157,157,157,6653,157
157,283,157,-2907,157,6653,157,-2172,157,157,157,427,157,-7564,283,1251,-2907,283,1251,157,157,1137,427,1137,283,157,157
157,427,1137,-2907,157,-7564,157,-7564,157,-7564,157,-2172,157,1251,157,-2172,157,-2907,157,157,157,283,157,283,157,283,157,-2907,157,-2172
283,157,283,157,283,157,283,157,157,157,1251,157,-2172,157,427,1137,-2907,157,-2172,157,-7564,157,-2172,157,-2172,157,6653,157,1251,283,283,283
157,1137,157,283,157,1137,157,157,157,157,157,157,157,157,1137,1137,157,157,157,1137,157,157,157,157,1137
-2172,157,-2907,157,-7564,157,-2172,157,6653,283,-2907,157,157,157,157,157,6761,157,6655,157,6761,157,157,157,157,157,157,1137,157
157,427,157,6653,157,427,157,-2907,157,6653,1137,1251,157,157,157,157,157,157,157,6677,157,6664,157,157,157,157,157,283,283
157,157,157,283,-7564,157,157,157,1251,157,6653,283,6653,157,6653,157,157,157,157,157,157,1137,157,157,157,157,283
6673,157,157,157,157,1137,157,157,157,157,157,157,1137,157,283,157,283,157,157,283,157,157,157,157,283,-2172,1137,-2907,1137,157,157,283,157,283
157,283,157,283,157,-2172,157,283,283,-2172,1137,427,157,157,157,427,157,-2172,157,-7564,283,157,157,6675,157,157,157
1137,-2172,157,157,157,283,157,283,157,427,157,-7564,157,427,157,-7564,157,283,157,283,157,-2907,157,6653,157,-2172,157,-7564,157
6653,157,283,157,427,157,427,1137,157,157,-2172,157,-2907,157,-2172,157,-2907,157,427,157,427,157,157
157,-2172,157,1251,157,157,157,1251,1137,-2907,157,157,283,283,157,283,283,1251,1137,1251,157,6653,157
157,157,157,157,157,1137,157,283,1137,283,157,1251,283,283,157,427,157,427
-7564,157,427,157,-7564,157,283,157,-2172,1137,-2907,157,6653,157,-2172,283,6653
157,1137,1137,283,157,157,-2172,157,283,157,6653,1137,1137,1137,157
157,157,-2907,157,157,157,157,157,-2172,157,-2172,157,427,157,-2172,157
1137,283,157,157,1137,283,157,157,157,157,283,157,283,157,283,157,283,157
157,283,157,157,157,157,1137,1137,157,283,1137,157,157,157,157,157,157,1137
-2907,157,6653,157,-7564,157,-2907,157,6653,1137,283,157,283,157,283,157,283,157,-2172,157,283
157,157,427,157,283,157,427,157,427,157,283,157,157,6653,157,283
283,283,157,1251,157,427,1137,6653,157,1251,157,427,157,1251,1137,283,157,-7564,157,-2907,157,-2172,283,6653
1137,427,157,1251,283,157,157,-2172,1137,-2172,157,157,157,427,157,-2907,157,-2907,1137,283,157,427,157
427,157,-2172,1137,-2172,157,-2172,157,427,157,-7564,157,6653,157,157,157,157,157,-2172,157,6653,157,1251,283
283,6761,1137,1137,157,157,157,427,157,283,157,157,157,157,1137,1137,157,157,157,157,157,157,157,157,157,283,283,157,283,157,157
157,427,157,-2172,157,157,157,1138,283,6761,157,1137,157,1137,157,6761,283,157,283,157,157,157
283,427,157,-2907,157,283,157,-2907,157,6653,157,283,157,157,283,157,1137,6666,157,157,157
157,157,157,157,-2907,157,427,157,6653,283,-2907,157,157,157,-2907,157,-7564,283,6653,157,427,157,1251,157,6653
157,6672,157,6659,157,6676,157,157,157,157,157,1137,283,157,157,157,157,157,283,157
157,157,157,1137,157,157,283,157,157,157,157,157,157,157,157,157,157,1137,283,283,1137,157,157,157,1137,157,157,157
157,283,157,-2907,157,6653,157,-2172,157,-7564,157,157,157,283,157,157,157,283,157,1137,34,6669,1137,6653,283,283,283,157
157,-7564,157,157,157,-2172,157,-2907,157,-2172,157,6653,157,157,157,-2172,157,-7564,157,-2172,283,6653,157,157,157,283,157,1137,157
6653,157,427,157,-7564,157,427,157,-7564,157,283,157,283,157,-2907,1137,-2172,283,-2907,283,283,157,-2172,283,6653,157,-2172,157
157,157,157,157,157,-7564,157,1251,157,427,157,-2907,157,157,157,1251,157,157,157,-2907,1137,157,157,283,157,283,157,-2172
157,157,1137,157,157,157,157,157,157,283,157,1137,157,283,157,157,-2907,157,-2172
1137,283,157,-2172,157,157,157,-2907,157,6653,283,-2907,157,1251,283,6653,157,-2907,1137,1251,1137,6653,157,157,283,427,157,427,157,-2907,157,1251
157,157,157,157,157,157,157,283,1137,157,283,157,157,157,157,157,157,157,157,157,283,1137,283,283,157,427,157,-2907,157,-2172,157,-7564,157,-2172,157
-2907,157,6653,157,-2172,157,-2172,157,427,157,1251,157,-7564,157,-2172,283,-2907,157,427,157,-2907,157,283,157,-2172,157,1251,157,6653,157
283,157,-2907,157,6653,-2172,157,-7564,157,157,157,283,283,283,6761,157,157,157,283,157,157,157,157,157,1137
157,-2172,157,-7564,157,-2907,157,427,1137,-2907,157,157,157,427,157,-2172,157,427,157,157,283,6761,157,1137,1137,-2907,283,6653,157,157
-2907,157,283,157,-2172,157,-2907,157,427,157,1251,157,283,1137,6653,283,6653,157,-2172,157,427,157,427,1137,283
157,157,157,157,157,1137,157,157,-7564,157,157,157,427,157,157,1137,-7564,157,283,157,427,157,-2907,157,-2172,157,1251,1137,427,157
157,157,-2172,157,-7564,157,427,157,-2172,157,6653,1137,6653,157,157,157,283,157,-2172,157,1251,1137,283,157,-2172,283,6653,157
157,157,157,-2172,157,-7564,157,157,157,-2907,157,157,283,-2907,157,-2172,157,283,157,157,157,157,157,157,157,157
-7564,157,157,157,157,157,157,6672,157,427,157,157,283,6664,157,283,157,6668,157,6655,1137
-2907,1137,-2172,157,-7564,157,-7564,157,283,157,427,157,-2172,157,6653,1137,6653,157,1251,157,427
157,157,157,6663,157,157,157,157,157,157,157,1137,1137,157,157,157,1137,157,157,157,157,157,157,1137,157
283,157,283,157,283,157,157,157,157,157,157,157,157,283,157,1137,157,157,157,157,283,157,157,1137,157,157,283,157,283,157,283
6761,283,6653,157,6761,157,427,157,157,157,157,157,157,283,157,157,157,157,157
1137,6653,157,-7564,283,283,157,-2907,157,-2172,157,427,1137,-2172,1137,157,283,1251,157,-7564,157
157,157,157,157,157,157,157,157,283,1137,283,283,157,427,157,-2907,157,-2172,157,-7564,157,-2172,157,-2172,157
157,427,157,-2907,157,283,157,-2172,157,1251,157,6653,157,-7564,157,1251,283,1251,157,1251,283,1251
283,157,157,157,157,1137,157,157,157,1137,157,283,283,157,427,157,283,157,283,157
283,157,-2172,157,6653,157,-2172,1137,-7564,157,-2907,157,-2907,157,-2172,283,157,157,427,157
157,157,157,157,157,157,1137,157,157,157,157,1137,1137,1137,157,157,157,157
6653,157,6653,157,283,1137,6761,1137,1137,157,157,157,157,157,157,1137
283,157,283,157,283,157,1138,1137,427,1137,6653,157,157,157,283,157,283,157
-2907,157,-2172,157,6653,157,283,157,427,157,6653,157,-2172,157,283,157,-7564
157,1137,157,157,1137,157,157,157,157,157,157,157,1137,157,283,157,157,6653,157,-2172
427,157,-2172,157,283,157,-2172,157,427,157,-2172,157,427,157,427,157,427,1137,-2907,157
157,427,157,427,1137,157,157,-2172,157,-2907,157,-2172,157,-2907,157,427,157
-2907,157,-7564,157,-7564,157,-2172,157,-2172,157,1251,157,157,157,1251,1137,-2907,157,157,283,283,157
283,157,157,157,1137,157,157,157,157,157,157,1137,157,283,1137,283
-2172,283,-7564,157,283,157,-2172,157,-2172,157,6653,157,1251,157,-7564,157,427,157
157,157,1259,157,157,157,157,157,1137,157,283,157,1137,157,157,157,157,283,157,1137,283
-2907,157,6653,157,-2907,157,1251,157,427,157,6653,157,427,157,-2907,157,6657,157,157,157,1137,283,157
-2172,157,6653,1137,6653,157,-2172,157,6653,1137,427,157,1251,283,283,157,427,157,-7564,157,-7564
1251,1137,157,157,283,157,-2172,157,-2172,157,427,157,-7564,157,283,157,-2172,157,427,157,-7564
-2172,283,157,157,157,157,1137,157,157,157,157,157,157,157,1137,157,157,157,157,157,157
427,157,1251,157,427,283,283,157,-2172,157,6653,283,283,157,-2907,1137,427,157,-7564
6761,157,1137,157,157,157,157,157,157,157,157,1137,157,157,157,157,157,283,283
-2907,1137,283,157,6653,157,157,157,6653,157,157,157,157,-88,157,157,1137,157,157,157,157,157,157,157
1137,157,157,283,157,283,157,-2172,157,6653,157,1251,157,-2907,157,-2172,157,427,157
157,6653,157,-2907,1137,157,157,283,157,157,157,6653,157,-2907,157,6674,157,1137,157,157,157,157,157,157
283,283,157,283,157,157,157,6656,157,157,157,157,157,157,1137,157,157,157,157,157
157,6653,157,157,157,157,6653,157,-7564,157,6653,157,-2172,1137,1251,1137,157,1137,157,157,-2907,157
157,157,157,157,283,1137,157,157,157,1137,1137,283,157,157,283,157,157,157,1137,283,157,157,1137
6663,157,157,157,157,1137,6683,1137,-2172,157,157,157,6675,157,427,157,157,-88,157,157,1137,157,157,157,157
-7564,157,157,157,427,157,283,157,-2907,157,6653,157,-2172,283,6653,157,-2172,157,1251,157,1251,1137,427,157,-7564
-2172,283,-2172,157,427,157,-2907,157,157,157,-2172,157,-2907,157,6761,157,157,157,6678,157,6665,157,157
157,157,157,157,1137,157,1137,157,1137,157,1137,157,157,157,283,157,427,157,-7564,157
157,-7564,283,1251,157,-2907,157,-7564,157,157,283,157,157,6664,157,157,157,157,157,157,157,157,157,157,157,157
6653,157,-7564,157,-2907,157,-2172,157,427,157,6653,157,-2907,157,1251,283,1251,1137,-2172
-2172,283,283,157,283,157,157,157,157,6656,157,1137,157,283,157
157,6653,157,6657,157,6654,157,157,157,157,157,157,1137,157,157,157,157
6653,157,-2172,157,-2907,157,427,157,-7564,157,427,427,157,1251,1137,157,157
157,283,157,-2907,1137,-2172,157,-2907,157,-2172,283,283,157,-2172,1137,-2907,157
157,-2172,157,-7564,283,1251,1137,283,157,6653,283,283,157,427,157,157,157
157,1137,1137,1137,157,157,157,157,6653,157,157,427,157,6653,157,-2172,157
-2172,1137,-2907,157,6653,157,-2172,157,6653,157,-2172,157,-2907,157,427,157,-7564,157,1251
1137,157,157,157,157,157,1137,157,1137,157,283,6653,1137,157,157,6653,1137,157,157,283,157,157
283,157,1137,157,283,157,1251,157,157,157,-2907,157,283,157,-2172,157,157,157,1251,157
6653,1137,6653,157,-2172,157,427,283,283,157,283,283,157,157,6680,157,6667,157,1137,1137,6671,283,6761,157,283
427,157,-7564,157,-2172,157,157,283,-2172,157,427,157,-2907,157,427,157,-2907
157,1137,1137,157,157,157,1251,283,283,157,-2172,157,6653,283,-2172,157,-2907,157,157,283
157,157,157,157,157,157,157,157,1251,157,157,157,157,157,-7564,157,427,427,157,-2172,283,6653
157,157,283,157,157,157,157,1137,157,157,157,157,157,157,157,283,157,283,157,427,157,427,157
157,157,-2172,1137,427,157,-2907,157,-2172,157,-7564,283,1251,157,427,157,157,157
157,157,157,283,157,157,157,157,157,1137,157,283,157,157,1137,283,283,157,283,427
283,157,157,157,157,157,283,157,157,-2172,157,1251,283,283,157,-2907,157,-7564,157,-2172,157,427,1137
-2907,1137,427,157,-7564,157,427,157,-7564,157,283,157,-2172,157,6653,283,283,157,-2907
157,157,157,157,157,427,157,-2172,157,1251,157,157,157,283,157,157,157,1137,157,157,157,157,157,157,157,157,157,283,283,1137,157,157,157,157,1137,157,157
283,283,283,-2172,1137,427,157,-7564,157,283,157,-2172,157,-2172,157,-2907,157,157,157,157,157,283,157
157,1137,157,157,157,157,157,1137,157,157,157,283,1137,157,283,157,157,427
157,157,283,1137,157,157,157,157,157,1137,1137,1137,157,157,157,157,283,157,283,157
157,283,157,157,157,283,157,1137,34,6655,157,6761,157,283,157
157,-2172,157,283,157,-2172,157,-2172,157,-2907,157,157,157,6653,1137,-2907,157,-7564,283,157,283,157,157
157,157,1251,157,-2172,157,283,157,427,157,427,157,283,157,283,283,1251,1137,1251,157,427,157,157,157,-2172
157,-2172,157,157,157,6761,1137,6761,1137,-2907,157,157,157,6761,1137,6664,283,427,157,157,157,157,157,157,157,157,157,283,1137,157,1137
157,283,157,-2907,157,-2172,157,6653,1137,427,157,427,1137,283,157,283,157,283,157,283,157
157,427,1137,157,157,157,1137,1137,157,157,157,157,1137,157,157,1137,1137,157,157,157,1137,157,157,157,283
1137,157,-2172,157,-2172,157,1137,157,157,157,427,157,-2172,157,-7564,157,427,157
6653,157,6654,283,6655,157,6673,157,157,157,157,157,157
157,6653,157,283,157,157,157,157,283,6761,1137,157,1137,157,157,1137,1137,157,157
1251,283,6653,157,-2907,1137,1251,1137,6653,157,157,157,-2172,157,6653,157,427,157
157,1251,283,-2907,157,-2172,157,-7564,157,-2172,157,-2172,157,1251,157,1251,1137,1251,157
1137,283,157,157,157,1137,157,157,1137,1137,157,157,157,157,157,157,157,157,157,157,283,157
-2907,157,-7564,157,-2907,1137,157,157,283,157,157,157,-2172,157,427,157,-2172,157,-2172
1137,1137,157,157,157,157,157,157,157,157,157,1137,157,157,157,157,1137,157,157
6653,1137,-2907,1137,1137,283,157,157,-2907,1137,157,1137,283,283,427,157,-7564,157,427,157,-7564,157,-2172,157,157
157,157,1251,157,1251,157,157,157,6653,157,-2907,1137,6653,157,427,157,283,1137,-2907,157,-2907,157,-2172
157,157,157,157,157,157,283,157,1137,157,157,283,157,1137,157,157,157,157,157,283
157,283,157,157,157,157,283,6761,157,6667,157,1137,157,6672,157,157,157,157,157,157,1137,157,283
6653,157,-2907,1137,157,157,283,157,427,157,283,157,283,157,283,157
157,157,157,157,283,157,157,-2907,157,157,157,-2907,157,6653,157,6653,157,-2907,157
157,-2172,157,6653,157,1251,157,-7564,157,-2907,157,-7564,157,6653,157,283,157,157,157,1251,157,-2907,157
157,157,157,427,157,-7564,283,1251,157,-2907,157,-7564,157,157,157,427,157,283
157,-2172,157,-2907,157,1251,283,6653,157,157,1137,6653,157,157,157,157,157
283,-2907,157,-2907,157,283,157,157,157,1137,157,6679,157,157,283,157,1137,283,157,157
-2172,157,157,283,283,157,1251,157,-7564,157,283,157,283,157,-2907,157,6653,157,427,157,157
157,1137,1137,1137,157,283,157,157,157,157,157,157,-2172,157,427,157,6653,157
-2172,157,427,157,1251,157,427,1137,283,157,427,157,-2907,157,-2172,157,157,427,157,1251
283,6653,157,427,157,-2907,157,157,-2907,157,6653,157,427,157,-2907,157,-2172,157,427,157,157,157
1137,157,157,283,-2172,157,427,157,-7564,157,283,157,283,157,-2907,157,6653,157,157,283,427,1137,283,157,157
157,157,1137,157,283,157,157,283,157,157,157,157,283,157,283,157,283,157,283,157,427,157,427
157,157,157,157,157,157,-2172,157,-7564,157,-2907,157,-2172,157,427,157,6653,1137,283,157,283
157,1251,1137,427,157,-7564,157,283,157,-2172,157,-2907,157,157,157,-2907,157,6653,157
6761,157,157,157,6668,283,283,157,157,157,283,157,157,283,157,157,157,157,157
157,283,157,157,157,157,157,157,157,283,157,157,157,157,157,157,283,157,157,157,157,157,157,1137
283,-7564,157,427,1137,427,157,-7564,157,283,157,-2172,157,-2172,157,283,157,283,157,157
-2172,157,427,157,427,1137,-2907,157,-2172,157,6653,157,1251,157,-7564,157,-2907,157,1251
1137,157,157,157,157,157,1137,157,157,157,157,157,1137,283,157,157,157,1137
6653,157,-2172,157,1251,157,-2172,157,157,157,-2172,157,-7564,157,6653,157,6674,157
1137,1137,157,157,157,283,157,157,157,-2172,283,6653,157,-2907,157,157,157,-2907,157,1251,157
283,157,427,157,-2172,157,427,157,1251,1137,-7564,157,283,157,427,157,-7564,157
1137,157,157,157,157,-2172,157,157,157,283,157,283,157,157,157,-2907,157,157,157,-2907,157,157,157
157,157,1137,157,157,157,157,157,1137,157,157,157,-2172,283,6653,157,-2907,157,6653
6653,157,-2907,157,1251,283,1251,1137,-2172,283,-7564,157,427,1137,283,157,-2172,157,427,157,6653
157,-7564,157,-2172,157,-2907,157,6653,1137,283,157,-7564,157,427,157,6653,1137,-2907
427,157,157,-2172,157,-2907,157,427,157,-7564,157,427,157,427,157,1251,1137,157,157
427,157,6653,157,157,157,1251,157,6653,283,6653,157,6653,157,157,157,157,157,157,283,157,157,283,157,1137,1137,157,157,1137
157,157,157,157,157,283,157,283,283,157,283,283,157,157,157,1137,157,157,1251,283,1251,157,6653,283
157,157,157,157,157,157,157,157,1251,157,157,157,-2907,157,427,157,6653,157,-2172,157,427,1137,157,157,427,157,6653,283,1251
-2172,157,-2172,157,6653,157,-2172,283,-2907,1137,157,157,283,157,283,157,-2172,157,-2907,157,-2172,157,427,1137,157,157,-2907
157,157,157,1137,157,157,157,157,283,283,157,157,283,157,283,157,157,157,157,157
283,157,-2172,283,-2907,157,6761,157,157,157,283,157,157,157,157,283,157,157,157,157
157,157,-2172,157,427,157,-2172,157,157,157,427,157,-2907,157,283,157,283,157,283
6899,283,157,283,157,1137,157,157,157,157,427,157,-2907,157,283,157,-2907,157,6653,157,-2172,157
157,157,-7564,157,427,157,427,157,-7564,157,427,157,-2907,157,427,157,6653,157,427,157,-7564,157
283,-2907,157,-2172,157,427,157,-7564,283,1251,1137,-2907,157,-2172,157,1251,157,157,157,-2172,157,283,157,283
-2172,157,-2172,157,427,157,427,157,157,157,1251,157,-2172,157,-2172,157,6653,1137,427,157,427
283,157,157,157,157,283,6761,157,6661,157,283,157,157,1137,157,157,1137,157,157,157,157,157,283,157,283,157,157
-2907,157,-2172,157,427,157,-2172,1137,283,157,283,157,-2172,157,-7564,157,-2907,1137,1251,1137,6653,157,157,157,-2172
157,157,157,157,157,157,283,1137,1137,157,157,157,283,157,1137,283,283,157,283,-7564,157,1137,157,1137,157,1251
283,157,-2172,157,6653,283,-2172,157,-2907,157,6653,157,157,157,6654,157,-7564,157,157,283,157,157
283,157,157,157,1251,157,-2172,157,283,157,427,157,427,1137,283,157,283,157,283,157,-2907,157,6653,157
157,157,1137,-2907,157,157,157,-2907,157,-7564,157,283,157,427,157,-7564,157,-2172,157,1251,157,427,157,157,283,157,427,157,-2172,157
157,157,283,427,157,427,157,-2907,157,1251,157,1251,157,283,157,-7564,157,-2172,157,-2907,157,1251,157,-2172,157,-2907,157,6761,157
6899,-210,157,283,1137,157,157,157,283,1137,157,1137,157,283,1137,157,157,157,157,157,157,157,157,157,157,-2172,283,-2907,157,427,157,6653
157,157,157,283,157,283,1137,157,1137,157,283,157,1137,1137,157,1137,1137,157,157,157,157,1137,157,157,157,157,157,157,283,-2172,157,1251,157,157,157
283,157,157,157,1137,157,157,1137,157,157,283,1137,157,157,157,157,157,157,283,157,157,1137,157,157,157,157,283,157,283,157,157,283,-2907
-2907,157,-2172,157,1251,157,-2172,157,-2907,157,-2172,157,427,157,-2172,1137,283,157,-7564,157,6653,157,-2172,283,-2907
427,1137,6653,157,283,-2907,157,6761,157,157,1137,157,157,157,157,157,1137,157,157,283,-7564,157,427
157,-2172,157,-2907,157,1251,157,6653,157,283,157,157,157,427,157,283,157,157,1137,1137,157,157,157,157,283,157
157,157,157,1137,6761,283,157,157,1137,157,283,157,157,157,157,157,157,1137,157,283,157,283,157,1137,157,157,157,-7564
1137,-2907,157,1251,157,-2907,157,157,157,283,157,283,157,283,157,427,157,427,1137,157,157,-2172,157,-2907
427,157,1251,283,6653,1137,-2907,157,-7564,157,-7564,157,-7564,157,-2172,157,1251,1137,1251,1137,283,157,427,157
157,-7564,157,157,1137,283,157,157,157,-2907,157,157,157,1251,1137,283,157,427,157,-2907,1137,1137,157,157,157,157
157,157,1137,157,157,157,157,157,157,157,283,157,157,157,1137,1137,157,157,157,157,1137,157,157,-2172,157,-2907,157,-2172,157,-2172,157,-2172,157,-2172,157,-7564,157,-2907,157,-2172,157
-7564,157,1251,157,427,157,283,157,283,157,283,157,1138,1137,427,1137,1251,1137,283,157,-2172,157
157,-2907,157,-2172,157,-2907,157,427,157,427,157,157,157,427,283,-2907,1137,157,157,283,157,283,157,283,157
157,427,157,-2172,157,-7564,283,1251,1137,283,157,6653,283,283,157,427,157,157,157,6761,157,283,157,283,283,1137
157,283,157,157,157,1137,1137,1137,157,157,157,157,6653,157,1251,157,427,157,6653,157,-2172
1137,283,157,427,283,-7564,283,-2172,1137,-2907,157,6653,157,-2172,157,6653,157,-2172,157,-2907,157,427,157,-7564,157,1251,157,-7564,157,157,157,427,157,6674,157
157,157,1137,157,157,157,283,157,157,157,157,157,157,157,283,157,157,157,-2907,157,-2172,157,1251
157,1137,157,157,-2907,157,6653,157,283,157,283,157,157,157,-2172,283,-7564,157,427,157,-7564,157,427,1137
157,1137,157,157,157,157,157,1137,157,157,157,157,157,283,157,157,157,157,1137,157,157,1137,1137,157,157,157,157,283,157,157
427,157,-2172,157,-2172,1137,157,157,1251,157,-2172,157,-7564,157,157,157,-2907,157,157,283,-2172,157,-2172,157,283,157,427,157,-7564,157,-2172,157,-2907,157,1251,157,283,157,-2907
157,157,157,157,157,157,157,157,157,157,157,157,-2907,283,6653,1137,427,157,6653,1137,-2907,1137,157,1137,157,283,6653,157,-2172,157,427,157,6653,157,-2172,283,-2172,157,-2907
157,157,157,283,157,157,157,157,1137,157,157,157,157,1137,157,157,1137,1137,157,283,1137,157,157,-2907,157,157,283,-2907,157,-2907,157,1137,157
283,283,157,1251,1137,-2172,283,6653,157,427,157,283,157,157,157,6761,157,283,1137,1137,157,157,157,157,157,157,157,157,157,1137,157,157,157,157,157
157,157,1137,157,427,1137,157,-2907,157,-7564,157,1251,157,1251,283,427,157,-2172,157,427,157,157,157,6653
157,157,157,283,283,157,157,157,157,157,157,157,1251,157,427,157,-2907,157,1137,157,157,157,1251,283,-7564,157,283,157
157,427,157,427,157,-2172,1137,283,157,283,157,283,157,1251,157,157,1137,1138,283,1137,157,283,157,157,157,157,283,1137,157,157,157,283,157,157,157,157,157
283,283,157,-2172,157,6653,283,-2172,157,-2907,157,157,283,6761,157,6661,157,157,1137,157,1137,6761,157,157,157,1137,157,157,157,283,157,283,157,157
157,157,157,1137,-2172,157,427,157,427,157,157,157,157,157,283,157,283,157,283,157,283,157,-2907,157,283,157,1137,157,-2172,157
157,157,157,157,157,283,283,283,157,157,157,157,157,157,157,157,157,157,6653,1137,1137,157,1251,283,427,157,283,157,-2172,157
157,1137,157,-2172,157,157,157,283,157,283,-2172,157,-7564,157,427,1137,157,157,283,157,283,157,427,157,-2172,157,427,157,-2907,157,-2172,157
6653,157,6653,1137,-2172,157,-2172,157,-7564,157,427,1137,-2172,157,-2907,283,283,157,427,157,427,157,-2907,157,-2907,157,6653,157,-2172,157,6653,157,6653,283,157,1137,6664,157
157,157,157,1251,157,1251,283,157,157,-2172,157,-2907,157,157,1137,157,157,6654,157,-7564,157,157,157,427,1137,157,157,157,1137,1137
157,-2172,1137,-2907,1137,157,1137,283,157,-2172,157,-2907,157,6653,283,-7564,157,157,157,1251,157,157,157,6761,157,157,157,1137,157,157,157,1137,157,157,1137,157,157,283,157,157,157,283,157,157,283,157,1137,157,157,283,157,157,157,157,-7564,157
157,283,157,157,6653,157,427,157,1251,157,-2172,157,-2172,283,6653,157,-2172,157,157,1137,157,157,6654,157,6654,157,157,283,427,157,157,157,1137,157,6761
6761,157,157,157,157,157,157,1137,157,157,157,283,157,157,157,157,157,157,1137,157,157,157,157
283,157,283,157,157,157,157,1137,157,157,157,1137,283,157,1137,157,157,157,283,157,1137,157
6653,157,-7564,157,6653,157,-7564,157,157,1137,427,157,-2907,157,427,157,-2907,157,-2172,157,1251
283,157,-2172,157,157,1251,157,-2172,157,157,283,157,157,157,157,157,157,283,157,157,157
1137,-2172,283,-2907,157,283,157,-2172,-2907,157,157,157,283,157,157,283,157,157,157,157
-2907,1137,157,157,6655,157,6654,1137,-2907,1137,6653,157,1138,157,6654,157,157,1137,427,157
157,427,157,-2172,157,157,157,427,157,-2907,157,283,157,283,157,283,157,-2172,157,283,157
1137,6653,157,157,283,427,157,427,157,-2907,157,1251,157,1251,157,283,157,-7564,157,-2172,157,-2907,157,1251
157,283,157,-2907,157,157,157,427,157,-7564,157,-2172,283,6653,157,-2172,157,6653
157,157,157,157,157,427,157,157,157,157,157,157,157,157,283,1137,283,157,1137
283,157,-2172,157,6653,283,-2172,157,-2907,157,157,157,157,157,157,157,157,157
1137,6761,1137,6675,157,427,157,157,283,157,157,1137,157,157,-88,283,157,1137,157,157
427,157,1251,157,427,157,1251,157,283,157,-2172,157,-2907,157,157,157,-2907,157
-2907,1137,157,157,6653,157,-2907,-7564,283,283,1137,283,157,1251,157,157,157,157,283,157
157,157,157,283,157,157,157,283,157,157,157,157,157,1137,157,157,157,157,157,157,-2907,157,-2172,157,6653,157,-7564,157,427,157,-2172,157,-2172,157,-7564,157,-2907,157,-2907,157,427,157,157,157,6761,283,1137,157,157,157,157,157,283,157,157,283,157,283,157,283,157,1137,157,157,157,-7564,157,157,157,427
157,157,157,283,1137,1137,1137,157,283,157,157,157,157,283,157,1137,157,1137
157,-2907,283,6653,157,1138,283,6654,157,157,1137,157,157,6653,1137,283
157,157,157,157,157,283,157,157,-2907,157,-2172,157,427,157,-2907,157,-2172,157,427,1137
283,283,157,427,157,-2907,157,6653,157,283,157,157,157,-2172,283,157,1137,283,157,1251,157,-2907,157,-2172,157
1137,157,1137,157,157,157,157,157,157,283,157,427,157,-2172,157,-2907,157,6653,157,-2172,1137,157,157,283,157,157,157,157,157,283,157,157,157,157,157
427,157,427,157,-7564,157,157,157,157,157,6683,157,6761,1137,157,1137,6653,157,157,157,157,283,157,157
1251,157,-7564,157,427,157,-7564,157,283,157,283,157,-2907,157,6653,157,-7564,157,-2907,157,-7564,157,283,1137,-2172,157
-2907,157,283,1137,6653,283,-2907,157,-2172,157,1251,283,157,283,6761,283,157,157,1137,283,157,157,157,157,1137,1137,157,157
157,427,157,427,157,1251,1137,157,157,-7564,157,427,157,427,157,-7564,157,427,157,-2907,157,427,157,6653,157,427,157,-7564,157
157,157,157,157,157,157,157,283,157,-2907,157,6653,157,283,157,283,157,157,157,-2172
1137,157,157,157,157,157,283,157,157,157,157,1137,157,157,1137,1137,157,157,157,157,283
157,-7564,157,157,157,-2907,157,157,283,-2172,157,-2172,157,283,157,427,157,-7564,157,-2172,157,-2907,157,1251,157,283
157,157,157,157,157,157,-2907,283,6653,1137,427,157,6653,1137,-2907,1137,157,1137,157,283,6653,157,-2172,157,427,157,6653,157,-2172,283,-2172
157,1137,157,157,1137,1137,157,283,1137,157,157,-2907,157,157,283,-2907,157,-2907,157,1137,157,157,157,-7564,157,-7564
427,157,283,157,157,157,6761,157,283,1137,1137,157,157,157,157,157,157,157,157,157,1137,157,157,157,157,157,157,1137
427,157,-2172,157,427,157,157,157,6653,157,157,283,1138,283,157,157,157,157,157,157,157,157,157
1137,1137,157,157,157,1137,157,157,157,157,1137,157,157,157,157,427,283,6653,157,157,157
157,-2907,1137,283,157,6653,157,6653,157,157,1137,283,157,157,157,283,157,283,157,1138
157,-2172,157,-2172,283,6653,157,427,157,1251,157,-2172,157,157,283,157,157,157,1137,157,157,157,157,157,157,157,283,157,157,157
157,1251,283,283,157,427,157,157,6653,157,283,157,157,157,-2172
157,157,283,283,283,157,1137,157,157,1137,157,157,157,157,157,157,157,157,157,283,427,157,-2907,157,1251
1137,-2907,157,6653,157,-2172,157,1251,1137,283,157,427,157,-2907,157,-2172,157,-7564,157,-7564
1137,157,157,-2172,157,6653,157,-2172,283,-2907,1137,157,157,283,157,283,157,-2172,157,-2172,157,283,157,-2907,157,157,157
157,157,157,157,1137,157,157,157,157,157,157,283,157,283,157,283,157,283,157,283,157,-2907,157,283,1137,6653,283
157,157,1137,1137,157,157,1137,157,157,157,1137,157,157,1137,283,157,157,157,157,157,157,283,157,283,157,283
157,157,-7564,157,157,157,283,157,283,157,283,157,6653,157,427,157,427,157,-7564,157,157,157,283,157,283,157,157,157
283,157,1251,283,283,157,427,157,427,283,6653,157,1251,157,-2172,1137,283,157,157,157
157,427,157,-2172,157,427,157,-2172,157,157,283,-7564,157,283,157,427,157,283,157
-2907,157,6653,157,-2172,157,427,157,1251,157,6653,157,-2907,1137,157,157,1251,157,427,283,1251,157,-2172
6653,157,427,157,-7564,157,427,157,-7564,157,283,157,-2172,157,-7564,157,427,1137,-2172,157,-2907,157,-2172,283,-2907,157,-2172
1137,157,157,157,157,1137,283,157,157,157,157,-2907,157,-2907,157,-2172,157,157,157,427,157,6653,283,1251,1137,-2907
157,427,157,-2907,157,157,157,6653,1137,6653,157,-2172,157,427,283,283,157,283,283,157,157,6679,1137,6761,283,157
157,-2172,157,6653,157,-7564,157,283,1137,-2907,1137,157,157,283,157,-2172,157,427,1137,157,1137,283,157157,157,283,157,157,1137,157,157,157,283,1137,283,157,157,157,-7564,157,1251,283,6653
-88,6761,157,157,1137,157,157,157,157,157,157,157,157,283,1137,157,283,157,157,1137,157,283
157,157,157,157,157,157,157,283,283,157,-2172,1137,157,157,157
6653,157,-2907,1137,157,157,1251,157,427,283,1251
-2172,157,-2907,157,157,157,1251,157,1251,283,283,283,-2172,1137,427,157,-7564,157
283,157,1137,157,157,157,157,157,157,157,283,1137,1137,157,157,157,1137,283,6653,157,157
6653,157,6653,1137,-2172,157,157,-2172,283,-2907,157,-2907,157,157,427,157
283,157,-2907,157,-2907,1137,427,1137,-2172,157,427,157,283,157,-2907,157,6653,157,-2172,157,157,157,427,157,-7564,283,1251
157,6654,157,6661,157,1251,157,-2907,157,-2907,157,427,157,6654,1137,427,157,-2907,157,157,157,6761,157,283
157,157,6653,157,-2172,157,283,157,157,157,6653,157,157,157,283,157,283,157,157,157,157,6653
1137,1137,157,157,157,1137,157,157,157,157,157,157,427,157,-2172,157,427,157,6653,157,1251,157,157,1137,-2172,157,157
1137,1137,157,157,157,157,157,157,157,157,283,157,283,157,157,157,157,157,157,-2172,283,-2907,157
427,157,427,1137,283,157,283,157,283,157,-2907,157,6653,157,-2172,283,-7564,157,157,157,283,157,157
157,1137,-7564,157,283,157,427,157,-2907,157,-2172,157,1251,1137,427,157,157,1137,-2172,1137,157,157,283,157,427,157,157,283,6653,157,427,157
157,427,157,283,157,283,157,-2907,157,283,157,-2907,157,6653,157,427,157,157,157,1137,157,157,6684,1137,157,157,6658,157,283,157,283,157,283,1137,157,157
157,1251,157,427,157,-2172,157,157,427,157,-7564,157,427,157,-7564,157,157,157,6761,157,157,157,157,157
157,6653,157,1251,157,427,283,427,157,-7564,157,157,157,427,157,427,157,-2172,1137,283,157
427,283,157,157,157,283,157,1137,157,157,283,157,157,157,1137,157,157,157
-2907,157,6653,1137,427,157,6653,157,-2172,157,427,157,157,157,427,157,-2172,157,427,157,-2907,157,-2907,157,-2907
157,157,157,1137,157,157,157,283,157,157,1137,157,283,157,283,157,1137,157,157
283,157,-2172,157,6653,157,157,157,1251,1137,-2907,157,1251,157,-2907,157,157,157,283,1137,-2172,157,157
427,1137,283,157,427,157,-7564,157,-7564,157,-2172,157,6653,283,-2907,157,1251,283,6653,1137
157,1137,1137,1137,157,157,157,157,157,157,1137,283,283,1137,1137
157,-2907,157,427,157,6653,283,-2907,157,157,157,-2907,157,427,157
1251,157,6653,283,-7564,157,-2172,283,-2907,157,157,283,6761,157,6659,1137,427,157,157,157
157,157,1251,157,157,157,157,157,-7564,157,427,1137,427,157,-2172,283,6653
157,6669,157,6654,157,6761,157,1137,157,6761,157,157,157,157,157,157,157,157,1137,157,157,157,157
1137,157,157,157,157,157,1137,283,157,157,157,1137,157,157,1137,1137,1137
157,157,157,283,157,-2907,157,157,157,1137,157,6761,157,1137,-88,6761,157,6678,283,157
1137,283,157,157,-7564,157,427,157,1251,157,283,157,157,1137,283,157,427,1137,283,157
157,283,157,157,157,1251,1137,-2907,157,-2172,157,6653,157,-2172,157,6653,157,157,157,283,157,283,157,283,157,157,157
1137,1137,1137,1137,1137,157,157,157,1137,157,157,157,157,157,157,157,1137,157,157
157,157,157,427,157,-2172,157,1251,157,157,157,283,157,157,157,1137,157,157
157,157,157,1137,6653,157,283,157,-2907,157,6653,157,-7564,157,-2172,157,283,157
157,427,157,1137,157,157,1137,1137,157,157,157,157,157,157,1137,1137,157,157,157,283,283,157,157,157,1137
157,-2172,1137,157,157,283,157,-2172,157,-2172,157,6653,283,-7564,157,157,157,6653,157,157,157
157,157,157,-7564,283,1251,157,427,1137,283,157,157,1137,-7564,157,-2172,157,427
157,6665,157,6761,157,157,769,157,157,157,1137,1137,1137,157,157,157,283,157,157,157,157,157
427,1137,1137,157,157,157,283,157,283,157,-2172,157,157,157,283,157,-2907,157,-7564,157
1137,283,157,157,157,427,157,-2172,157,157,157,1138,283,6665,157,157,283,157
157,157,1137,157,157,157,157,157,157,-2172,157,427,157,6653,157,-2172,157
283,157,427,157,1251,157,427,157,1251,157,283,157,-2172,157,-2907,157,157,157,-2907
283,1137,1251,283,1251,157,6653,157,-2172,157,1251,157,-2172,1137,-2907,1137,157
157,283,157,-2172,157,283,157,283,157,283,157,157,157,6680,283,157,157
-2907,157,283,157,283,157,157,157,1251,157,1251,157,157,157,6653,157,-2907
157,157,157,157,157,157,283,157,157,157,157,157,157,1137,157,157,1137,157,157
157,-2907,157,-7564,157,1251,-7564,157,157,1137,157,157,-2172,157,157,-2172,157,-2172
157,157,157,157,157,157,157,157,157,157,283,157,157,157,-2172,157,427,157
-2172,157,1251,157,427,283,157,157,283,157,427,157,-2172,157,427,157,-2172,1137,283,157
157,-2172,157,427,157,1251,1137,-7564,157,283,157,427,157,-7564,157,-2172,157,-2907,157,1251,157,283
157,157,1137,283,283,157,283,157,157,1137,157,157,157,157,-2172,157,157,157,283
157,157,283,157,283,157,1137,157,157,157,157,157,157,157,283,157,157,6653,157
157,-2172,157,157,157,427,157,157,157,1138,283,6663,157,6654,157,157,283,157,157,157,1137,157,157,283,157,1137,157,157,157,283,157,157,157,157,157,157,157,1137,157,157,283,157,-2172,157,1251
1137,283,157,283,283,-2172,157,-2172,157,157,157,1251,1137,-2907,157,157,157,-2172,157,-2907,157,-2172,157,-2907,157,427
157,157,157,157,157,157,157,157,157,283,157,157,6653,157,-2907,157,-7564,157,-7564,157,427,157,1251,283,283,157,427,157,-2172,283,-2907,157,157,157,427,157,-7564,283,1251,157,-2907,157
-2172,157,-2172,283,1251,157,427,157,1251,157,283,157,-2907,157,6653,157,1251,157,6653,1137,-2172,157
157,6653,283,-7564,157,-2172,157,-2907,157,157,1137,283,157,427,157,157,157,6653,283,283
157,157,157,1137,157,157,157,157,1137,1137,157,157,157,157,157,1251,157,157,157
1137,157,283,157,157,157,157,157,157,1137,157,283,157,283,157,1137,157,157,157,-7564
1251,1137,-2907,157,1251,157,-2907,157,157,157,283,157,283,157,283,157,427,157,427,1137,157
157,-7564,157,-7564,157,-7564,157,-2172,157,1251,1137,1251,1137,283,157,427,157,283,157,283,157
1251,1137,283,157,427,157,-2907,1137,1137,157,157,157,157,157,157,157,427,157,-2172,157
157,157,157,157,157,157,157,-2172,157,-2907,283,283,157,-2172,157,6653,157,283,283,427
283,-2172,283,6653,157,-7564,157,427,157,-7564,157,-2172,1137,157,157,-2907,157,6653,157,-2172,157,-2172,157,427,157
-2907,157,1251,283,1251,1137,-2172,157,-2907,157,427,157,427,157,283,157,283,157,427,283
157,157,157,157,157,157,157,157,157,157,1137,157,157,157,1137,157,283,157,-2172,157
157,427,157,283,1137,-2907,157,-2907,157,-2172,157,283,157,6653,157,-7564,157
157,157,157,283,1137,1137,157,157,157,157,157,157,283,157,1137,157,157,283
157,-2172,157,157,157,1251,157,-2172,1137,6653,157,157,157,283,157,283,157,157,157,157,283
157,1137,1137,157,157,157,283,157,157,283,1251,157,427,157,157,157,283,157,-2172,1137,-2907
157,1251,157,6653,283,6653,157,6653,157,157,157,157,157,157,283,157,157,157,157,1137,1137,157,157
1137,-2907,1137,157,1137,157,283,6653,157,157,157,-2172,157,283,157,6653,157,-7564,157
-7564,427,157,-7564,157,-2172,157,6653,157,157,6653,157,-2172,283,6653,157,-2172,1251,157,1251,1137,427
427,157,157,157,157,157,6761,283,1137,157,157,157,1137,283,283,157,157,1137,283,283,157,157,283,157,157,1137,157
283,157,-2907,1137,-2172,283,-2907,157,-2172,283,-2907,157,427,157,157,157,-2172,283,6653,157,-2172,1137,-2907,157,-7564
157,427,157,-2907,157,283,157,-2907,157,157,283,157,283,1137,157,283,157,157,157,157
157,-2907,157,-7564,1137,-2907,157,157,157,1251,157,1251,283,157,157,-2172,157,-2907,157,157,1137
157,157,1137,1137,157,157,157,1137,157,157,157,283,157,157,283,157,1137,157,1137,157,1137,157
-2172,157,1137,157,157,157,427,157,-2172,157,-7564,157,427,157,157,283,-2172,157,157,1137,427
157,-2907,157,427,157,-2907,157,-2172,157,-7564,1137,427,157,-2172,157,-2172,157,427,157
283,157,283,157,283,157,-2172,157,6653,157,6653,157,-2907,283,283,157,283,157,283,157,283,157,283,157,157,157,157,1137,157,157,283,157,157,157,157,157,1137,157,157,157
-2907,1137,-2172,157,-2907,157,-2172,283,283,157,1137,-2907,157,-2172,157,6653,157,-7564,157,427,157,-2172,157,1251,1137,427,1137,-2907
157,6653,283,283,157,427,157,157,157,6761,157,283,157,283,283,1137,157,157,283
1137,157,157,157,157,6653,157,1251,157,427,157,6653,157,-2172,157,-2907,157,1251,1137,283,157,-2172,157
157,6653,157,-2172,157,6653,157,-2172,157,-2907,157,427,157,-7564,157,1251,157,-7564,157,157,157,427,157,6661,157,157
1137,157,283,157,157,157,6653,157,427,157,-7564,157,-2172,157,157,157,157,157,157,157,-2172,157,6653,157,-2172
157,157,1137,1137,157,157,157,157,283,157,157,427,283,283,157,-2172,157,427,157,427
6653,157,-2172,157,-2172,157,283,157,283,157,157,157,1251,1137,-2907,157,-2172,157,6653,157
6653,283,6653,157,157,283,157,157,157,157,1137,1137,1137,1137,1137,157,157,157,1137,157,157,157,157,157
157,157,157,157,157,157,157,157,283,1137,157,157,157,283,157,157,1251,157,-7564
-2172,157,427,1137,-2907,157,157,157,283,157,283,157,283,157,1138,283,6657,157,157,157,157,157,157,283
157,283,157,-7564,157,1251,157,6653,283,1251,1137,-2907,157,427,157,1137,157,-2172,157,-2172,157,1137,157
157,1251,157,157,157,283,157,283,157,-2907,157,157,1137,-2172,157,6653,157,-7564,157,6653,157,-7564,157
-2172,157,157,157,-2172,157,-7564,157,283,157,-2907,157,-2172,1137,-2172,1137,-2907,157,157,157,427
-2907,157,6653,1137,-2907,1137,1137,1137,157,157,427,157,-2907,157,283,157,283,157,-2172,157,-2172,157,-2172,157,427,157
157,-2907,1137,157,157,1251,157,427,157,6653,157,-2172,157,283,157,1251,157,1251,157,427,1137,283,157,427,157,-2172,157,-7564,157,-2172,1137
157,157,157,1137,157,157,157,157,1137,1137,157,157,157,157,283,157,157,157,427,1137,1137,157,1137,1137
157,157,1137,157,157,157,6653,157,1251,157,6653,1137,-2172,157,157,157,6653,157,-2907,157,283,157,-2172,1137,283,283,283,157,427
157,157,157,157,1137,157,157,1137,157,1137,157,157,1137,157,1137,157,157,-2907,157,1137,157,1137,157,-7564
-2907,157,6653,1137,427,157,6653,157,-2172,283,157,157,283,157,157,283,6653,157,427,1137,-2172,157
-2172,157,6653,1137,427,1137,157,157,427,157,-7564,157,6653,157,-2907,1137,157,1137,283,157,427
157,-2172,157,427,157,6653,157,-2172,157,-2172,157,-2907,1137,427,157,-2172,157,427,157
1137,283,157,1251,157,427,157,-2172,157,427,283,157,283,157,157,157,6653
157,157,157,157,157,157,157,157,157,157,157,157,1137,157,157,157,157
157,6653,157,-2172,157,6653,157,283,157,-2172,283,6653,157,157,157,157,157,6664,157
157,6761,157,427,157,157,157,157,283,1137,157,157,157,1137,157,283,157,157,157,157
157,157,157,-2907,157,-2172,157,-2172,157,157,157,6654,1137,427,157,157,157,1138,157,6761
157,157,157,157,1137,157,157,-2172,1137,157,157,6653,157,-2172,157,-2172,1137,427,157,157,157
283,157,-2172,1137,-2172,157,1251,157,157,157,-2172,157,6653,283,283,157,-2172,283,283
157,1138,157,6653,157,157,157,157,157,157,157,157,157,157,157,157,1137,157,283,157,157
157,427,157,427,157,1251,157,-7564,1137,-2907,157,-2907,157,-2907,1137,-2172,157,-2172,157,1251,283
157,157,6676,157,157,157,1137,157,157,1137,157,157,1137,157,157,157,157,1137,157
1251,157,6653,283,6653,157,6653,157,157,157,157,157,157,283,157,157,283
-7564,157,283,157,-2907,157,157,157,157,157,-2907,157,-2172,157,-2172,157,1251,283,-2907,157
157,1137,157,157,1251,283,1251,157,6653,283,-7564,157,-2172,283,-2907,157,157,157,157,157,157,157
157,157,157,-2907,157,427,157,6653,157,-2172,157,427,1137,157,157,427,157,6653,283
6653,157,-2172,283,-2907,1137,157,157,283,157,283,157,-2172,157,-2907,157,-2172,157,427,1137,157
-7564,157,427,157,-2172,157,6653,1137,6653,157,157,157,283,157,283,157,283,157,-2172,157,157,157,6659
157,283,157,157,283,157,157,157,157,157,283,1137,157,157,157,1137,283,157,157,157,1137,1137
157,6653,157,-2172,157,1251,157,1138,283,157,157,157,1137,1137,157,157,157,157,157,157
1251,157,157,157,427,157,-7564,283,283,157,283,157,-2172,157,157,157,6761,283,157,157,1137,157
157,157,157,-2172,283,6653,157,-2907,157,6653,157,283,157,283,157,-2172,157,6653,157,157,157,1251,1137
283,1251,1137,-2172,283,-7564,157,427,1137,283,157,-2172,157,427,157,6653,157,427,1137,157
157,1137,157,283,157,157,157,157,283,157,157,157,157,157,157,157,157,157,157,157,157,157
-2172,283,-2907,157,157,157,283,157,157,283,157,283,157,157,157,157,157,157,157,157,157,157
-7564,157,1251,157,-2907,157,-7564,157,157,157,283,157,-2907,1137,-2172,283,-2907,157,283,157,283,157,-2172,157,283
157,6674,157,157,157,157,157,157,157,157,157,1137,157,157,157,283,157,157,157,157,157,157,283,157,-2907
157,1137,157,6761,157,6663,157,1137,283,6761,1137,157,1137,157,157,1137,1137,157,157,157,157,157,157,157
157,-2172,157,6653,157,157,157,427,157,427,157,6653,157,427,157,1251,157,-7564
427,157,-7564,157,-2172,157,157,157,427,157,427,283,6653,157,-7564,157,-2172,157,157
283,1137,-2907,157,-2907,157,-2172,157,283,157,6653,157,-7564,157,427,157,6653,157,283,157,157,1137,283
157,283,1137,1137,157,157,157,157,157,157,283,157,1137,157,157,283,157,1137,157,157,157,157,157,283,157,283
157,157,283,157,283,157,157,157,157,283,6761,157,6659,157,157,283,157,283,157,157,157,157
427,157,157,157,283,157,-2172,1137,-2907,157,-2172,157,-2172,1137,157,157
157,6653,157,157,157,157,157,157,283,157,157,157,157,157,1137,1137,157,157,157,157,157,157
157,157,157,-2172,157,283,157,6653,157,-7564,157,1251,157,-2172,157,157,-2907
-2907,157,6653,157,283,6653,157,-2172,157,1251,157,1251,427,157,-7564,157,283,157,-2172,283
1137,157,157,157,157,157,157,157,157,157,157,157,1137,1137,157,1137,157,157,1137,157,157,157
283,157,1251,157,157,157,-2172,157,6653,1137,157,157,-2172,1137,-2172,157,427,1137,157
1251,157,1251,1137,1251,157,157,157,157,283,-2907,283,283,283,-7564,157,-7564,157,427,157,-7564
157,157,283,157,157,157,283,157,157,157,157,157,1137,157,157,157,157,283,1137,1137,1137,283,157,157
427,157,283,157,157,157,157,283,-2907,283,283,283,-7564,157,-7564,157,427,157,-7564,157,-2172,157,6653,283,-2907,157,157,157,427
283,1137,157,157,157,157,157,157,157,157,157,157,157,157,157,157,157
1251,157,1251,157,427,1137,283,157,427,157,-2172,157,-7564,157,-2172,1137,-2907,157,6653,157,427,157
283,157,427,157,157,157,1138,283,6679,157,427,157,1251,157,283,157,157,283,283
157,157,157,157,157,157,157,157,283,1251,1137,1251,157,157,157,283,157,1251,1137
157,1251,157,6653,1137,-2172,157,157,157,-2907,157,6653,283,-2907,157,1251
-7564,157,-2172,157,-2907,157,157,1137,283,157,427,157,157,157,6653,283,283
157,157,283,157,157,157,157,157,1137,157,157,157,157,1137,1137,157,157,157,157,157
283,157,-2172,157,157,157,6761,283,157,157,1137,157,283,157,157,157,157,157,157
-2907,157,6653,157,283,157,283,157,-2172,157,6653,157,157,157,1251,1137,-2907,157
157,283,157,157,157,1137,157,157,283,1137,157,157,157,157,157,157,157
157,6653,157,-2172,157,-2907,157,1251,1137,283,157,-2172,157
157,6653,157,-2172,157,-2907,157,427,157,-7564,157,1251,157,-7564
157,283,157,1251,157,427,1137,283,157,-2172,157,-2907,157,-7564,157
6653,1137,6653,157,-2172,157,6653,1137,427,157,1251,283,283,157,427,157,-7564,157,-7564,157,283
1137,157,157,283,157,-2172,157,-2172,157,427,157,-7564,157,283,157,-2172,157,427
-2172,157,1251,283,283,157,-2172,283,157,157,6654,157,157,157,157,157,157,157,157,157,157,157
-7564,157,-2172,157,427,157,-7564,157,6653,157,-7564,157,157,157,-7564,157,1251,157,-2172,157,-2172,157,-2907
157,283,-7564,1137,157,157,427,157,1251,157,-2172,157,-2907,157,427,157,1251,157,157,157,6662,1137,6653,283,6761
157,157,1137,1137,157,157,157,157,283,157,157,157,1251,157,427,157,-2907,157,1251,283,1251,157
157,1137,157,283,157,283,157,1137,157,157,157,1137,283,6653,157,157,157,6653,157,157
-2172,157,-7564,283,157,157,6679,157,283,1137,1137,157,157,157,157,157,157,157,157,157,157,157,157,157
157,157,157,-2907,157,157,157,427,157,-7564,157,283,157,-2172,283,157,157,6654,157,157,283,157,157,157
157,157,1251,157,-2172,157,-2172,157,6653,157,157,157,-2172,157,427,157,427,1137,-2907,157,157
283,-2907,157,1251,283,6653,157,-2907,1137,1251,1137,6653,157,157,283,427,157,427,157
157,157,1259,157,1137,157,283,157,157,157,157,157,157,157,283,1137,157,283,157
6653,157,1251,157,6653,1137,157,157,283,157,283,157,283,157,427,283,-2172,283,1251,157,-7564,157
157,427,157,-2907,157,283,157,-2172,157,1251,157,6653,157,-7564,157,1251,283,1251,157,1251,283,1251,1137,-2172
157,157,157,6761,157,157,283,157,283,157,1137,157,157,283,157,1137,157,157,157,157,157,157,157,157
283,1251,1137,1251,157,-7564,157,427,157,1251,157,283,157,-2172,157,283,157,283,157,283,157,1138,1137,427,1137,-2907
157,1137,157,157,283,157,157,157,1137,157,157,157,157,157,157,157,157,1137,157,1137,157
-7564,157,427,157,1251,157,283,157,157,-7564,283,-2172,157,427,157,-7564,283,157
1137,6671,157,157,157,1137,157,1137,157,157,157,157,1137,157,157,157,157,283,283,157,1137,283
-2172,157,-2172,1137,157,1137,157,157,-2907,157,6653,157,283,157,283,157,157,157,-2172,283,-7564,157,427
157,-7564,157,-2172,157,-2907,157,-2172,157,-7564,283,1251,157,427,157,-7564,157,-2172,157,283,157,1251
157,157,1137,157,1137,6657,157,6761,157,157,157,157,283,157,157,157,157,157,157,157,157,157,283,1137,157,157,157
157,157,-2907,157,157,157,157,157,-2172,157,-2172,157,427,157,-2172,157,157,157,1251,157,157,1137,1138,283,1137,157,283,157
283,157,283,157,283,157,283,157,427,157,427,1137,-2172,157,157,157,283,157,157,157,6653,157,6654,157,6657,157,6674
157,-2907,157,-2172,157,427,157,6653,1137,283,157,283,157,283,157,427,283,-2172,283,1251,157,-7564,157,427,157,-7564,157,-2172,157,6653,157,-2907
157,-2907,157,157,157,-2907,157,6653,157,6653,1137,283,283,6653,157,-7564,157,6653,157,-2172,157,-2172,283,-2172,157,427,157,-2907,157,157,157,-2172,157,-2907
157,-7564,157,-7564,157,427,157,-2172,157,427,157,-2907,157,1251,283,-2172,157,-2907,157,157,157,-2172,157
157,283,157,283,157,-2907,157,427,1137,-2907,157,157,157,427,157,157,1137,1251,283,283,157,-2907,157,6653,157,427,157,-2907,157,157
6653,157,-2907,157,6653,157,-2172,157,-2907,157,1251,157,427,283,283,157,283,157,-7564,157,427,157,427,157,-2172,157,427,157
-2172,283,157,157,283,157,-2172,157,6653,283,-2907,157,157,157,1137,157,6761,157,6656,157,427,157,283,157,1137,34,6664,157,6653,1137,6654,283
157,157,157,427,157,283,157,157,157,157,283,-2907,283,283,283,-7564,157,427,1137,427,157,-7564,157,283,157,-2172,157,-2172,157,-2907
-2172,157,6653,157,1251,157,-7564,157,-2907,157,-2172,157,-2172,157,6653,157,-2907,1137,-2172,283,-2907,157,-2172,283,-2907
6653,157,-2172,283,6653,283,283,157,427,157,157,157,6761,157,157,157,157,157,157,157,1137,157,157,157,283
-2907,157,6653,157,-2172,157,283,157,-2172,157,-7564,157,157,157,6653,157,-7564,157,6653,157,-2172,1137,1251,1137,157,1137,157,157,-2907,157,157
157,-2172,157,-2172,283,-2907,283,283,157,-2907,1137,427,157,427,1137,1137,283,-7564,157,1251,283,-2172,157,-2172,1137,283,157,-2172
-2907,157,427,427,157,1251,157,-2172,283,-7564,157,427,283,6653,157,157,157,157,157,157,157,157,157
283,283,157,-2907,157,157,157,-2172,283,6653,157,157,157,283,157,1137,157,157,157,157,157,157,157,157,157,283,283,157
-7564,157,6653,157,-2172,157,-2172,283,-2172,157,427,157,-2907,157,157,157,283,157
157,157,1137,157,157,157,157,157,283,157,157,157,157,157,157,157,1137,157,157,157,157,427,1137,157,157,283,1137,283
157,157,1251,157,-2172,157,427,1137,-2907,157,-2172,157,-7564,157,-2172,157,-2172,157,6653,157
157,157,1137,157,283,157,1137,157,157,157,157,157,157,157,157,1137,1137,157
1251,157,-7564,157,-7564,157,-2172,157,-2907,157,-7564,157,-2172,157,6653,283,-2907,157,157,157,157,157,6761,157,6655,157
157,-2907,157,-2172,157,283,157,-2907,157,6653,157,-2907,157,1251,157,427,157,6653,157,427,157,-2907,157,6653,1137,1251,157
157,157,157,157,283,157,157,283,-2907,157,427,157,1251,1137,-2907,157,157,1137,157,157,157,283,-7564,157,157,157,1251,157,6653,283
157,427,157,6653,157,1251,157,427,157,427,157,-7564,157,157,157,157,1137,6673,157,157,157,157,1137,157,157,157,157,157,157,1137
-2172,283,1251,157,-7564,157,427,157,-7564,157,283,157,283,157,-2907,157,6653,157,-7564,157,-2907,157,-7564,157,283,157,283,157,283
157,157,157,1137,157,157,157,157,283,157,157,157,1137,157,157,157,283,157,157,157,157,157,157,6653,1137,157,157
157,157,283,157,157,157,157,157,157,157,157,157,283,1137,157,157,157,283,157,157,157,157,157,157,157,157,283,157
157,1138,283,6666,157,6761,283,157,157,283,157,157,157,283,157,157,157,157,1137,157,157,1137,157,157,157,157,157,1137,157,157,157,157,157,1137
-2907,157,-2172,157,6653,157,-7564,157,-2172,157,1251,157,427,283,1251,157,157,157,283,157,157,157,1137,157,157,157,157,157,157,157,157
427,157,-2907,157,283,157,-2907,157,6653,157,-7564,157,-2907,157,6653,1137,283,157,283,157,283,157,283,157,-2172,157,283,283,157,-2907,157,-2907,157
1137,1137,157,157,1137,157,283,157,157,157,283,157,283,157,283,157,283,157,-2172,157,427,157,6653,157,-2907,1137,157,157,427,157,283
157,6653,1137,283,157,283,157,283,283,-2172,157,-2172,157,-2172,157,-2172,157,6653,157,-2907,157
-7564,157,-7564,157,157,283,1251,157,427,157,1251,157,6653,157,-7564,157,283,157,-7564,1137,-2907,157,6653,1137,-2907,1137,1137,1137,157,157,427,157,-2907
-2172,157,6653,157,-2172,157,-2907,157,157,157,157,157,283,157,283,283,-2172,157,-2907,157,-2172,1137,-2172,1137,-2907
157,283,157,-7564,1137,427,157,6653,157,427,157,-7564,157,-7564,157,-2172,157,6653,283,-2907,157,1251,283,6653,157,-2907,1137
157,1137,1137,157,157,157,1137,157,283,157,157,283,157,157,157,1137,157,157,1137,427,157,-2907,157,-2907,157
157,-2172,157,157,157,6684,157,157,157,157,157,1137,157,157,157,157,157,157,157,1137,157,1137,283,157,157,157,283,1137
157,157,6653,157,427,157,157,157,6662,157,6761,157,283,157,157,157,1137,157,157,157,157,1137,157,157,157,157,157,157
157,-2172,157,283,157,427,157,427,1251,1137,-2907,157,427,157,-2907,157,157,427,157,-2172,157,-2172,157
157,427,157,-7564,157,-2172,157,6653,157,-2907,157,6653,157,-2172,283,6653,157,-2172,157,1251,157,1251,1137,427
157,157,157,157,157,157,157,157,1137,1137,157,1137,157,157,1137,157,157,157,283,157,283,157,157,283,157
427,157,-2172,157,427,157,6653,157,6653,283,6680,157,-2172,157,157,283,157,157,157,1137,157,157,283,283,1137
157,1137,157,157,157,157,283,1137,157,157,157,157,1137,157,157,157,157,157,157,157,283,157,283,157,-2907,157
157,1251,1137,1251,1137,283,157,427,157,283,157,283,157,283,157,-2907,157,-2172,157,6653,157,1251,1137,-2907,157,-7564,157
157,283,157,283,157,157,157,1137,157,1137,157,157,157,283,157,157,157,1137,157,157,157,157,157,157,1137,157
157,283,157,283,157,427,1137,283,157,1251,283,-2172,283,-7564,157,283,157,-2172,157,-2172,157,6653,157,1251,157,-7564,157
157,-2907,157,157,157,157,157,6678,157,1259,283,157,157,283,157,1137,157,157,157,157,157,157,283,157,157,157,157
427,1137,-2907,157,283,157,283,157,-2172,157,1251,157,-2172,157,1251,157,-7564,157,283,157,-2172,157,6653,157
157,157,157,283,283,157,-2172,1137,157,157,157,157,427,157,6653,157,157,1137,283,157,-2172,157,-2907,157,6653,157,-2172,157
157,427,157,-2172,157,-7564,157,-2172,1137,-2907,157,6653,157,427,157,-7564,157,427,157,-7564,157,283,157,-2172,157,-7564,157
157,157,157,157,157,157,157,157,283,1137,157,157,157,157,1137,283,157,157,157,157,-2907,157,-2907,157,-2172,157,157,157,427
157,157,-2907,157,427,157,-2907,157,157,157,6653,1137,6653,157,-2172,157,427,283,283,157,283,283,157,283,157,157,157
283,1137,1137,157,157,1137,157,157,1137,157,157,157,1137,157,157,427,157,6653,157,-7564,283,6653,157,427,157,1251,157
-2172,157,6653,157,-7564,157,6653,157,-7564,157,157,1137,-2172,157,-2172,157,6653,157,-2172,283,-2907,1137,157,157,283,157,283,157,-2172,157
157,157,-2172,157,-7564,157,427,157,-2172,157,6653,1137,6653,157,157,157,283,157,283,157,283,157,-2172,157,157,157,6662,157,6761
157,283,1137,157,283,157,157,157,157,157,283,157,1137,157,283,157,1137,157,157,157,157,157
283,1251,157,427,157,1251,157,283,157,-2907,157,6653,157,1251,6653,1137,-2172,157,157,157,-2907,157,6653,283
1137,6653,157,6653,157,1251,157,1251,157,-2907,157,427,283,-2907,157,1251,157,-2907,157,1251,157,6653,157,283,157,283,157
1137,157,157,157,157,1137,157,157,157,157,157,157,157,283,1137,157,1137,157,1137,157,157,157,283,157
157,-2172,157,1251,1137,427,1137,-2907,157,157,1137,157,157,-2172,157,427,157,283,157,157,157,427,157,157,-7564,283,1251,1137,283
1137,1137,1137,157,157,157,1137,157,157,283,157,157,157,283,157,157,157,1137,1137,1137,157,157,157,157,6653,157
283,-7564,283,-2172,1137,-2907,157,6653,157,-2172,157,6653,157,-2172,157,-2907,157,427,157,-7564,157,1251,157
6761,1137,6678,157,6665,283,157,1137,427,283,157,157,157,157,157,157,157,157,157,1137,283,157,1137,157,157,1137,283,157,1137,1137,1137,157,157,283,157,157,283
157,1137,157,157,283,1137,283,1137,157,157,157,1137,1137,1137,283,157,157,157,-2172,157,-2172,283,157,427,157
157,157,1137,157,283,157,157,1137,157,157,157,157,157,427,157,-7564,283,-7564,283,6653,157,427,157,157,157
157,157,157,157,283,157,157,283,157,1137,427,157,283,157,157,283,1137,1251,1137,157,157,6653
157,157,1251,157,-2907,1137,157,157,-2172,157,427,157,427,1137,283,157,283,157,283,157,-2172,157,-7564,157,283,157,283
1137,157,1137,1137,1137,157,157,157,157,1137,157,157,157,157,157,6653,157,-2172,157,-2172,157,157,157,-2907,157,6653
1137,1137,157,157,157,157,1137,283,157,-2172,157,427,1137,157,157,-2172,157,-2907,157,157,157,-2172,157
-2172,157,427,157,-2907,157,-2172,157,-2907,157,157,157,-2172,157,-7564,157,1251,157,-7564,157,427,157,-7564
157,-2172,157,157,157,427,157,157,157,157,157,1137,157,157,157,157,157,1137,157,157,157,157,157,157,157
157,6653,157,-2907,1137,157,157,1251,157,427,283,1251,157,-2172,157,283,157,1251,157,1251,157,427,1137,283,157
157,1137,157,1137,1137,157,157,157,157,283,157,157,157,1137,1137,157,1137,157,157,157,-2172,157,-7564,157,-2172,157
157,1251,157,157,157,-2907,157,-2172,157,-2172,157,-2907,157,-2172,283,6653,157,6654,283,6655,283,157,157,1137
157,6681,157,6668,157,157,157,157,1137,6761,157,157,157,157,157,157,157,157,157,283,157,157,283,1137
1251,1137,1251,157,283,157,-7564,157,157,157,-2172,157,427,157,6653,157,1251,157,157,1137,-2172,157,-2907,157,-7564,157,-2172,157,-7564,157
157,157,157,157,283,157,283,157,157,157,157,157,157,-2172,283,-2907,157,283,157,-2172,157,-2907,157,427,157
157,-2172,283,-7564,157,157,157,283,157,157,1137,1137,157,157,283,157,157,157,157,283,157,1137,157,157,157,157,157,1137,157,157
157,1251,1137,427,157,157,1137,-2172,1137,157,157,283,157,427,157,157,283,6653,157,427,157,1251,283,157,427,157
157,157,157,283,157,1137,283,157,1251,157,6653,1137,157,157,283,157,283,157,157,157,283,157,283,157,157,157,6653,157,6654
1137,6653,157,-7564,157,1251,1137,157,157,283,157,283,157,-2172,157,-2172,1137,157,1137,157,157,-2907,157,6653,157
157,-2172,283,157,283,-2172,157,1251,157,427,157,6653,1137,1137,1137,157,157,157,157,-2172
6653,157,1251,157,427,157,6653,157,-2172,157,157,157,427,157,157,283,157,283,157
1137,-2907,1137,1137,157,157,-2907,1137,157,1137,283,283,157,-7564,157,427
-2907,157,6653,1137,-2907,1137,1137,283,157,157,-2907,1137,157,1137,283,283,427,157,-7564,157,427
283,157,157,157,-2172,1137,427,157,157,157,-2907,157,427,157,-2907,157,-2172,157,-2172,157,1251,157
157,157,1137,157,157,157,157,1137,1137,157,157,157,1251,283,283,157,-2172,157,6653,283
157,157,157,1137,157,283,283,157,157,157,283,157,157,1137,157,157,-7564,157,-2907
157,427,1137,1251,1137,157,283,1251,157,-7564,157,-7564,157,-2172,283,157,157,283,157,-2172,157,6653,283
157,6653,157,-2907,157,-2172,157,283,157,157,157,-2907,157,283,157,-2172,157,-2907,157,6653,157,-2172,157
157,157,1137,157,157,157,157,157,157,157,157,1137,157,427,157,6653,157,283,157,157,1137
157,157,157,157,6654,157,1137,157,1137,157,6761,157,157,157,157,157,157,157,157,157,157,157,157,157,157,157
157,157,157,157,157,1137,1137,157,157,157,157,157,157,157,157,1137,157,157,1137,157,157,157,283,1137,157,157,157,157
283,1137,157,157,157,157,157,157,283,157,427,157,-2907,157,-2172,157,157,157,283,157,283
-2907,157,6653,157,427,157,1251,157,427,157,-2172,157,427,157,157,157,1137,157,6654,157,157,157
-7564,157,1251,157,1251,1137,-7564,157,157,157,427,157,1251,1137,157,157,157,157,1251,157,283,157,427,157
157,-2907,157,427,157,157,157,6653,157,1251,157,6653,157,157,157,-2907,157,6653,157,6653,1137,283,283,6653,157,-7564,157
157,1137,427,157,-2172,157,6653,157,283,1137,6654,157,157,157,157,157,1137,157,157,157,157,157,283,157,157,157
-2907,157,1251,283,1251,157,6653,157,-2172,1137,-2172,157,-2907,157,-2172,157,283,157,283,157,283,157,157
283,-2172,157,283,157,1251,157,157,1137,427,1137,-2172,1137,-2172,283,-2907,157,-2172,157,6653,157
1137,157,157,157,157,157,-7564,157,283,157,283,157,283,157,283,157,283,157,1138,157,157,157,157,1137,-7564,157,6653
1137,157,157,157,157,157,157,157,283,157,157,157,157,283,157,157,1137,157,157,157,283,157,-2172,157,-2907,157
-2172,157,-7564,157,427,157,-2172,157,6653,1137,6653,157,157,157,283,157,-2172,157,1251,1137,283,157
283,157,1137,157,157,1137,157,157,157,157,157,157,157,157,157,283,427,157,-2907,157
157,6653,157,-2172,157,1251,1137,283,157,427,157,-2907,157,-2172,157,-7564,157,-7564,157,427,1137,157,157,427,283
-2172,283,-2907,1137,157,157,283,157,283,157,-2172,157,-2172,157,283,157,-2907,157,157,157,-2907,157,6761,157
157,157,157,1137,157,157,157,283,-2907,157,283,157,157,157,283,157,283,157,283,157,-2907,157,283,1137,6653
1137,157,157,157,157,157,1137,1137,157,157,1137,157,157,157,1137,157,157,1137,283,157,157,157,157
283,157,157,157,-7564,157,157,157,283,157,283,157,283,157,6653,157,427,157,427,157,-7564,157,157,157,283,157
1137,283,157,1251,283,283,157,427,157,427,283,6653,157,1251,157,-2172,1137,283,157,157,-2172,1137,1137
157,1251,157,-7564,157,427,157,-2172,157,427,157,-2172,157,157,283,-7564,157,283,157,427,157,283,157,283,157,427,157,1251
283,157,283,157,1138,1137,427,1137,427,157,-2172,157,-2172,283,-7564,157,157,157,283,157,157,1137,1137
157,157,157,157,157,157,157,-2172,157,6653,157,-2172,157,-2907,157,157,157,157,157,6761,157,283,157,157
6653,283,-2907,157,-7564,157,427,157,157,-2907,1137,157,157,427,157,427,157,1251,1137,6653,1137,157,157
-2907,157,1251,283,6653,157,-2907,1137,1251,1137,6653,157,157,157,-2172,157,6653,157,427,157,6653,283,-7564,157
1137,157,283,283,283,157,427,157,6653,157,-2172,1137,-2172,157,-2907,157,-7564,157,-7564,157,283,157,427
157,157,157,157,157,157,283,157,157,157,283,157,157,157,157,157,157,283,1137,157,283,1251,157
283,427,157,157,157,-7564,157,6653,1137,283,157,-2907,157,157,157,6653,157,157,283,-7564,157,-2172,1137,-2172,157,283,157
1137,157,157,157,1137,157,157,157,157,157,1137,283,157,-2172,157,427,283,6653,157,283,157,427,157
157,427,1137,157,157,1137,157,157,157,157,6653,283,-2907,157,-2172,157,6653,157,157,157,-2172,157,-2907,157,-7564
1251,283,1251,157,6653,283,-7564,157,-2172,283,-2907,157,157,283,6761,157,6667,1137,283,157,427,157,6653,1137,-2172
157,283,157,283,157,427,157,427,1137,157,157,-2172,157,-2907,157,-2172,157,-2907,157,427,157,427,157,157,157,427,283
1137,157,157,-7564,157,157,1137,-2907,157,-7564,157,-7564,157,-2172,157,-2172,157,1251,157,157,157,1251,1137,-2907,157,157,283
283,157,283,157,157,157,1137,157,1137,157,157,157,283,157,157,157,1137,157,157,157,157,157,157,1137,157,283,1137,283
157,427,1137,283,157,1251,283,-2172,283,-7564,157,283,157,-2172,157,-2172,157,6653,157,1251,157,-7564,157
1251,157,-2172,157,-2907,157,-2907,157,157,157,157,157,6680,157,157,157,157,157,157,157,1137,1137,157
157,427,157,6653,1137,1137,1137,157,157,157,157,-2172,157,427,157,427,1137,-2907,157,283,157,283,157,-2172,157,1251
-2907,157,6761,157,157,157,157,157,1137,157,157,157,157,157,1137,157,157,157,157,157,157,157,283,283
157,427,157,157,6653,157,-2907,1137,157,157,1251,427,283,1251,157,-2172,157,283,157,157,1251,157,427,1137,283
157,427,157,-7564,283,1251,1137,-2907,157,157,157,427,157,6653,157,-2172,157,-2907,157,1251,1137,283,157
283,6653,157,-7564,157,1251,157,427,157,283,157,283,157,283,157,1138,1137,427,1137,427,157,-2172,157,-2172,283,-7564,157,157,157,283,157
157,157,157,157,427,157,157,157,427,157,427,157,-2907,157,-2907,157,6653,157,-2172,157,157,157,157,157,157
-2172,157,157,157,427,157,-2907,157,283,157,283,157,283,157,-2172,157,283,283,1251,157,427,157,-7564,157,157,157,157,1137
157,1137,1137,6761,1137,1137,157,157,157,1137,157,1137,157,157,157,157,157,157,157,283,283,157,157
157,-7564,157,-7564,157,1251,157,-2907,157,-7564,157,-2172,157,-2907,157,157,157,6653,1137,-2907,157,-7564,283,157,283,157,157,1137
157,-7564,157,427,157,-2172,157,427,157,-2907,157,-2907,157,-2907,157,-2172,157,283,283,427,1137,157,157,-2172,157,6653,157
6662,157,6761,157,6665,157,157,157,283,157,157,1137,1137,157,157,283,157,157,157,157,283,157,1137,157,157,157,157,157,1137,157,157,-7564,157
427,157,157,283,6653,157,427,157,1251,283,283,157,427,157,-2907,157,6653,157,283,157,157,157,-2172,157,-7564,157,427
157,157,1137,157,157,157,157,157,157,157,157,157,157,283,157,157,-2172,1137,157,157,427,157
6653,157,-7564,157,-2907,157,-7564,157,427,283,283,157,283,157,283,157,-2172,157,283,283
283,157,283,157,283,157,283,157,157,157,157,157,6670,157,157,1137,157,157,157,157,157
157,-2907,157,-2172,157,6653,157,283,157,427,157,6653,157,-2172,157,283,157,-7564,1137,283,157,157,157
157,157,157,157,157,157,157,157,157,283,157,1251,157,157,157,427,157,-7564,157,427,157,-7564,157,157,157
157,1251,1137,-2907,157,427,157,1137,157,157,157,-2172,157,283,157,283,1137,1251,283,1251,157,6653,283,-7564,157,-2172,283
283,157,157,157,157,283,1137,157,283,157,157,157,157,283,157,-2907,157,157,157,427,157
-2172,283,6653,283,283,157,427,157,157,6761,157,157,157,157,157,157,157,1137,157,157,157,283,157,157,157,157
157,157,157,-2172,157,-2907,157,6653,157,-2172,157,283,157,-2172,157,-7564,157,157,157,6653,157,-7564,157,6653,157
157,157,157,283,157,157,283,157,283,157,1137,1137,157,157,157,157,157,157,157,157,6653,1137,157
157,157,-2172,157,6653,157,-7564,1137,-2907,157,-7564,157,-7564,157,-2172,1137,157,157,-2172,157,283,157,283,283,-2907
427,157,157,157,283,157,283,157,157,157,6653,157,6674,157,6662,157,6679,157,1137,157,6761,157,157,157
157,-2172,1137,283,157,-2907,157,-2172,157,-2172,157,6653,157,1251,157,-7564,157,-2907,157,1251,283,1251,157,1251,157,1251
157,157,1137,157,157,157,157,157,1137,283,157,157,157,1137,157,157,157,157,157,157,1251,157,157,157
157,-7564,157,6653,157,6682,157,157,1137,6656,157,157,6659,157,157,157,157,157,1137,157,157,1137,157,157,157,157,157
283,157,157,283,157,427,157,-2172,157,427,157,-2172,1137,283,157,283,157,-2172,1137,283,157,1251,157
157,1251,157,283,157,-2907,157,1251,283,157,283,157,157,283,157,1137,1137,157,157,1137,283,283,157,157,1137
157,157,157,283,157,283,157,283,157,-2172,157,157,157,6761,283,157,157,1137,157,283,157,157,157,157,157,283,157
-2172,157,6653,157,157,157,1251,1137,-2907,157,1251,157,-2907,157,157,157,-2907,157,-2172,157,427,157,6653,157,-2907,157,1251,283,1251
157,427,157,-2172,283,283,157,283,157,157,157,6761,157,6657,157,157,157,157,157,157,157,157,157,157,157,157,157
283,157,-2172,157,6653,157,1251,157,-2907,157,-2172,157,427,157,427,1137,283,157,283,157,283,157,-2172,157,-7564,157
157,157,157,157,157,157,157,157,157,1137,1137,1137,157,157,157,-7564,157,1251,157,157,157,427,157,-2172,157,157
427,1137,6653,157,157,157,283,157,-2172,283,-2907,157,6761,283,157,283,157,283,157,157,157,157,157,157,157,157,283,157,1137,157
-2907,1137,427,157,-7564,157,-2172,157,427,157,-2907,157,157,157,6653,157,-2172,157,157,1137,157,157,6654,1137,6653,157,-2907
157,157,-2907,157,-2172,157,427,157,-2907,157,-2172,1137,157,157,6653,157,-2172,157,427,1137,283,157,-2172,157,-2172
1251,1137,283,157,427,157,-2172,157,283,157,6653,157,-7564,157,1251,157,-2172,157,157,157,-2907,157,6653,157
-2172,283,6653,157,-2172,157,1251,157,1251,1137,427,157,-7564,157,283,157,-2172,283,-2172,283,427,157,157,157,427,157,-2172,157,-7564,283,157
1137,157,157,157,1137,157,283,157,157,157,157,1137,157,157,157,-7564,157,1251,157,-2907,157,157,157,-2907,157,-2172,157
157,6653,157,6653,283,6663,157,6681,157,6668,283,6654,157,157,157,157,1137,157,157,157,157,157,157,157,157,1137,157,157
157,283,283,-2907,157,427,157,1251,283,283,157,283,157,283,157,283,157,427,157,-2907,157,157,157,427,157,6678,157,157,-88,283,157
-2172,157,-2172,1137,157,157,283,157,427,157,6653,157,-2172,283,6653,157,283,157,-2172,283,157,157,6654,157,157,1137,6653
157,157,1137,1137,157,157,157,157,1137,157,157,1137,157,157,157,157,157,157,157,157,1251,157,-2172,157,427,283,283,157
157,157,157,157,157,157,157,157,157,157,157,157,283,157,157,157,157,157,427,157,157,157,157,157,283,157,283
157,157,6674,283,6662,157,157,157,157,157,157,157,157,157,157,283,157,157,1137,157,283,1137,157,157,283,157,157
6653,157,283,157,-2172,157,1251,157,157,157,6653,157,157,157,157,157,6668,157,6656,157,157,157,283,157
157,-7564,157,1251,157,427,157,1251,157,-7564,157,427,1137,283,157,427,157,6653,283,-2907,157,157,157,6653,157,-7564,283,6653,1137
157,157,6653,157,-2172,157,-7564,157,-2172,157,6653,157,157,157,427,157,-7564,157,-2172,157,427,157,6653,157,-2172,283,157
157,157,157,1137,157,157,1137,157,157,157,157,157,157,157,283,157,1137,157,157,6653,1137,1137,1137,157,157,157,157,6653
157,283,157,-2907,157,157,157,283,157,-7564,1137,-2907,157,1251,157,6653,1137,283,157,1251,157,6653,1137,-2172,157
1251,157,-2172,157,283,157,427,157,-2172,157,427,157,1251,1137,-7564,157,283,157,427,157,-7564,157,-2172
157,157,157,157,157,157,157,157,157,157,157,157,-2907,283,6653,1137,427,157,6653,-2907,1137,157
-2907,157,6653,157,-2907,157,1251,157,427,157,6653,157,283,-2172,157,1251,157,157,157,6653,157
427,157,-7564,283,157,157,427,1137,6653,157,157,157,283,157,283,157,283,157,-2172,157,157,157,6665
