980,1094,2568,9,2568,1094,2568,2568,126,2568,6375,9,239,2568,6491,9,-2329,2568,2568,2568,270,2568,270,2568,2568,2568
0,2568,2568,0,2568,2568,2568,2568,2568,0,9,2568,2568,2568,9,0,980,2568,980,9,9,2568,2568,2568,2568
2568,2568,9,2568,0,2568,2568,980,2568,0,2568,0,2568,-7721,2568,9,0,9,2568,1094,2568,0,2568
2568,126,2568,-2329,2568,-2329,2568,2568,2568,126,2568,1094,980,9,9,-7721,2568,9,980
2568,-2329,2568,-2329,2568,-2329,2568,6496,0,2568,2568,0,-2329,2568,-2329,2568,2568,2568,239,2568,7349,2568,9,2568,0,2568,2568,2568,2568,0,2568
2568,2568,0,1094,2568,-2329,2568,2568,0,-7721,2568,2568,2568,0,2568,-7721,0,2568,9,-2329,2568,-7721,2568,6496,2568,1094,2568
0,2568,2568,1094,2568,9,980,0,2568,6496,2568,-7721,2568,1094,2568,2568,2568,6496,980,9,9,126,2568,6496,980
0,-2329,2568,-2329,2568,-2329,2568,2568,980,239,2568,5633,2568,239,2568,6614,2568,0,2568,980,2568,4162,2568,2568,2568,2568
1094,2568,0,2568,6496,2568,1094,2568,126,2568,2568,2568,7840,2568,4407,2568,9,2568,9,2568,2568,2568
2568,980,9,126,9,-2329,2568,9,9,-7721,980,0,980,9,2568,2568,2568,0,9,-7721,2568
-7721,9,2568,0,-7721,2568,-2329,2568,-2329,980,2568,2568,-2329,0,1094,0,-7721,2568,6375,980,239,9,2568,2568,6496
2568,2568,126,0,-7721,2568,2568,2568,9,2568,239,980,975,2568,9,0,239,9,2568,9,2568,2568,9,9,2568
2568,126,980,0,2568,9,2568,6496,980,0,980,-7721,2568,126,9,-7721,9,9,0,2568,2568,-7721,9,2568,9,-2329,0
2568,2568,2568,2568,2568,126,2568,2568,2568,9,980,2568,9,-7721,9,2568,2568,2568,9,0
2568,2568,2568,2568,126,2568,-7721,2568,2568,2568,126,2568,2568,9,-7721,2568,1094,2568,-2329,0,0,2568,-2329,0,6496,2568,-7721,2568,-2329,2568,-7721,2568,2568,0,2568,0,9,2568,0,980,2568,2568
-7721,2568,-2329,9,126,0,-7721,2568,2568,2568,1094,2568,6496,9,0,9,-7721,2568,1094,2568,-2329,2568,-2329,2568,-2329,2568,6496,0,1956,2568
2451,983,2568,0,2568,9,2568,980,2568,2568,2568,2568,9,2568,2568,0,980,2568,980,2568,2568,2568,0,-7721,980,0,2568,2568,9,0,2568,6496,0,-7721,2568,-2329,2568,1094,2568,-2329,2568,-2329,2568,-2329,2568
0,2568,2568,2568,9,-2329,2568,2568,2568,1094,2568,1094,2568,-7721,0,-2329,2568,2568,0
2568,2568,9,-7721,9,980,9,0,2568,2568,2568,-7721,2568,126,0
2568,980,2568,2568,2568,2568,-7721,980,2568,0
2568,2568,980,9,9,9,2568,2568,2568,980
2568,1094,2568,1094,2568,-7721,2568,2568,2568,2568
2568,2568,-7721,2568,9,980,6496,9,-7721,2568
2568,126,2568,6496,2568,0,2568,126,2568,-2329
2568,2568,980,2568,2568,0,980,9,2568
9,2568,2568,9,126,2568,1094,2568,-2329,2568,-2329
2568,2568,2568,0,0,2568,9,0,980,9
270,2568,2568,2568,2568,2568,9,2568,2568,2568
-7721,2568,6496,2568,2568,2568,6496,2568,2568,0,239,980,9
0,-7721,2568,-2329,2568,2568,2568,-7721,980,0,2568
2568,2568,0,2568,2568,9,9,2568,2568,0
0,-2329,2568,980,-7721,2568,126,2568,-2329,2568,1094,2568,2568,6496
6496,2568,239,2568,0,2568,2568,0,0,0,2568,9,2568,980
-7721,2568,126,0,6496,980,1094,9,-7721,2568,126,2568,2568
126,2568,6496,980,2568,9,1094,2568,2568,2568,126,2568,2568
2568,0,980,9,2568,0,980,2568,2568,2568,9,2568,2568
9,239,2568,980,2568,2568,2568,0,2568,9,980,2568,980,2568,2568,9,9,2568
2568,6496,980,2568,9,-2329,980,0,2568,1094,2568,6496,980,1094,2568,-2329,2568,-2329,2568
980,2568,980,9,2568,980,2568,2568,2568,2568,9,2568,0,9,0,2568,9,0
2568,-2329,2568,-2329,2568,0,9,-2329,9,0,2568,0,6496,980,-2329,2568,2568
-2329,-2329,2568,0,2568,9,2568,2568,2568,-7721,2568,-7721,2568,2568,2568,6496,2568
2568,0,2568,-7721,2568,2568,2568,0,2568,9,980,0,980,126,9,9,9,980,2568,2568,2568
980,-2329,2568,2568,2568,126,2568,6496,0,-2329,2568,-2329,2568,2568,2568,-7721,2568,6375,2568,239,2568,2568,2568
1094,2568,0,2568,126,2568,1094,9,-2329,2568,2568,2568,-7721,2568,126,2568,2568,2568,0,2568,9,2568,126
2568,2568,2568,6496,2568,2568,9,-7721,2568,126,2568,0,2568,6496,980,0,2568,6496,2568,-2329,2568
-7721,2568,9,0,2568,2568,270,2568,2568,2568,980,2568,2568,2568,2568,0,9,2568,2568,2568,2568,9,0,2568
2568,2568,-2329,9,6496,2568,-2329,2568,0,2568,6496,980,2568,2568,9,2568,0,0,1094,2568,-7721,980,0
2568,980,2568,2568,2568,2568,2568,980,9,2568,2568,2568,980,2568,2568,2568,2568,2568,980,2568,2568
980,0,9,2568,9,0,980,6496,2568,9,2568,126,2568,2568,2568,126,2568,6496,0,9
0,9,126,2568,1094,2568,-2329,2568,-2329,2568,-2329,2568,6496,0,4652,2568,2568,9,2568,2568,2568,2568,980
9,2568,-7721,2568,-2329,2568,-2329,2568,2568,2568,-2329,9,0,2568,9,2568,0,2568,126,2568,-7721,9,1094
2568,2568,0,2568,2568,0,2568,2568,2568,2568,0,2568,2568,0,-2329,2568,-2329,2568
2568,6496,2568,6496,0,-7721,2568,2568,980,-7721,2568,0,2568,126,2568,6496,2568,1094,2568,126,2568,6496
0,2568,2568,2568,1094,2568,9,2568,2568,9,6496,0,0,2568,0,2568,2568
