159,159,2558,-1357,159,159,159,0,2558,-1357,159,159,1084,-1357,159,2558,1084,159,159,2558,-2339,159,2558,159,2558,159,168,0,159,159
0,2558,159,6486,159,-2339,159,159,159,0,159,1084,159,116,2558,-1357,6486,2558,-1357,159,159,-1357,-1357,-1357,2558,159,0
159,1084,-1357,6486,159,116,159,116,159,116,159,159,159,-1357,0,159,159,6486,159,0,159,2558,159,2558,159,2558,159,6486,159,159
2558,159,2558,159,2558,159,2558,159,0,159,-1357,0,159,159,1084,-1357,6486,159,159,159,116,0,159,159,159,159,-2339,159,-1357,2558,2558,2558
159,-1357,159,2558,159,-1357,159,0,159,159,159,0,159,159,-1357,-1357,159,159,159,-1357,159,0,159,159,-1357
159,159,6486,159,116,159,159,159,-2339,2558,6486,159,143,159,229,159,159,0,168,159,159,159,159,159,159,159,159,-1357,159
159,1084,159,-2339,159,1084,159,6486,0,159,-1357,-1357,159,0,159,143,159,229,0,159,159,159,159,159,159,159,159,2558,2558
159,159,0,2558,116,159,0,159,-1357,159,159,2558,159,159,159,159,159,159,159,159,159,-1357,159,159,159,159,2558
168,159,6487,159,159,-1357,159,159,159,159,159,159,-1357,159,2558,159,2558,159,159,2558,159,159,159,0,2558,159,-1357,6486,-1357,159,159,2558,159,2558
159,2558,159,2558,0,159,159,2558,2558,159,-1357,1084,159,0,159,1084,159,159,159,116,2558,168,159,159,159,229,159
-1357,159,0,159,159,2558,159,2558,159,1084,159,116,0,1084,159,116,159,2558,159,2558,159,6486,159,-2339,159,159,0,116,159
-2339,159,2558,0,1084,0,1084,-1357,159,159,159,159,6486,159,159,159,6486,159,1084,0,1084,159,0
159,159,159,-1357,159,0,159,-1357,-1357,6486,159,0,2558,2558,159,2558,2558,-1357,-1357,-1357,159,-2339,159
0,159,159,159,159,-1357,159,2558,-1357,2558,159,-1357,2558,2558,159,1084,0,1084
116,0,1084,159,116,159,2558,159,159,-1357,6486,159,-2339,159,159,2558,-2339
0,-1357,-1357,2558,159,159,159,0,2558,159,-2339,-1357,-1357,-1357,0
159,159,6486,159,0,159,0,159,159,159,159,0,1084,159,159,159
-1357,2558,159,159,-1357,2558,159,159,159,159,2558,159,2558,159,2558,159,2558,159
159,2558,0,159,159,159,-1357,-1357,159,2558,-1357,159,159,159,159,0,159,-1357
6486,159,-2339,159,116,159,6486,159,-2339,-1357,2558,159,2558,159,2558,159,2558,0,159,159,2558
0,159,1084,159,2558,159,1084,159,1084,159,2558,159,159,-2339,159,2558
2558,2558,159,-1357,159,1084,-1357,-2339,159,-1357,0,1084,159,-1357,-1357,2558,159,116,159,6486,159,159,2558,-2339
-1357,1084,159,-1357,2558,0,159,159,-1357,159,159,0,159,1084,159,6486,159,6486,-1357,2558,159,1084,159
1084,159,159,-1357,159,159,159,0,1084,159,116,0,-2339,0,0,159,159,0,159,159,-2339,159,-1357,2558
2558,159,-1357,-1357,159,0,159,-1357,159,2558,0,0,159,159,-1357,-1357,159,159,0,159,0,159,159,159,159,2558,2558,159,2558,159,159
159,1084,159,159,159,0,159,229,2558,159,159,-1357,0,-1357,159,159,2558,159,2558,159,159,159
2558,1084,159,6486,159,2558,159,6486,159,-2339,159,2558,159,158,2558,260,-1357,159,159,159,159
159,159,159,159,6486,159,1084,159,-2339,2558,6486,0,0,159,6486,159,116,2558,-2339,0,1084,159,-1357,159,-2339
159,159,159,168,159,159,159,159,159,159,159,-1357,2558,159,0,159,159,159,2558,159
159,113,0,260,159,6486,2558,0,159,159,0,159,159,0,159,159,159,-1357,2558,2558,-1357,0,159,159,-1357,159,0,159
159,2558,159,6486,159,-2339,159,159,0,116,159,0,159,2558,159,143,159,260,0,-1357,159,159,-1357,159,2558,2558,2558,0
159,116,159,0,0,159,159,6486,159,159,159,-2339,159,0,0,159,159,116,159,159,2558,-2339,159,168,159,2558,159,-1357,159
-2339,159,1084,159,116,0,1084,159,116,159,2558,159,2558,159,6486,-1357,159,2558,6486,2558,2558,159,159,2558,-2339,159,159,159
159,0,159,159,159,116,159,-1357,159,1084,159,6486,159,0,159,-1357,159,0,0,6486,-1357,0,159,2558,159,2558,159,159
159,159,-1357,159,159,159,159,159,159,2558,159,-1357,159,2558,159,159,6486,159,159
-1357,2558,159,159,159,0,159,6486,159,-2339,2558,6486,159,-1357,2558,-2339,0,6486,-1357,-1357,-1357,-2339,0,159,2558,1084,159,1084,159,6486,159,-1357
159,0,159,0,159,159,159,2558,-1357,159,2558,0,159,0,159,159,0,0,159,159,2558,-1357,2558,2558,0,1084,159,6486,159,159,159,116,0,159,159
6486,159,-2339,159,159,159,159,0,1084,159,-1357,159,116,0,159,2558,6486,0,1084,159,6486,159,2558,159,159,159,-1357,159,-2339,159
2558,159,6486,159,-2339,159,0,116,159,0,159,2558,2558,2558,159,159,0,159,2558,159,159,159,159,159,-1357
159,159,159,116,159,6486,159,1084,-1357,6486,159,0,159,1084,159,159,159,1084,159,168,2558,159,0,-1357,-1357,6486,2558,-2339,159,6486
6486,159,2558,159,159,159,6486,0,1084,159,-1357,159,2558,-1357,-2339,2558,-2339,0,159,159,1084,159,1084,-1357,2558
159,159,159,159,159,-1357,159,159,116,159,0,159,1084,159,0,-1357,116,159,2558,159,1084,159,6486,159,159,159,-1357,-1357,1084,159
0,159,159,159,116,0,1084,159,159,159,-2339,-1357,-2339,159,0,159,2558,159,159,159,-1357,-1357,2558,159,159,2558,-2339,159
159,159,159,159,159,116,0,159,159,6486,159,0,2558,6486,159,159,159,2558,159,158,159,260,159,159,159,159
116,159,143,159,260,159,0,168,159,-1357,0,158,2558,168,159,260,159,168,159,168,-1357
6486,-1357,159,159,116,0,116,159,2558,159,1084,159,159,159,-2339,-1357,-2339,159,-1357,159,1084
159,159,159,143,159,159,159,159,159,159,159,-1357,-1357,159,159,159,-1357,159,159,159,0,0,159,-1357,0
2558,159,2558,159,2558,0,159,0,0,159,159,0,159,2558,159,-1357,159,159,159,159,2558,159,159,-1357,159,159,2558,159,2558,159,2558
159,2558,159,159,159,159,-1357,159,159,159,159,159,159,2558,159,0,159,159,0
-1357,-2339,159,116,2558,2558,159,6486,159,159,159,1084,-1357,159,-1357,159,2558,-1357,159,116,0
159,0,159,159,0,0,159,159,2558,-1357,2558,2558,0,1084,159,6486,159,159,159,116,0,159,159,159,159
0,1084,159,6486,159,2558,159,159,159,-1357,159,-2339,159,116,159,-1357,2558,-1357,159,-1357,2558,-1357
2558,159,159,159,159,-1357,159,159,159,-1357,159,2558,2558,159,1084,159,2558,159,2558,159
2558,159,159,159,-2339,159,159,-1357,116,159,6486,159,6486,159,159,2558,0,0,1084,0
159,159,159,159,159,159,-1357,159,159,159,159,-1357,-1357,-1357,159,159,159,159
159,159,159,159,2558,-1357,159,-1357,260,159,6487,159,159,159,0,-1357
2558,159,2558,159,2558,159,229,-1357,1084,-1357,-2339,159,0,159,2558,159,2558,159
6486,159,159,0,-2339,0,2558,159,1084,159,-2339,159,159,159,2558,159,116
0,-1357,159,159,-1357,0,159,159,159,0,159,159,-1357,159,2558,159,159,-2339,159,159
1084,159,159,159,2558,159,159,159,1084,159,159,159,970,0,1084,159,1084,-1357,6486,159
0,1084,0,1084,-1357,159,159,159,159,6486,159,159,159,6486,159,1084,0
6486,159,116,159,116,0,159,159,159,159,-1357,159,0,159,-1357,-1357,6486,159,0,2558,2558,159
2558,0,159,0,-1357,159,0,159,159,159,159,-1357,159,2558,-1357,2558
159,2558,116,0,2558,159,159,159,159,159,-2339,159,-1357,0,116,159,1084,159
159,159,-1357,159,159,159,159,159,-1357,159,2558,159,-1357,159,159,159,159,2558,159,-1357,2558
6486,159,-2339,159,6486,159,-1357,159,1084,159,-2339,159,1084,159,6486,159,149,159,159,159,-1357,2558,159
159,159,-2339,-1357,-2339,159,159,159,-2339,-1357,1084,159,-1357,2558,2558,159,1084,159,116,159,116
-1357,-1357,0,159,2558,159,159,0,159,159,1084,159,116,159,2558,159,159,159,1084,159,116
159,2558,158,159,260,159,-1357,159,159,159,159,0,159,159,-1357,159,159,159,159,159,159
1084,159,-1357,159,1084,2558,2558,159,159,159,-2339,2558,2558,159,6486,-1357,1084,159,116
159,159,-1357,159,159,159,159,159,159,159,159,-1357,159,159,159,159,159,2558,2558
6486,-1357,2558,159,-2339,159,0,159,159,159,159,159,159,159,159,0,-1357,159,0,159,0,0,159,0
-1357,0,159,2558,159,2558,159,159,159,-2339,159,-1357,0,6486,159,159,159,1084,159
159,-2339,159,6486,-1357,0,159,2558,159,0,159,-2339,159,6486,159,159,159,260,159,113,159,159,159,159
2558,2558,159,2558,159,168,159,149,159,159,159,159,159,159,-1357,0,159,159,159,159
159,-2339,159,159,0,159,-2339,159,116,0,-2339,159,159,-1357,-1357,-1357,0,-1357,159,159,6486,159
159,159,159,159,2558,-1357,159,159,159,-1357,-1357,2558,0,159,2558,0,159,0,-1357,2558,159,159,-1357
159,159,0,159,260,-1357,168,-1357,159,159,168,159,143,159,-1357,159,159,159,159,0,-1357,159,0,159,0
116,0,0,159,1084,159,2558,159,6486,159,-2339,159,159,2558,-2339,0,159,159,-1357,159,-1357,-1357,1084,159,116
159,2558,159,0,1084,159,6486,159,0,159,159,159,6486,159,159,159,260,159,143,159,168,159,159
159,159,159,159,-1357,159,-1357,159,-1357,0,-1357,159,159,159,2558,159,1084,159,116,0
159,116,2558,-1357,159,6486,159,116,159,143,2558,260,0,168,159,0,159,159,159,159,159,159,159,0,159,159
-2339,159,116,0,6486,159,159,159,1084,159,-2339,159,6486,159,-1357,2558,-1357,-1357,159
159,2558,2558,159,2558,159,159,159,159,168,159,-1357,159,2558,159
0,159,159,168,159,168,159,159,159,159,159,159,-1357,159,159,159,159
-2339,159,159,0,6486,159,1084,159,116,159,1084,1084,159,-1357,-1357,159,159
159,2558,159,6486,-1357,159,159,6486,159,159,2558,2558,159,159,-1357,6486,159
159,159,159,116,2558,-1357,-1357,2558,159,-2339,2558,2558,159,1084,159,168,159
0,-1357,-1357,-1357,159,159,159,159,-2339,159,159,1084,159,-2339,159,159,159
159,-1357,6486,159,-2339,159,159,159,-2339,159,159,159,6486,159,1084,159,116,159,-1357
-1357,159,0,159,159,159,-1357,159,-1357,159,2558,-2339,-1357,159,159,-2339,-1357,159,159,2558,159,0
2558,0,-1357,159,2558,159,-1357,0,0,159,6486,159,2558,159,159,159,0,159,-1357,159
-2339,-1357,-2339,159,159,159,1084,2558,2558,159,2558,2558,158,159,159,159,158,159,-1357,-1357,168,2558,159,159,2558
1084,159,116,159,159,159,0,2558,159,159,1084,159,6486,159,1084,159,6486
159,-1357,-1357,159,159,159,-1357,2558,2558,159,159,159,-2339,2558,159,159,6486,159,168,2558
159,159,159,159,159,159,159,159,-1357,0,159,159,0,159,116,159,1084,1084,159,159,2558,-2339
159,159,2558,159,159,159,0,-1357,159,159,159,159,159,0,159,2558,159,2558,159,1084,159,1084,0
159,159,159,-1357,1084,159,6486,159,159,159,116,2558,-1357,0,1084,159,0,159
159,159,159,2558,159,0,159,0,0,-1357,159,2558,0,159,-1357,2558,2558,159,2558,1084
2558,159,0,159,159,0,2558,159,159,159,159,-1357,2558,2558,0,6486,159,116,159,159,159,1084,-1357
6486,-1357,1084,159,116,159,1084,159,116,0,2558,159,159,159,-2339,2558,2558,159,6486
159,159,159,0,159,1084,159,159,159,-1357,159,168,159,2558,159,159,159,-1357,159,159,159,0,0,159,0,159,159,2558,2558,-1357,159,159,159,159,-1357,0,159
2558,2558,2558,159,-1357,1084,159,116,0,2558,159,159,159,159,159,6486,159,0,159,0,159,2558,159
159,-1357,159,159,159,159,159,-1357,159,159,159,2558,-1357,159,2558,159,159,1084
159,159,2558,-1357,159,159,0,159,0,-1357,-1357,-1357,0,159,159,159,2558,159,2558,159
159,2558,159,143,159,260,0,-1357,159,159,159,159,159,2558,0
159,159,159,2558,159,159,159,159,159,6486,159,168,0,159,-1357,6486,159,116,2558,143,2558,260,159
0,159,-1357,0,159,159,2558,159,1084,159,1084,159,2558,159,2558,2558,-1357,-1357,-1357,0,1084,0,159,159,159
159,159,159,159,159,159,-1357,159,-1357,6486,159,168,159,159,-1357,159,2558,-1357,159,159,159,159,159,159,159,159,159,2558,-1357,159,-1357
159,2558,159,6486,159,159,159,-2339,-1357,1084,159,1084,-1357,2558,159,2558,159,2558,159,2558,159
159,-1357,-1357,159,159,159,-1357,-1357,159,0,159,0,-1357,159,159,-1357,-1357,159,159,0,-1357,159,159,0,2558
-1357,159,159,159,159,0,-1357,159,159,0,1084,159,159,159,116,159,1084,0
159,159,168,2558,168,159,159,159,159,159,159,0,159
159,-2339,159,2558,159,143,159,229,2558,159,-1357,113,-1357,113,159,-1357,-1357,159,159
-1357,2558,-2339,0,6486,-1357,-1357,-1357,-2339,0,159,159,159,159,-2339,159,1084,159
159,-1357,2558,6486,159,159,159,116,0,159,159,159,159,-1357,159,-1357,-1357,-1357,0
-1357,2558,159,159,159,-1357,159,159,-1357,-1357,159,159,0,159,0,159,159,159,159,159,2558,159
6486,159,116,159,6486,-1357,0,159,2558,159,0,159,159,0,1084,0,159,159,159
-1357,-1357,159,159,159,159,159,0,159,159,0,-1357,159,159,159,159,-1357,159,0
-2339,-1357,6486,-1357,-1357,2558,159,159,6486,-1357,159,-1357,2558,2558,1084,159,116,0,1084,159,116,159,159,0,159
0,159,-1357,159,-1357,159,0,159,-2339,159,6486,-1357,159,0,1084,0,2558,-1357,6486,159,6486,159,159
159,159,159,0,159,159,2558,0,-1357,159,159,2558,159,-1357,159,159,159,159,159,2558
159,2558,159,159,159,229,2558,159,0,159,159,-1357,159,159,159,159,159,159,159,159,-1357,159,2558
-2339,0,6486,-1357,0,159,2558,159,1084,159,2558,159,2558,159,2558,159
159,159,159,159,2558,159,159,6486,159,0,159,6486,159,-2339,159,-2339,159,6486,159
159,159,159,-2339,159,-1357,0,116,159,6486,0,116,159,-2339,159,2558,159,0,159,-1357,159,6486,159
159,0,159,1084,159,116,2558,-1357,159,6486,159,116,159,143,159,-1357,159,2558
159,159,159,6486,159,-1357,2558,-2339,159,168,-1357,159,159,0,159,159,159
2558,6486,159,6486,159,2558,159,143,159,6486,159,168,159,159,2558,159,-1357,2558,159,0
159,0,159,2558,2558,159,-1357,159,116,159,2558,159,2558,159,6486,159,-2339,159,1084,159,168
159,-1357,-1357,-1357,159,2558,159,159,159,159,0,159,159,159,1084,159,-2339,159
159,159,1084,159,-1357,0,1084,-1357,2558,159,1084,159,6486,159,159,159,0,1084,159,-1357
2558,-2339,0,1084,159,6486,159,159,6486,159,-2339,159,1084,159,6486,159,159,159,1084,159,159,159
-1357,159,159,2558,159,159,1084,159,116,159,2558,159,2558,159,6486,159,-2339,159,0,2558,-1357,-1357,2558,159,0
159,159,-1357,159,2558,159,159,2558,159,159,159,159,2558,159,2558,159,2558,159,2558,159,1084,159,1084
159,159,159,159,159,159,159,159,116,159,6486,159,159,159,1084,159,-2339,-1357,2558,159,2558
159,-1357,-1357,1084,159,116,0,2558,159,159,159,6486,159,0,159,6486,159,-2339,159
159,159,260,159,143,2558,2442,0,159,159,2558,0,159,2558,0,159,159,159,159
143,2558,260,159,159,159,159,0,159,2558,159,0,159,159,159,159,2558,0,159,159,0,159,159,-1357
2558,116,159,1084,-1357,1084,159,116,0,2558,159,159,159,159,159,2558,159,2558,159,0
159,159,1084,159,1084,-1357,6486,159,159,159,-2339,159,-1357,0,116,159,6486,0,-1357
-1357,159,159,159,159,159,-1357,159,159,159,159,0,-1357,2558,159,159,0,-1357
-2339,159,159,159,-1357,0,159,159,0,159,159,159,116,159,159,159,159,159
-1357,-1357,159,159,159,2558,0,159,159,159,2558,-2339,159,6486,159,0,159,6486,159,-1357,159
2558,159,1084,159,159,159,1084,159,-1357,-1357,116,159,2558,159,1084,159,116,0
-1357,159,159,159,159,159,159,0,159,2558,159,2558,0,0,159,6486,159,0,159,6486,159,0,159
159,159,-1357,159,0,0,0,159,-1357,159,159,159,159,2558,-2339,159,6486,159,-2339
-2339,159,6486,159,-1357,2558,-1357,-1357,159,2558,116,159,970,-1357,2558,159,159,159,1084,159,-2339
159,116,0,159,159,6486,159,-2339,-1357,2558,159,116,0,1084,159,-2339,-1357,6486
1084,159,159,159,0,6486,159,1084,159,116,159,1084,0,1084,159,-1357,-1357,159,159
1084,159,-2339,159,0,159,-1357,159,159,2558,159,159,159,159,159,159,159,159,159,2558,159,159,2558,159,-1357,-1357,159,0,-1357
159,159,159,159,159,2558,159,2558,2558,159,2558,2558,159,159,159,-1357,159,159,-1357,2558,-1357,159,-2339,2558
159,159,0,0,159,159,159,159,-1357,159,0,159,6486,159,1084,159,-2339,159,159,159,1084,-1357,0,0,1084,159,-2339,2558,-1357
159,159,159,159,-2339,159,159,2558,6486,-1357,0,159,2558,159,2558,159,159,0,6486,159,159,0,1084,-1357,159,159,6486
159,0,0,-1357,159,159,159,159,2558,2558,0,159,2558,0,2558,159,159,159,159,159
2558,159,159,2558,6486,159,159,159,0,159,2558,159,159,159,159,2558,159,159,159,159
159,159,159,159,1084,159,159,159,0,159,1084,159,6486,159,2558,159,2558,159,2558
5,2558,159,2558,159,-1357,159,159,159,159,1084,159,6486,159,2558,159,6486,159,-2339,159,159,0
159,159,116,159,1084,0,1084,159,116,159,1084,159,6486,159,1084,159,-2339,159,1084,159,116,0
2558,6486,159,159,159,1084,159,116,2558,-1357,-1357,6486,0,159,159,-1357,0,159,159,159,159,2558,159,2558
159,159,159,159,1084,159,1084,159,0,159,-1357,0,159,159,159,159,-2339,-1357,1084,159,1084
2558,159,159,159,229,2558,159,0,159,159,2558,159,0,-1357,159,159,-1357,159,159,159,159,159,2558,159,2558,159,159
6486,159,159,159,1084,159,159,-1357,2558,159,2558,159,159,159,116,0,6486,-1357,-1357,-1357,-2339,0,159,159,159
159,159,159,159,159,159,2558,-1357,-1357,159,159,159,2558,159,-1357,2558,2558,0,2558,116,0,-1357,159,-1357,159,-1357
2558,159,159,159,-2339,2558,159,159,6486,159,159,159,0,159,168,0,116,159,143,2558,260,159
2558,159,0,159,-1357,0,159,159,2558,159,1084,159,1084,-1357,2558,159,2558,159,2558,159,6486,159,-2339,159
0,159,-1357,6486,159,0,159,6486,159,116,159,2558,159,1084,159,116,0,159,159,-1357,159,1084,0,0,2558,159,1084,159,159,159
0,159,2558,1084,159,1084,159,6486,159,-1357,159,-1357,159,2558,159,116,0,159,159,6486,159,-1357,159,159,159,6486,159,159,159
128,159,159,2558,-1357,159,159,159,2558,-1357,159,-1357,159,2558,-1357,0,159,159,159,0,159,159,159,159,159,159,2558,6486,0,1084,159,-2339
159,159,159,2558,159,2558,-1357,159,-1357,159,2558,159,-1357,-1357,159,-1357,-1357,159,159,159,0,-1357,159,159,159,159,0,159,2558,159,159,-1357,159,0,159
2558,159,159,159,-1357,159,0,-1357,159,159,2558,-1357,159,159,159,159,159,159,2558,159,159,-1357,159,159,0,159,2558,159,2558,159,0,2558,6486
6486,159,159,159,-1357,0,159,159,6486,159,159,0,1084,159,159,-1357,2558,159,116,159,-2339,159,159,2558,6486
1084,-1357,-2339,159,2558,6486,159,159,159,0,-1357,159,159,159,159,159,-1357,159,0,2558,116,0,1084
0,159,159,6486,159,-1357,159,-2339,159,2558,159,143,159,-1357,159,2558,159,0,-1357,-1357,159,159,0,159,2558,159
-9,159,0,-1357,159,2558,159,159,-1357,159,2558,159,159,159,159,159,159,-1357,159,2558,159,2558,0,-1357,159,159,159,116
-1357,6486,159,-1357,0,6486,159,0,159,2558,159,2558,159,2558,0,1084,0,1084,-1357,159,159,159,159,6486
1084,159,-1357,2558,-2339,-1357,6486,159,116,159,116,159,116,159,159,159,-1357,-1357,-1357,-1357,2558,159,1084,159
159,116,0,159,-1357,2558,0,159,159,6486,159,0,159,-1357,-1357,2558,159,1084,0,6486,-1357,-1357,159,159,0,159
159,159,-1357,159,159,159,0,159,159,159,2558,159,159,159,-1357,-1357,159,159,159,159,-1357,159,159,159,159,6486,159,159,159,159,159,159,0,159,159,116,0,6486,159,159,159
116,159,-1357,159,1084,159,2558,159,2558,159,2558,159,229,-1357,1084,-1357,-1357,-1357,2558,159,159,159
159,6486,159,159,159,6486,159,1084,0,1084,159,0,159,1084,2558,6486,-1357,0,159,2558,159,2558,159,2558,159
159,1084,159,159,159,116,2558,-1357,-1357,2558,159,-2339,2558,2558,159,1084,159,168,159,159,159,260,159,2558,2558,-1357
159,2558,0,159,0,-1357,-1357,-1357,159,159,159,159,-2339,159,-1357,159,1084,159,-2339,159,159
-1357,2558,159,1084,2558,116,2558,159,-1357,6486,159,-2339,159,159,159,-2339,159,159,159,6486,159,1084,159,116,159,-1357,159,116,159,143,159,-1357,0,159,159
159,159,-1357,159,159,159,2558,0,159,159,159,159,159,159,2558,159,159,159,6486,0,159,159,-1357
0,-1357,159,159,6486,159,-2339,159,2558,159,2558,159,0,159,159,2558,116,0,1084,159,116,159,1084,-1357
0,-1357,159,159,159,159,159,-1357,159,0,159,159,159,2558,159,159,0,159,-1357,159,0,-1357,-1357,159,0,0,159,2558,159,159
1084,159,159,0,159,-1357,0,159,-1357,159,159,159,116,0,159,159,6486,159,0,2558,159,159,159,0,2558,159,1084,159,116,0,159,159,6486,159,-1357,159,2558,159,6486
159,159,159,0,159,159,159,159,159,159,159,159,6486,2558,-2339,-1357,1084,159,-2339,-1357,6486,-1357,159,-1357,159,2558,-2339,159,159,159,1084,159,-2339,159,159,2558,159,159,6486
159,159,159,2558,0,159,159,159,-1357,159,159,159,0,-1357,159,159,-1357,-1357,159,2558,-1357,159,159,6486,159,0,2558,6486,0,6486,0,-1357,0
2558,2558,159,-1357,-1357,159,2558,-2339,159,1084,159,2558,159,168,159,159,159,2558,-1357,-1357,159,159,159,159,159,0,159,159,159,-1357,159,159,159,159,159
159,159,-1357,159,1084,-1357,159,6486,159,116,159,-1357,159,-1357,2558,1084,159,159,159,1084,0,0,159,-2339
159,159,159,2558,2558,159,159,159,159,159,159,159,-1357,159,1084,159,6486,0,-1357,159,0,159,-1357,2558,116,159,2558,159
159,1084,159,1084,159,159,-1357,2558,159,2558,159,2558,159,-1357,159,159,-1357,229,2558,6486,159,2558,159,159,159,159,2558,-1357,159,159,159,2558,159,159,0,159,159
2558,2558,159,159,159,-2339,2558,159,159,6486,159,168,2558,159,0,159,159,6487,-1357,159,-1357,159,159,159,159,-1357,159,159,159,2558,159,2558,159,159
0,159,159,-1357,159,159,1084,159,1084,0,159,159,0,159,2558,159,2558,159,2558,159,2558,159,6486,159,2558,159,-1357,0,159,0
159,159,159,159,159,2558,2558,2558,159,159,159,159,159,159,159,159,159,159,-2339,-1357,-1357,159,-1357,2558,1084,159,2558,159,159,159
0,-1357,159,159,0,159,159,2558,159,2558,159,159,116,159,1084,-1357,0,159,2558,159,2558,0,1084,159,159,0,1084,159,6486,159,159,0
-2339,159,-2339,-1357,159,159,159,159,116,0,1084,-1357,159,159,6486,2558,2558,159,1084,159,1084,159,6486,159,6486,159,-2339,159,159,159,159,159,159,2558,260,-1357,159,0
159,0,159,-1357,159,-1357,2558,0,159,159,159,6486,159,159,-1357,0,159,168,0,116,159,159,159,-1357,-1357,159,159,159,-1357,-1357
159,159,-1357,6486,-1357,0,-1357,2558,159,159,159,6486,159,-2339,2558,116,159,0,159,-1357,159,159,159,159,159,159,0,-1357,159,159,159,-1357,0,159,-1357,159,159,2558,159,159,0,2558,159,159,2558,0,-1357,159,159,2558,159,0,159,159,116,159
159,2558,159,159,-2339,159,1084,159,-1357,159,159,159,159,2558,-2339,159,159,159,168,-1357,6486,159,168,159,168,0,0,2558,-1357,159,260,159,-1357,0,159
159,159,159,159,159,159,159,-1357,159,159,159,2558,159,159,159,159,159,0,-1357,159,159,0,0
2558,159,2558,159,159,159,0,-1357,159,159,0,-1357,2558,159,-1357,159,159,159,2558,0,-1357,159
-2339,159,116,0,-2339,159,116,0,159,-1357,1084,159,6486,159,1084,159,6486,159,159,159,-1357
2558,159,159,159,0,-1357,159,159,159,159,2558,260,159,159,159,159,159,2558,159,159,0
-1357,159,2558,6486,159,2558,159,159,6486,159,159,159,2558,0,159,2558,159,159,159,159
6486,-1357,6486,159,168,159,168,-1357,6486,-1357,159,159,6481,159,168,159,6486,-1357,-1357,159
159,1084,159,159,159,0,159,1084,159,6486,159,2558,159,2558,159,2558,0,159,159,2558,159
-1357,-2339,0,159,2558,1084,159,1084,159,6486,159,-1357,159,-1357,159,2558,159,116,0,159,159,6486,159,-1357
159,2558,159,6486,159,0,159,1084,159,116,0,159,2558,-2339,159,159,159,-2339
159,0,159,159,159,-1357,159,159,159,159,159,159,159,159,2558,-1357,2558,159,-1357
2558,159,159,159,-2339,2558,159,159,6486,159,168,159,159,159,159,159,159,159
-1357,159,-1357,159,159,-1357,0,143,2558,260,0,6486,159,159,159,2558,159,-1357,159,159
1084,159,-1357,0,1084,159,-1357,159,2558,159,159,0,6486,159,0,159,6486,159
6486,-1357,0,159,-2339,159,6486,116,2558,2558,-1357,2558,159,-1357,159,159,0,159,2558,159
159,159,159,2558,159,159,159,2558,159,159,0,159,159,-1357,0,159,159,0,159,159,6486,159,159,159,-2339,159,116,159,1084,159,159,159,159,159,116,159,6486,159,6486,159,-1357,159,229,159,159,2558,-1357,159,159,159,159,159,2558,159,159,2558,159,2558,159,2558,0,-1357,159,159,159,116,0,159,159,1084
159,159,159,2558,-1357,-1357,-1357,159,2558,159,159,159,159,2558,0,-1357,159,-1357
159,6486,2558,-2339,159,229,2558,168,159,260,-1357,168,0,159,-1357,2558
0,159,0,159,159,2558,159,159,6486,159,159,159,1084,159,6486,159,159,159,1084,-1357
2558,2558,159,1084,0,6486,159,-2339,159,2558,159,0,159,159,2558,0,-1357,2558,159,-1357,159,6486,159,159,159
-1357,0,-1357,159,159,159,159,159,159,2558,159,1084,159,159,159,6486,159,-2339,159,159,-1357,0,159,2558,159,0,159,149,159,260,159,159,159,159,0
1084,159,1084,159,116,159,143,159,260,159,168,159,159,-1357,159,-1357,159,159,113,159,159,2558,0,159
-1357,159,116,0,1084,159,116,159,2558,159,2558,159,6486,159,-2339,159,116,159,6486,159,116,0,2558,-1357,159,0
6486,159,2558,-1357,-2339,2558,6486,159,159,159,-1357,2558,168,2558,159,2558,260,0,6486,2558,159,159,159,159,-1357,-1357,159,159
159,1084,0,1084,159,-1357,-1357,159,159,116,159,1084,0,1084,159,116,159,1084,159,6486,159,1084,159,-2339,159,1084,159,116,0
159,159,159,159,159,159,159,2558,159,6486,159,-2339,159,2558,159,2558,159,0,159,159
-1357,159,0,159,159,159,2558,159,159,0,159,-1357,159,0,-1357,-1357,159,0,0,159,2558
159,116,0,159,159,6486,159,0,2558,159,159,159,0,2558,159,1084,159,116,0,159,159,6486,159,-1357,159,2558
159,159,159,159,159,159,6486,2558,-2339,-1357,1084,159,-2339,-1357,6486,-1357,159,-1357,159,2558,-2339,159,159,159,1084,159,-2339,159,159,2558,159
0,-1357,159,159,-1357,-1357,159,2558,-1357,159,159,6486,159,0,2558,6486,0,6486,0,-1357,0,159,159,116,159,116
1084,159,2558,159,168,159,159,159,2558,-1357,-1357,159,159,159,159,159,0,159,159,159,-1357,159,159,159,159,159,0,-1357
1084,159,159,159,1084,0,0,159,-2339,159,0,2558,229,2558,159,159,159,159,159,0,159,159,159
-1357,-1357,159,159,159,-1357,159,0,159,0,-1357,159,159,0,159,1084,2558,-2339,0,159,159
159,6486,-1357,2558,159,-2339,159,-2339,159,0,-1357,2558,159,0,159,2558,159,2558,159,229
0,159,159,159,2558,-2339,159,1084,159,-1357,159,159,159,143,2558,260,159,0,-1357,159,0,159,159,159,159,159,2558,159,159,0
159,-1357,2558,2558,159,1084,0,159,-2339,159,2558,159,0,159,159
159,159,2558,2558,2558,159,-1357,159,0,-1357,159,159,159,159,159,159,159,159,159,2558,1084,159,6486,0,-1357
-1357,6486,159,-2339,159,159,159,-1357,-1357,2558,159,1084,159,6486,159,159,159,116,159,116
-1357,0,159,159,159,-2339,159,159,2558,6486,-1357,0,159,2558,159,2558,159,159,159,159,159,2558,159,6486,159,0,159
0,159,159,159,-1357,159,159,159,159,159,159,2558,159,2558,159,2558,159,2558,159,2558,159,6486,159,2558,-1357,-2339,2558
159,159,-1357,-1357,159,159,-1357,159,159,0,-1357,159,159,-1357,2558,159,159,159,159,159,159,2558,159,2558,159,2558
0,159,116,0,0,159,2558,159,2558,159,2558,159,-2339,159,1084,159,1084,159,116,159,143,159,260,159,2558,0,159,159
2558,159,-1357,2558,2558,159,1084,0,1084,2558,-2339,159,-1357,159,159,-1357,2558,159,0,159
159,1084,159,159,159,1084,159,159,159,0,2558,116,0,2558,159,1084,0,2558,159
6486,159,-2339,159,159,159,1084,159,-1357,159,-2339,0,6486,-1357,0,159,-1357,0,1084,2558,-1357,159,159
-2339,159,1084,159,116,0,1084,159,116,159,2558,159,159,159,116,0,1084,-1357,159,159,6486,159,159,2558,6486,159,159
-1357,159,159,159,159,-1357,2558,159,159,159,159,6486,159,6486,159,159,159,0,0,1084,159,-2339,2558,-1357,-1357,6486
0,1084,159,6486,159,0,159,-2339,-1357,-2339,159,159,159,1084,2558,2558,159,2558,2558,158,159,159,-1357,159,2558,159
159,159,159,-2339,159,116,0,2558,-1357,6486,-1357,0,159,2558,159,159,0,1084,-1357,159,-1357,2558,0159,159,2558,159,159,-1357,159,159,159,2558,-1357,2558,0,159,159,116,159,-1357,2558,-2339
159,159,159,113,-1357,159,159,159,159,159,159,159,159,2558,-1357,159,2558,159,0,-1357,159,2558
159,159,159,159,159,159,159,2558,2558,159,159,-1357,0,159,0
-2339,0,6486,-1357,0,159,-1357,0,1084,2558,-1357
159,159,6486,159,0,159,-1357,0,-1357,2558,2558,2558,159,-1357,1084,159,116,0
2558,159,-1357,159,159,159,159,159,0,159,2558,-1357,-1357,159,159,159,-1357,2558,-2339,0,0
-2339,159,-2339,-1357,159,159,159,159,2558,6486,159,6486,159,0,-1357,159
2558,159,6486,159,6486,-1357,-1357,-1357,159,0,1084,0,2558,159,6486,159,-2339,159,159,159,0,159,1084,159,116,2558,-1357
159,168,159,168,0,-1357,159,6486,159,6486,159,-1357,0,159,-1357,1084,159,6486,159,168,159,159,159,2558
159,159,-2339,159,159,159,2558,159,0,159,-2339,159,0,159,2558,159,2558,159,159,168,0,159
-1357,-1357,159,159,159,-1357,159,159,159,159,159,159,1084,159,159,159,1084,159,-2339,159,-1357,159,0,-1357,159,159,159
-1357,-1357,159,159,159,159,159,0,159,159,2558,159,2558,159,159,159,159,159,159,159,2558,6486,159
1084,159,1084,-1357,2558,159,2558,159,2558,159,6486,159,-2339,159,159,2558,116,159,159,159,260,159,159
0,-1357,116,159,2558,159,1084,159,6486,159,159,159,-1357,-1357,1084,159,0,-1357,159,-1357,159,159,2558,159,1084,159,0,2558,-2339,0,1084,159
159,1084,0,2558,159,2558,159,6486,159,2558,159,6486,159,-2339,159,1084,159,168,159,-1357,159,0,159,-1357,168,159,149,159,2442,159,2558,159,2558,-1357,159,159
159,-1357,159,1084,159,159,159,159,1084,159,116,159,1084,159,116,159,159,159,159,159,159,159,159,159
159,-2339,159,-1357,159,1084,2558,1084,159,116,0,0,159,1084,159,1084,159,159,-1357,2558,159
1084,2558,159,159,260,2558,159,-1357,159,159,2558,159,159,159,-1357,0,159,159
6486,159,-2339,-1357,1084,159,-2339,159,159,159,1084,0,0,159,1084,159,159,159,1084,159,6486,159,6486,159,6486
159,159,159,-1357,159,159,159,2558,159,159,-1357,159,2558,159,2558,0,-1357,159,159
2558,159,159,159,-2339,159,0,0,-1357,-1357,6486,159,-1357,0,6486,159,0,159,2558,-1357,159,0,159
1084,-1357,2558,159,1084,159,116,159,116,0,159,159,-2339,2558,6486,159,-1357,2558,-2339,-1357
0,-1357,-1357,-1357,159,159,159,0,159,0,-1357,2558,2558,-1357,-1357
159,6486,0,1084,159,-2339,2558,6486,159,0,159,6486,159,1084,159
-1357,159,-2339,2558,116,159,159,2558,6486,159,168,2558,159,0,159,-1357,1084,159,168,159
159,159,-1357,0,159,159,0,159,116,159,1084,-1357,1084,159,159,2558,-2339
159,149,159,168,0,159,159,-1357,159,159,159,0,159,159,159,159,159,159,-1357,159,159,159,159
-1357,159,159,159,159,0,-1357,2558,159,159,0,-1357,159,159,-1357,-1357,-1357
159,0,159,2558,159,6486,159,143,159,260,159,159,159,-1357,159,159,159,159,2558,159
-1357,2558,159,159,116,159,1084,159,-1357,159,2558,159,0,-1357,2558,159,1084,-1357,2558,159
159,2558,159,0,0,-1357,-1357,6486,159,159,159,-2339,159,159,159,-2339,159,0,159,2558,159,2558,159,2558,159,168,0
-1357,-1357,-1357,-1357,-1357,159,159,159,-1357,159,0,159,159,159,159,159,-1357,159,159
159,0,159,1084,159,159,159,-1357,159,168,159,2558,159,159,159,-1357,159,159
159,159,0,-1357,-2339,159,2558,159,6486,159,-2339,159,116,159,159,159,2558,159
159,-1357,159,-1357,159,159,-1357,-1357,159,159,159,0,159,159,-1357,-1357,159,159,159,2558,2558,159,0,159,-1357
0,159,-1357,0,159,2558,0,159,159,159,159,-2339,2558,116,159,0,159,-2339,159,0,159
159,159,159,116,2558,-1357,159,1084,-1357,2558,159,0,-1357,116,159,159,159,1084
159,159,159,159,159,159,159,0,159,159,-1357,-1357,-1357,159,159,159,2558,0,159,159,159,159
1084,-1357,-1357,159,0,159,2558,159,2558,159,159,159,0,159,2558,0,6486,159,116,159
-1357,2558,159,0,159,1084,159,159,159,0,159,229,2558,143,0,143,2558,260
159,159,-1357,159,159,159,159,159,159,159,159,1084,159,-2339,159,159,0
2558,159,1084,159,-1357,0,1084,159,-1357,159,2558,159,159,0,6486,159,0,159,6486
2558,-1357,-1357,2558,-1357,159,-2339,159,159,159,-1357,0,159,-1357,6486,-1357,159
159,2558,159,159,159,2558,159,2558,159,2558,159,168,159,149,2558,159,159
6486,159,2558,159,2558,159,0,159,-1357,159,-1357,159,0,159,-2339,159,6486
159,159,159,159,0,159,2558,159,159,159,159,159,0,-1357,159,159,-1357,159,159
0,6486,159,116,159,-1357,116,0,159,-1357,159,159,159,159,159,159,159,159
159,159,159,159,159,159,159,0,159,159,2558,159,159,159,159,159,1084,159
159,159,-1357,159,1084,2558,0,0,2558,159,1084,159,159,159,1084,159,159,-1357,2558,159
159,159,159,1084,159,-1357,-1357,116,159,2558,159,1084,159,116,0,159,159,6486,159,-1357,159,2558
159,159,-1357,2558,2558,159,2558,159,159,-1357,159,159,159,159,159,159,0,159,2558
159,159,2558,159,2558,159,-1357,159,159,159,159,159,159,159,2558,159,159,-2339,159
159,159,159,0,159,1084,159,0,159,229,2558,159,159,168,159,6486,2558,159,159,159,-1357,159,159,2558,159,-1357,159,159,159,2558,159,0,159,159,159,159,0,-1357,0,159,2558,0,159,159,-1357
-1357,2558,159,2558,2558,159,0,159,0,159,159,-1357,-1357,6486,0,159,159,159,159,6486,159,159,159,6486,159,1084
0,159,159,159,159,159,159,159,159,2558,159,159,-2339,159,6486,159,116,159,116,0,1084,159,-1357,2558,2558,159,1084,0,159,2558,6486,159,0,159,1084,159,116,2558,-1357,159,6486,159
159,159,159,2558,-1357,0,1084,159,-1357,159,2558,0,6486,159,-2339,159,-1357,159,-2339,-1357,159,159
159,-2339,2558,116,159,159,159,6486,159,0,-1357,2558,159,1084,0,0,159,-2339,2558,2558
159,0,159,-1357,159,159,159,159,-1357,-1357,159,159,159,159,159,-1357,0,159,159
-1357,159,2558,159,159,159,159,159,159,-1357,159,2558,159,2558,0,-1357,159,159,159,116
-1357,-1357,6486,159,-1357,0,6486,159,0,159,2558,159,2558,159,2558,0,1084,0,1084,-1357,159
159,116,159,116,159,116,159,159,159,-1357,-1357,-1357,-1357,2558,159,1084,159,2558,159,2558,159
-1357,-1357,2558,159,1084,0,6486,-1357,-1357,159,159,0,159,159,0,159,1084,159,159,159
159,159,159,159,159,159,0,159,159,6486,2558,2558,159,159,159,-2339,159,2558,2558,1084
2558,159,2558,-2339,159,116,0,1084,159,116,0,159,-1357,159,159,6486,159,-2339,159,159,159,159,0,1084,159
6486,159,-1357,2558,-1357,-1357,159,159,6486,159,1084,0,1084,159,2558,159,2558,159,1084,2558
159,159,159,159,159,159,159,159,0,159,-1357,159,0,159,-1357,159,2558,159,159,159
0,1084,0,2558,-1357,6486,159,6486,159,159,0,2558,159,-2339,159,116,159
159,159,159,2558,-1357,-1357,159,159,159,0,159,159,2558,0,-1357,159,159,2558
159,159,159,0,159,-1357,159,159,-1357,-2339,159,0,159,2558,159,2558,159,159,159,229,2558
0,-1357,-1357,159,159,159,2558,159,0,2558,-1357,0,1084,159,0,159,2558,159,159,-1357,6486
159,-1357,159,159,2558,159,159,159,159,159,159,159,159,159,2558,159,159,159,159,-1357,-1357,159,159
-1357,6486,-1357,0,-1357,159,2558,-2339,0,159,159,159,0,2558,159,-2339,159,116,0
116,1084,159,116,0,159,159,-2339,159,159,-2339,159,159,2558,-2339,0,159,-1357,159,-1357,-1357,1084
1084,159,159,159,229,159,159,2558,-1357,159,159,0,-1357,2558,2558,159,159,-1357,2558,2558,159,159,2558,159,0,-1357,159
2558,159,6486,-1357,159,2558,6486,159,159,2558,6486,0,1084,0,159,159,159,2558,-2339,159,159,-1357,6486,159,116
159,1084,159,6486,159,2558,159,6486,159,158,2558,260,2558,-1357,159,2558,0,159,159,159
159,6486,0,116,-1357,6486,159,0,159,-1357,159,-1357,2558,0,159,159,159,6486,159,159,-1357
159,159,-1357,-1357,159,159,0,-1357,159,159,0,2558,0,159,2558,159,-1357,159,-1357,0,-1357,159
159,0,-1357,159,159,0,1084,159,159,159,116,159,1084,0,0,2558,159,159,0,-1357,1084
159,6486,159,1084,159,6486,159,159,159,116,-1357,1084,159,159,159,159,159,1084,159
2558,159,2558,159,2558,159,159,159,-2339,159,-2339,159,6486,2558,2558,159,2558,159,2558,159,2558,159,2558,159,159,159,229,-1357,260,159,2558,159,159,159,159,159,-1357,159,159,159
6486,-1357,159,159,6486,159,159,2558,2558,159,-1357,6486,159,159,159,-2339,159,116,159,1084,159,159,159,-1357,-1357,1084,-1357,6486
159,-2339,2558,2558,159,1084,159,168,159,159,159,260,159,2558,2558,-1357,0,159,2558
-1357,159,159,159,159,-2339,159,-1357,159,1084,159,-2339,159,159,159,6486,159,-1357,-1357,2558,159,159,159
159,-2339,159,159,159,-2339,159,159,159,6486,159,1084,159,116,159,-1357,159,116,159,143,159,-1357,0,159,159,6487
-1357,159,2558,159,159,159,-2339,159,1084,159,116,0,159,0,0,159,159,159,0,159,159,159,-2339,159,159
159,159,-1357,-1357,159,0,0,159,2558,159,159,1084,2558,2558,159,159,159,1084,0,1084
-2339,159,159,159,159,159,2558,159,2558,159,0,0,-1357,-1357,6486,159,159,159,-2339,159
-2339,2558,159,159,159,2558,159,159,159,159,-1357,-1357,-1357,-1357,-1357,159,159,159,-1357,159,0,159,159,159
159,159,159,159,159,159,159,159,2558,-1357,159,159,0,2558,159,159,-1357,159,116
159,159,1084,-1357,6486,159,0,159,2558,159,2558,159,2558,159,229,2558,159,159,159,159,159,159,159,2558
159,2558,0,116,159,-1357,159,-2339,2558,-1357,-1357,6486,159,1084,0,-1357,159,159,159,159,0,-1357,159
159,-1357,0,0,159,2558,159,2558,159,6486,159,0,-1357,159,159,-2339,159,116,0,-2339,159,116,0
159,159,0,159,159,159,116,0,2558,159,6486,159,159,-1357,159,-1357,6486,159,0,159,1084
6486,159,-2339,-1357,6486,-1357,-1357,-1357,159,159,1084,159,6486,159,2558,159,2558,159,159,159,159,159,159,0,1084,159
0,6486,-1357,0,159,-1357,0,1084,159,-2339,159,159,159,2558,159,-1357,159,-1357,159,1084,-1357,2558,159,1084,159,159,159,116,159,159,-1357
159,159,159,-1357,159,159,159,159,-1357,-1357,159,159,0,159,2558,159,159,159,1084,-1357,-1357,0,-1357,-1357
159,0,-1357,159,159,159,-2339,159,-1357,159,-2339,-1357,159,159,0,159,-2339,159,6486,159,2558,159,159,-1357,2558,2558,2558,159,1084
159,159,159,159,-1357,159,0,-1357,159,-1357,159,159,-1357,0,-1357,159,159,6486,0,-1357,159,-1357,159,116
6486,159,-2339,-1357,1084,159,-2339,159,159,2558,0,159,2558,159,0,2558,159,0,1084,-1357,159,159
159,159,159,-1357,1084,-1357,0,0,1084,159,116,159,-2339,0,6486,-1357,159,-1357,2558,0,1084
159,159,159,1084,159,-2339,159,159,159,159,159,6486,-1357,1084,0,159,159,1084,159
-1357,2558,159,-1357,159,1084,159,159,159,1084,2558,159,2558,159,168,0,159
159,159,159,159,159,159,159,0,159,159,159,159,-1357,159,159,0,159
159,-2339,159,159,159,-2339,159,2558,159,159,2558,-2339,159,159,159,229,0,159,159
159,159,159,-1357,159,0,159,159,2558,-1357,159,159,0,-1357,159,2558,159,159,159,159
159,0,159,6486,159,159,159,159,159,159,0,168,-1357,1084,159,0,159,229,159,159
159,159,159,159,-1357,159,159,159,-1357,0,159,-2339,159,159,159,159,-1357,1084,159,0,159
2558,159,159,-1357,159,159,-1357,159,0,159,159,159,-2339,2558,2558,159,159,2558,-9
159,229,159,159,159,113,159,159,159,159,0,0,159,0,159,159,-1357,159,2558,159,159
159,1084,159,1084,159,-1357,0,116,-1357,6486,159,6486,159,6486,-1357,159,159,159,159,-1357,2558
6486,159,168,159,260,159,-1357,159,159,-1357,159,159,-1357,0,159,159,159,-1357,159
-1357,159,159,2558,159,159,159,159,159,159,159,159,159,2558,159,159,2558
116,0,2558,159,6486,159,0,159,0,159,6486,159,159,159,159,159,-1357,2558,6486,159
159,-1357,159,159,-1357,2558,-1357,159,-2339,2558,116,159,159,2558,6486,159,168,159,159,159,159,159
159,0,159,6486,159,1084,159,-2339,159,159,159,1084,-1357,0,0,1084,159,-2339,2558
-2339,159,159,2558,6486,-1357,0,159,2558,159,2558,159,159,0,6486,159,159,0,1084,-1357,159
116,0,1084,159,159,159,-2339,-1357,-2339,159,0,159,2558,159,2558,159,2558,159,159,159,168,159,159
159,2558,159,159,2558,159,159,159,159,159,2558,-1357,159,159,159,-1357,2558,0,159,0,-1357,-1357
159,-2339,159,159,159,-1357,159,229,2558,159,159,159,-1357,-1357,159,159,159,159,0,159
-1357,159,0,159,1084,159,116,2558,2558,159,2558,159,159,159,168,159,159,2558,159,159,-1357,159
159,159,159,159,2558,-2339,159,6486,159,-2339,159,2558,159,2558,159,159,159,-2339,159,0,0,-1357,-1357
2558,-1357,-1357,159,2558,116,159,970,-1357,2558,159,159,159,1084,159,-2339,159,1084,-1357,0
159,-1357,159,2558,159,159,159,159,2558,159,159,0,159,159,159,159,0,159,0,159,159,0
159,2558,6486,159,159,159,2558,0,159,2558,159,2558,159,159,159,159,159,159,159,159,159,159
116,0,-1357,159,6486,159,116,159,0,159,2558,159,6486,-1357,159,2558,6486,159,2558,159,2558,0,159,159,2558
159,143,159,6486,159,159,159,159,159,0,159,-1357,159,159,159,2558,159,159,159,159,159,159,2558,159,6486
159,260,159,159,0,159,159,-1357,2558,159,-1357,113,-1357,113,159,-1357,-1357,159,159,159,159,159,0,159
159,159,159,-2339,159,0,159,1084,159,1084,159,-2339,0,1084,159,-1357,159,116
1084,159,116,159,159,0,159,159,1084,0,1084,2558,-2339,159,116,0,159,159,0
2558,-1357,6486,159,6486,159,159,0,2558,159,-2339,159,116,159,1084,159,-2339,159,2558,159,0,-1357,2558
159,2558,-1357,-1357,159,159,159,0,159,159,2558,0,-1357,159,159,2558,159,-1357,159,159,159,159,159,2558,159,2558
0,159,2558,159,2558,159,159,159,229,2558,159,0,159,159,-9,2558,159,2558,159,159,159,159
1084,159,0,159,2558,159,159,-1357,6486,159,159,0,159,-1357,0,159
159,159,159,159,159,159,159,159,2558,159,159,159,159,159,-1357,-1357,159,159,159,0,159,159
0,159,159,159,0,2558,159,-2339,159,116,0,-1357,159,159,0,159,6486
6486,159,-2339,159,2558,-2339,0,159,159,-1357,159,-1357,1084,159,116,0,2558,159,159,2558
-1357,159,159,159,159,159,159,0,159,159,159,0,-1357,-1357,159,-1357,159,0,-1357,159,159,159
2558,159,-1357,0,0,159,159,159,-2339,-1357,0,159,159,-1357,159,159,1084,-1357,159
-1357,159,-1357,-1357,-1357,0,0,159,159,2558,6486,2558,2558,2558,116,159,116,0,1084,159,116
0,159,2558,159,168,159,2558,159,159,159,159,159,-1357,159,159,159,159,2558,-1357,-1357,-1357,2558,159,0
1084,0,2558,0,0,159,159,2558,6486,2558,2558,2558,116,159,116,0,1084,159,116,0,159,159,-2339,2558,6486,159,0,0,1084
2558,-1357,159,159,0,159,159,159,0,159,159,159,159,159,0,159,0
-1357,159,-1357,159,1084,-1357,2558,159,1084,159,159,159,116,159,159,-1357,6486,159,-2339,159,1084,159
2558,159,1084,159,168,0,229,2558,159,0,1084,159,-1357,159,-9,0,0,2558,2558
159,159,159,159,159,0,159,159,2558,-1357,-1357,-1357,0,159,159,2558,159,-1357,-1357
159,-1357,159,-2339,-1357,159,159,0,159,6486,159,-2339,2558,6486,159,-1357
116,159,159,159,6486,159,0,-1357,2558,159,1084,0,0,159,-2339,2558,2558
159,159,2558,159,159,159,0,159,-1357,159,159,159,159,-1357,-1357,159,159,159,159,159
2558,159,159,159,168,159,159,2558,159,159,-1357,159,2558,159,159,159,159,159,159
6486,159,-2339,159,2558,159,2558,159,159,159,-2339,159,0,0,-1357,-1357,6486,159
159,2558,159,159,159,-1357,159,159,2558,-1357,159,159,159,159,159,159,159
159,-2339,159,159,159,6486,159,-1357,-1357,2558,159,159,159
159,-2339,159,159,159,6486,159,1084,159,116,159,-1357,159,116
159,2558,159,-1357,0,1084,-1357,2558,159,159,159,6486,159,116,159
-2339,-1357,-2339,159,159,159,-2339,-1357,1084,159,-1357,2558,2558,159,1084,159,116,159,116,0,2558
-1357,0,159,2558,159,159,0,159,159,1084,159,116,159,2558,159,159,159,1084
159,159,-1357,2558,2558,159,159,2558,143,159,168,159,159,159,0,159,0,159,159,159,159,159
116,159,159,0,1084,159,116,0,-2339,159,116,0,159,159,116,159,-1357,159,159,159,159,159,6486
159,2558,116,-1357,159,159,1084,159,-1357,159,159,159,6486,159,1084,159,-1357,159,168,159,149,-1357,159,2558,159
159,0,-1357,-1357,159,159,0,159,2558,0,0,159,-1357,159,1084,159,6486,159,-1357,2558,-1357,159
159,-1357,159,2558,159,2558,0,-1357,159,159,159,-1357,2558,-2339,0,159,159,-2339,0,159
159,159,116,2558,168,159,159,159,2558,-1357,-1357,159,159,159,159,159,0,159,159,159,159,159,159,0
0,159,159,6486,159,0,159,1084,159,116,159,2558,159,159,2558,159,0,168,159,-9,2558,0,159,113
0,159,-1357,0,159,159,159,159,-2339,159,0,159,159,159,1084,159,1084,-1357,6486,159,0
2558,6486,159,-1357,2558,-2339,0,6486,-1357,-1357,-1357,-2339,0,159,2558,1084,159,1084,159
159,159,-1357,159,-1357,159,2558,159,0,159,0,159,159,159,2558,-1357,159,2558,0
-2339,159,-1357,0,-2339,-1357,159,159,2558,159,2558,159,2558,0,1084,2558,159,2558,-1357,159,116,0
0,1084,159,6486,159,2558,159,159,159,-1357,159,-2339,159,116,159,-1357,2558,-1357,159,-1357,2558,-1357,-1357,159
159,0,159,159,159,0,2558,159,2558,0,-1357,159,159,2558,159,-1357,159,159,0,159,159,159,159,159
2558,-1357,-1357,-1357,159,116,0,1084,159,-1357,159,2558,159,159,159,2558,159,2558,159,2558,159,229,-1357,1084,-1357,6486
159,-1357,159,159,2558,159,0,159,-1357,159,0,0,159,0,0,159,159,-1357,159,-1357,159
116,159,1084,159,-1357,159,2558,0,159,116,2558,159,159,1084,159,116,2558,159
-1357,143,159,0,159,-1357,159,-1357,159,159,159,0,-1357,159,159,159,159,2558,2558,159,-1357,2558
159,159,159,-1357,0,-1357,159,159,6486,159,-2339,159,2558,159,2558,159,0,159,159,2558,116,0,1084
159,116,0,159,159,6486,159,159,159,116,2558,-1357,0,1084,159,116,0,159,159,2558,159,-1357
159,229,-1357,260,-1357,159,159,159,159,159,159,159,2558,159,159,159,159,159,159,159,159,159,2558,-1357,159,159,0
159,159,6486,159,0,159,0,159,159,159,159,0,1084,159,159,159,0,159,-1357,159,159,-1357,229,2558,6486,159,2558,159
2558,159,2558,159,2558,159,2558,159,1084,159,1084,-1357,159,159,0,159,2558,159,168,0,159,159,168,159,168,159,159
159,6486,159,159,159,1084,159,-2339,-1357,2558,159,2558,159,2558,0,1084,2558,159,2558,-1357,159,116,0,1084,159,116,0,159,159,-2339,159,6486
159,6486,159,0,159,6486,159,-2339,159,-2339,-1357,2558,2558,-2339,159,116,159,-2339,0,159,159,159,2558,159,0,1084,159,6486,159,0,159,159,159,6486
159,116,159,116,0,1084,0,159,159,1084,159,6486,159,-1357,2558,159,159,6486,159,0,159,159,0
159,2558,159,2558,159,6486,159,1084,-1357,6486,159,0,159,1084,159,0,-1357,-1357,2558,2558,159,6486,159,-2339,159,1084,159,6486,159,158
-2339,159,6486,159,-2339,159,159,159,6486,159,-1357,159,1084,2558,2558,159,2558,159,116,0,1084,0,1084,159,159,0,1084,159
159,2558,0,159,2558,159,159,159,-2339,2558,6486,159,143,159,260,159,159,0,168,159,-1357,159,260,0,-1357,159,159,159,159,-1357,168,2558
159,0,0,1084,0,2558,0,0,159,159,2558,6486,2558,2558,2558,116,159,1084,-1357,1084,159,116,0,2558,159,159,159,159,159,6486
159,159,-2339,159,-1357,0,116,159,6486,0,159,159,159,159,-2339,159,6486,-1357,159,2558,6486,159,159,2558,6486
-2339,159,159,2558,-2339,2558,2558,159,1084,159,168,159,159,159,159,159,159,159,159,159,-1357,159,159,159,2558
6486,159,-2339,0,159,159,2558,159,159,159,116,159,0,159,-2339,159,116,0,-2339,159,159,-1357,-1357,-1357,0,-1357,159,159,6486,159,0
159,159,0,159,2558,6486,2558,2558,159,6486,-1357,1084,159,1084,-1357,-1357,2558,116,159,-1357,2558,159,159,159,-1357,2558,159,159
6486,159,1084,1084,159,-1357,159,159,2558,116,159,970,2558,-2339,159,159,0,260,159,159,159,159,159
2558,2558,159,6486,159,0,159,159,2558,-2339,159,168,159,2558,159,-1357,159,159,159,159,159,159,0,159,0,2558,2558,159
116,159,-2339,0,159,159,159,2558,159,0,1084,159,6486,159,0,159,2558,159
159,159,-1357,159,159,159,159,159,2558,159,159,159,159,159,159,159,-1357,159,0,159,0,1084,-1357,0,159,2558,-1357,2558
0,159,-1357,0,159,159,1084,-1357,6486,159,159,159,116,0,159,159,159,159,-2339,159
159,159,-1357,159,2558,159,-1357,159,0,159,159,159,0,159,159,-1357,-1357,159
-1357,159,116,0,116,159,159,159,6486,159,116,159,159,159,-2339,2558,6486,159,143,159,229,159,159,0,168,159
159,6486,159,159,159,2558,159,6486,159,-2339,159,6486,159,-1357,159,1084,159,-2339,159,1084,159,6486,0,159,-1357,-1357,159
159,159,0,159,2558,0,159,2558,6486,159,1084,159,-1357,-1357,6486,159,0,-1357,159,159,0,2558,116,159,0,159,-1357,159,159,2558
159,1084,159,-2339,159,-1357,159,1084,159,1084,159,116,159,158,159,260,-1357,168,159,6487,159,159,-1357,159,159,159,159,159,159,-1357
159,2558,-1357,159,116,0,1084,159,116,159,2558,159,2558,159,6486,159,-2339,159,116,159,6486,159,116,0,2558,159,2558,159,2558
0,159,159,-1357,159,0,159,159,2558,159,159,159,-1357,0,159,159,2558,159,159,0,159,159,159,-2339,-1357,0,159
159,113,2558,159,0,159,159,159,0,159,159,159,2558,-1357,159,159,159,2558,159,159,159,0,159,0,0,159,2558,159
159,229,2558,159,159,159,2558,6481,0,2558,159,159,0,2558,159,159,159,159,-1357,159,159,-1357,0,159,159,159,159,-1357,159,0,159,159,0,-1357
6486,159,159,159,-2339,159,116,159,159,159,-1357,159,970,2558,-1357,159,168,159,2558,159,159,159,-1357,159,159,159,0,0,159,0,159
1084,159,6486,159,2558,159,6486,159,-2339,159,116,159,6486,159,-2339,-1357,2558,159,2558,159,2558,159,2558,0,159,159,2558,2558,0,6486,159,6486,0
-1357,-1357,159,159,-1357,0,2558,159,0,159,2558,159,2558,159,2558,159,2558,159,159,159,1084,159,-2339,0,6486,-1357,0,159,1084,159,2558
159,-2339,-1357,2558,159,2558,159,2558,2558,159,0,159,159,159,159,159,159,-2339,159,6486,159
116,159,116,0,159,2558,-1357,0,1084,159,-1357,159,-2339,159,116,159,2558,159,116,-1357,6486,159,-2339,-1357,6486,-1357,-1357,-1357,159,159,1084,159,6486
159,159,-2339,159,159,0,6486,0,0,159,159,159,2558,159,2558,2558,159,159,6486,159,159,-1357,159,-1357,6486
159,2558,159,116,-1357,1084,159,-2339,159,1084,159,116,159,116,0,159,159,-2339,2558,6486,159,-1357,2558,-2339,0,6486,-1357
0,-1357,-1357,159,159,159,-1357,0,2558,159,159,2558,0,159,0,-1357,159,159,-1357,1084,159,6486,159,6486,159
159,159,159,168,159,159,159,260,159,159,0,-1357,159,159,159,159,159,159,0,-1357,159,-1357,2558,159,159,159,2558,-1357
0,159,-2339,159,1084,159,168,159,149,159,159,159,2558,0,159,0,-1357,159,159,159,0,-1357,159,159,0,159,159,159
0,159,159,2558,159,1084,159,1084,-1357,-1357,6486,0,1084,159,6486,159,159,1084,159,159,159,159,159
0,1084,159,116,0,159,159,-2339,159,6486,159,-2339,159,159,2558,-2339,0,159,159,-1357,159,-1357,-1357,1084
159,159,159,0,159,159,159,0,-1357,-1357,159,-1357,159,0,-1357,159,159,159,2558,159,2558,159,159,2558,159
1084,159,159,159,1084,159,-2339,159,159,2558,168,0,159,159,159,2558,260,159,159,-1357,159,159,2558,2558,-1357
159,-1357,0,159,159,159,2558,-1357,159,159,0,0,-1357,159,159,159,159,0,0,159,2558,159,2558,159,6486,159
159,-1357,-1357,-1357,-1357,2558,159,1084,159,2558,159,2558,159,2558,159,6486,159,159,0,-2339,0,-1357,-1357,6486,159,116,0
159,260,159,2558,0,159,159,-1357,159,-1357,159,159,159,2558,0,159,0,-1357,159,0,159,159,159,159,-1357,159
159,2558,159,2558,159,1084,-1357,2558,159,-1357,2558,159,2558,116,0,2558,159,159,159,159,159,-2339,159,-1357,0,116,159
159,6486,159,159,159,229,159,143,159,-1357,2558,159,159,2558,159,-1357,159,159,159,159,159,159,2558,159,159,159,159
1084,-1357,6486,159,2558,159,2558,159,159,159,-1357,0,159,159,-1357,159,116,0,2558,159,159,159,-2339,159
159,159,159,2558,2558,159,159,-1357,0,159,0,159,1084,159,-2339,159,0,-1357,2558,159,159,159,6486,159,-2339,159,159,159
159,1084,159,159,159,116,159,159,-1357,6486,159,-2339,159,1084,159,116,0,1084,159,116,159,2558,159,159,159,116,0
159,159,159,0,159,159,159,159,2558,-1357,159,159,159,159,-1357,2558,159,159,159,159,6486,159,6486,159,159,159,0,0,1084
0,159,6486,0,1084,159,6486,159,0,159,-2339,-1357,-2339,159,159,159,1084,2558,2558,159,2558,2558,143,2558,6486,0,159
2558,-1357,-1357,159,159,-1357,159,159,-1357,159,159,159,-1357,159,159,1084,159,-2339,159,116,2558,-2339,0,1084,159,-1357,159
159,159,-2339,159,116,0,-2339,159,116,0,159,-1357,159,159,159,159,-2339,159,159,2558,6486,-1357,0,159,2558,159,2558,159,159,0
0,159,159,159,116,0,1084,159,159,159,-2339,-1357,-2339,159,0,159,2558,159,2558,159,2558,159,159,159,168,159,159,159,159
260,2558,-1357,159,2558,0,159,159,159,159,2558,159,-1357,159,2558,159,-1357,159,159,159,159,159
2558,-1357,0,1084,159,-1357,159,2558,0,6486,159,-2339,159,-1357,-2339,-1357,159,159,0,159,6486,159,-2339,2558
-1357,-2339,159,-2339,159,-1357,159,-1357,159,6486,159,1084,2558,6486,159,-1357,159,6486,159,-1357,0,-2339,159,2558,159,2558,159
-1357,159,159,159,159,-1357,159,159,159,159,159,159,159,2558,-1357,159,-1357,159,-1357,159,159,159,2558,159
159,159,159,-1357,-1357,1084,-1357,6486,159,0,-1357,159,0,159,159,1084,159,2558,159,0,159,1084,159,159,116,2558,-1357,-1357,2558
-1357,-1357,-1357,159,159,159,-1357,159,159,2558,159,159,159,2558,0,159,0,-1357,-1357,-1357,159,159,159,159,-2339,159
2558,116,2558,159,-1357,6486,159,-2339,159,159,159,-2339,159,159,159,6486,159,1084,159,116,159,-1357,159
159,-1357,159,159,159,2558,159,-1357,-1357,2558,159,159,159,159,159,0,159,159,0,-1357,2558,159,-1357,159,159,-1357,2558,159,-1357,-1357,-1357,0,159,2558,159,159,2558
159,-1357,159,159,2558,-1357,2558,-1357,159,159,0,-1357,-1357,-1357,2558,159,159,159,159,159,159,2558,0,1084,159
159,159,-1357,159,2558,159,159,-1357,159,159,159,159,159,1084,159,116,2558,116,2558,-2339,159,1084,159,168,159
159,159,159,159,2558,0,0,2558,0,-1357,1084,159,2558,159,0,2558,-1357,-1357,-1357,159,159,-2339
0,159,-1357,159,6486,-1357,0,0,159,159,1084,159,1084,-1357,2558,159,2558,159,2558,159,159,159,116,159,2558,159,2558
-1357,159,-1357,-1357,-1357,159,159,159,159,-1357,159,159,159,159,159,-2339,159,159,159,159,159,0,159,6486,159,-2339
-1357,-1357,159,159,159,159,-1357,2558,159,159,159,1084,-1357,159,159,159,159,6486,159,0,159,159,159
159,159,1084,159,6486,159,159,159,6486,159,0,159,159,159,116,0,-1357,159,116,159,1084,159,116
159,159,159,143,159,-1357,159,159,159,159,159,-1357,159,159,159,159,159,-1357,159,159,159,159,159,159,159
159,-2339,0,6486,-1357,0,159,-1357,0,1084,2558,-1357,159,159,159,2558,159,-1357,159,-1357,159,1084,-1357,2558,159
159,-1357,0,-1357,-1357,159,159,159,159,2558,159,159,0,-1357,-1357,0,-1357,159,159,159,159,159,116,0,159,159
159,-1357,159,0,0,6486,159,159,159,159,159,6486,159,159,2558,159,159,168,2558,168,2558,159,159,-1357
159,168,159,159,159,159,0,0,-1357,159,159,113,0,159,159,0,0,159,159,2558,0,159,2558,-1357
-1357,-1357,-1357,159,2558,159,116,0,0,159,159,159,1084,159,-2339,159,-1357,159,0,-1357,159,159,6486,159,116,159,159,159,116,159
159,0,159,159,2558,159,2558,159,159,159,159,159,159,159,2558,6486,159,2558,159,159,159,6486,0,1084,159
159,159,2558,116,159,159,159,260,159,159,-1357,-1357,159,159,2558,159,0,159,159,2558,159,-1357,159,159,159,159,159,-1357,159,159
159,-1357,-1357,1084,159,0,-1357,159,-1357,159,159,2558,159,1084,159,0,2558,-2339,0,1084,159,-1357,2558,159,1084,0
159,159,159,2558,0,-1357,2558,159,-1357,159,-2339,-1357,159,159,2558,159,2558,159,0,159,2558,159,2558,159,168,0,159,159,168
-1357,-2339,159,116,159,-1357,-1357,0,159,2558,159,2558,159,159,159,159,-1357,0,-1357,159,159,6486,159,-2339,159
159,159,2558,0,2558,159,159,-1357,0,1084,0,-2339,-1357,-1357,-1357,0,159,159,159,159
-2339,159,-1357,159,1084,159,-2339,159,159,159,143,159,-1357,159,159,2558,159,2558,0
-1357,6486,-1357,-1357,159,159,6486,-1357,159,-1357,2558,2558,159,116,0,1084
6486,159,-2339,-1357,6486,-1357,-1357,2558,159,159,6486,-1357,159,-1357,2558,2558,1084,159,116,0,1084
2558,159,0,159,159,-1357,1084,159,0,159,6486,159,1084,159,6486,0,159,159,159,159,-1357,0
159,159,-1357,159,159,0,159,-1357,-1357,159,159,159,-1357,2558,2558,159,159,159,-2339,2558
159,159,159,-1357,159,2558,2558,159,159,159,2558,0,159,-1357,159,159,116,0,6486
159,1084,-1357,-1357,-1357,159,2558,-1357,159,116,0,116,159,159,2558,0,159,2558,159,159,159,-2339,2558
159,-2339,159,6486,159,159,0,2558,159,0,159,6486,159,2558,159,159,159,6486,159,-2339,159,159,159
159,0,-1357,159,159,0,0,159,159,159,159,-1357,159,1084,159,-2339,159,2558,159,0,-1357
158,0,260,159,168,159,6486,159,-1357,159,159,159,0,159,0,159,159,0,159,159,159,159,159,159,159,159
159,159,159,159,159,-1357,-1357,0,0,159,159,159,0,159,159,-1357,159,159,-1357,159,159,159,2558,-1357,159,159,159,159
2558,-1357,159,159,0,159,159,159,2558,0,1084,159,6486,159,159,159,0,159,2558,159,2558
6486,159,-2339,159,1084,159,-1357,159,1084,159,159,159,1084,159,143,0,260,159,168,159,6486,159
116,159,-1357,159,-1357,-1357,116,0,159,159,1084,159,-1357,-1357,0,159,0,159,-1357,159,2558,159,1084,159
159,6486,0,1084,159,0,159,-2339,159,-1357,0,-2339,159,0,159,6486,159,-2339,159,-2339,-1357,2558,2558,-2339,159,116,159
0,-1357,1084,159,159,159,159,159,2558,-1357,168,159,6486,159,159,159,-1357,159,159,159,159,159,2558,159,159,159
6486,159,-1357,2558,-1357,159,-2339,159,159,-1357,159,159,6486,0,159,159,2558,159,2558,159,2558,159,0
2558,159,159,2558,159,-1357,159,159,-1357,-1357,-1357,159,-1357,159,2558,6486,159,159,159,-2339,159
-1357,159,0,159,159,159,116,159,2558,159,2558,159,2558,159,2558,159,2558,159,229,159,0,0,0,-1357,116,159,-2339
-1357,159,0,159,159,159,159,159,2558,159,159,0,159,2558,159,159,-1357,159,159,159,2558,159,159,159,6486,159
159,159,116,0,1084,159,159,159,-2339,-1357,-2339,159,0,159,2558,159,159,159,-1357,-1357,2558,159
2558,159,-1357,159,0,-1357,159,159,159,159,159,159,159,159,159,2558,1084,159,6486,0
159,-2339,159,159,159,-1357,-1357,2558,159,1084,159,6486,159,159,159,116,159,116,159,1084,-1357,0,0,1084,2558
159,2558,6486,-1357,0,159,2558,159,2558,159,159,159,159,159,2558,159,6486,159,0,159,6486,159,159,159
159,159,0,-1357,159,159,159,2558,6486,159,2558,159,0,159,2558,159,2558,159,2558,159,6486,159,2558,-1357,-2339
-1357,0,159,0,159,159,-1357,-1357,159,159,-1357,159,159,0,-1357,159,159,-1357,2558,159,159,159,159
2558,159,0,159,116,0,0,159,2558,159,2558,159,2558,159,-2339,159,1084,159,1084,159,116,159,143,159,260,159
-1357,2558,159,-1357,2558,2558,159,1084,0,1084,2558,-2339,159,-1357,159,159,-1357,2558,0,159,159,-1357,-1357
159,-1357,0,116,159,1084,159,159,159,1084,159,159,159,0,2558,116,0,2558,159,1084,0,2558,159,2558,159,1084,159,-1357
2558,159,2558,159,229,-1357,1084,-1357,1084,159,159,159,159,2558,116,159,159,159,260,159,159,-1357,-1357
0,0,159,159,159,0,159,159,159,-2339,159,159,159,6486,159,143,159,229,159,159,159,2558,0,159
-2339,2558,6486,159,116,0,1084,159,0,6486,-1357,159,159,1084,159,1084,159,-1357,-1357,-2339,-1357,159,159
6486,159,-1357,2558,-2339,0,6486,-1357,-1357,-1357,-2339,0,159,159,159,159,-2339,159,1084,159,-2339,2558,116,159
-1357,159,2558,2558,2558,159,1084,159,-2339,159,159,-1357,159,159,6486,159,116,159,116,159,2558,159,1084
159,159,159,0,159,159,2558,0,159,159,2558,159,159,159,159,159,159,2558,-1357,159,2558,-1357,0
2558,1084,0,159,159,116,159,-2339,-1357,2558,159,6486,159,0,159,-2339,159,0,2558,116,0,159,-1357,159,159,2558,159
-1357,0,159,0,-1357,159,159,159,159,159,-1357,2558,159,159,0,1084,2558,-2339,159,2558,159,1084,159
0,1084,-1357,0,0,-1357,0,159,159,159,-2339,2558,6486,159,159,159,-2339,159,0,0,159,159,6486,159,116
-1357,2558,-1357,159,-2339,2558,116,159,159,2558,6486,159,168,2558,159,0,159,-1357,2558,0,1084,0,-2339,-1357,159
159,2558,159,2558,0,1084,0,1084,-1357,159,159,159,159,6486,159,159,159,6486,159,1084,0,1084,159,0,159,1084,2558
-1357,159,159,116,159,0,-1357,6486,159,116,159,116,0,159,159,159,159,-1357,159,0,159,-1357,-1357,6486,159,0,2558
260,159,2558,0,159,159,-1357,159,-1357,159,159,159,2558,0,159,0,-1357,159,0,159,159,159,159,-1357,159,2558,-1357,2558
159,1084,-1357,2558,159,-1357,2558,159,2558,116,0,2558,159,159,159,159,159,-2339,159,-1357,0,116,159
-1357,159,159,159,6486,159,6486,159,159,159,229,159,143,159,159,159,159,159,159,159,-1357,-1357,159
0,1084,0,-2339,-1357,-1357,-1357,0,159,159,159,159,159,1084,159,1084,-1357,6486,159,2558,159,2558,159,159,159,-1357
6486,159,159,159,159,159,159,159,-1357,159,159,159,159,159,-1357,159,159,159,159,159,159,159,2558,2558
159,1084,159,159,-2339,0,6486,-1357,0,159,-1357,1084,2558,-1357,159,159,159,2558,159,159,-1357,159,1084,-1357,2558
0,1084,159,116,2558,-1357,-1357,6486,159,0,159,1084,159,-2339,159,159,159,6486,159,-1357,-1357,2558,159
2558,-2339,159,116,159,-1357,159,1084,159,2558,159,2558,159,2558,159,229,-1357,1084,-1357,1084,159,159,159,159,2558,116,159,159,159,260,159
159,159,159,159,1084,159,0,159,1084,159,1084,159,6486,159,6486,159,-2339,159,159,159,159,159,260,159,159
159,159,0,159,1084,159,6486,159,2558,159,2558,159,2558,0,159,159,2558,2558,-1357,159,1084,159,116,159,159,159,229,-1357
0,-1357,-1357,159,-1357,-1357,159,159,159,-1357,0,-1357,159,159,159,0,0,0,159,2558,2558,0,159
159,116,159,116,159,-1357,159,6486,159,116,159,159,159,6486,159,168,0,159,-1357,6486,159,116,2558,143,2558,260,159,-1357
0,116,159,1084,159,159,0,1084,159,6486,159,6486,159,6486,159,159,0,2558,2558,1084,-1357,159,159,159,159,-2339,159
143,159,159,0,168,159,0,159,260,159,159,-1357,-1357,159,159,2558,159,0,159,159,2558,159,-1357,159,159,159,159,159,-1357,159,159,116,159
1084,159,0,2558,-2339,0,1084,159,-1357,2558,2558,159,1084,0,6486,159,-2339,159,2558,159,0,159,159,159,116,0,1084
159,159,-1357,159,159,159,159,159,159,159,159,159,159,2558,0,159,159,-1357,159,159,1084,159
-2339,159,116,159,6486,159,116,0,1084,2558,2558,159,2558,159,2558,0,159,159,2558,2558
2558,159,2558,159,2558,159,2558,159,159,159,229,159,143,159,159,-1357,159,159,159,0,159
159,6486,159,159,0,-2339,0,2558,159,1084,159,-2339,159,159,159,2558,159,116,-1357,2558,159,0,159
159,159,159,159,159,0,159,159,159,2558,159,-1357,0,0,159,1084,159,116,159,1084,159,116,159,0,0
159,-1357,-1357,6486,0,1084,0,-1357,159,159,159,159,159,2558,159,2558,-1357,-1357,2558,-1357,159,-2339,2558,116,159,159,2558
2558,0,159,159,159,2558,-1357,159,2558,159,159,159,159,2558,159,6486,159,0,159,1084,159
159,2558,-2339,2558,2558,159,1084,159,159,159,159,159,159,159,159,159,159,-1357,159,159,159,2558,159,159,159,159
159,159,159,159,159,6486,159,-2339,0,159,159,2558,159,159,159,116,159,0,159,-2339,159,116,0,-2339,159
159,159,159,2558,159,159,2558,159,2558,0,-1357,-1357,0,159,159,159,159,159,159,159,-2339,-1357,159
159,159,159,159,-2339,159,116,-1357,6486,159,116,0,116,159,159,-1357,159,159,159,159,2558,159,2558,2558,6486
1084,159,0,159,2558,159,2558,159,168,0,159,159,168,159,168,159,168,159,-1357,159,159,159,159,159
159,159,-1357,2558,159,6486,159,159,159,159,159,-2339,159,-1357,0,116,159,6486,0,-1357,2558,-1357,159,-1357,159,-1357
159,159,-1357,159,159,159,159,0,-1357,2558,159,159,0,-1357,159,159,159,0,0,159,-1357,0,159,159
159,116,159,159,159,159,159,260,-1357,159,-9,0,159,159,6487,159,0,159,-1357,159,159,-1357,159,159,0,159,159
2558,0,0,2558,159,1084,159,159,159,1084,159,159,-1357,2558,159,2558,159,159,-1357,2558,159,-1357,0
159,-1357,159,2558,159,6486,159,-1357,2558,159,2558,159,159,2558,0,-1357,-1357,0,159,-1357,2558,2558,159,159,-1357
159,0,159,2558,159,2558,159,2558,159,159,159,168,159,159,2558,159,159,-1357,159,2558,159,159,159,159,159,2558,159
159,159,-2339,159,0,0,-1357,-1357,6486,159,-1357,0,6486,159,0,159,6486,159,159,159,1084,159,-2339,159,6486,159,-1357,2558,-1357
0,1084,159,159,2558,2558,159,2558,159,159,159,159,159,168,159,159,159,159,159,0,159,159,0,159,159,0,159
2558,159,159,159,-2339,159,-1357,0,6486,159,159,159,1084,159,1084,-1357,2558,159,2558,159,2558,159,159,159,116,159
159,159,159,159,159,159,159,159,0,-1357,-1357,-1357,159,159,159,116,159,-1357,0,159,159,1084,0,159,0,159
1084,-1357,-2339,159,0,159,2558,159,159,2558,6486,159,159,2558,159,2558,159,2558,0,159,0,0,159,159,0,159,2558,159,-1357,159
6486,-1357,1084,159,116,159,159,0,1084,159,6486,159,0,159,-2339,159,159,159,168,-1357,6486,159,168,-1357,-2339,159,6486
159,159,6486,159,159,159,1084,159,6486,159,159,-1357,0,159,-2339,159,159,159,1084,-1357,2558,159,159,159,159
-1357,-1357,2558,159,1084,0,159,0,2558,159,-2339,159,116,0,-1357,159,159,0,159,159,6486,159,-2339,159
159,2558,-2339,0,159,159,-1357,159,-1357,-1357,1084,159,116,0,2558,159,159,2558,159,2558,1084,159,0,159,1084,159,159,159,116,2558,168
-1357,159,159,0,-1357,159,2558,159,159,159,159,-1357,0,159,159,116,159,-1357,159,6486,0,0,159,6486,159,159,159
159,-2339,159,159,2558,168,159,168,159,159,2558,168,0,6487,159,0,-1357,159,159,159,159,159,159,159,159,-1357,159,159
0,2558,2558,6486,159,1084,159,-1357,2558,2558,159,2558,159,2558,159,2558,159,1084,159,6486,159,143,159,-1357,159,143,159,159,159,2558,159
159,0,159,-1357,159,159,2558,159,1084,159,-2339,159,159,2558,-2339,159,2558,159,159,2558,159,0,168,159,-9,-1357,159
159,159,-1357,-1357,159,159,159,159,-1357,159,0,-1357,159,159,0,159,159,159,0,159,-1357,159,159,159,1084,2558,2558,159
159,159,159,159,159,159,159,159,159,159,159,159,2558,0,159,0,159,159,1084,0,159,159,0,159,2558,159,2558
159,159,168,2558,168,159,0,159,159,159,0,159,0,0,159,2558,159,159,-1357,159,2558,-1357,0,0,2558,159,159
-2339,159,2558,159,159,0,-1357,159,0,159,-2339,159,143,159,229,0,159,159,159,159,113,159,2558,159
0,116,159,-1357,159,1084,159,-1357,159,116,0,1084,-1357,2558,159,1084,159,-2339,2558,6486,0,0,159,-2339,159,116,2558,-2339,-1357
0,159,-2339,159,159,159,116,159,159,159,-2339,159,0,159,1084,159,116,0,159,159,1084,159,-2339,159,159,2558,0
159,159,0,-1357,159,159,-1357,159,159,159,159,159,159,159,2558,159,-1357,159,159,-2339,-1357,-1357,-1357,0,159,159,159,-2339
0,2558,159,6486,159,0,159,2558,159,116,-1357,6486,159,-1357,159,-2339,-1357,2558,159,-1357,159,-2339,-1357,159,159
-1357,0,159,159,2558,159,1084,159,159,159,1084,159,-1357,-1357,116,159,2558,159,1084,159,116,0,159
159,159,159,0,159,159,159,159,159,159,159,159,6486,2558,-2339,-1357,1084,159,-2339,6486,-1357,159
6486,159,-2339,159,6486,159,-1357,159,1084,159,-2339,159,2558,159,0,-1357,159,0,159,-2339,159
1084,159,116,2558,6486,0,1084,-1357,-2339,159,0,159,2558,159,2558,159,2558,159,159,159,168,159,159
