33,33,952,0,33,33,33,2645,952,0,33,33,-300,0,33,952,-300,33,33,952,36,33,952,33,952,33,30,2645,33,33
2645,952,33,-518,33,36,33,33,33,2645,33,-300,33,569,952,0,-518,952,0,33,36,0,0,0,952,33,2645
33,-300,0,-518,33,569,33,569,33,569,33,33,33,0,2645,33,33,-518,33,2645,33,952,33,952,33,952,33,-518,33,33
952,33,952,33,952,33,952,33,2645,33,0,2645,33,33,-300,0,-518,33,33,33,569,2645,33,33,33,33,36,33,0,952,952,952
33,0,33,952,33,0,33,2645,33,33,33,2645,33,33,0,0,33,33,33,0,33,2645,33,33,0
33,33,-518,33,569,33,33,33,36,952,-518,33,36,33,952,33,33,2645,34,33,37,33,1442,33,33,33,33,0,33
33,-300,33,36,33,-300,33,-1,2645,33,0,0,33,2645,33,36,33,952,2645,37,33,34,33,1442,33,33,33,952,952
33,33,2645,952,569,33,2645,33,0,33,33,952,33,33,33,33,1415,33,33,33,33,0,33,33,33,33,952
34,33,38,33,33,0,33,33,33,33,33,33,0,33,952,33,952,33,33,952,33,33,33,2645,952,33,0,-518,0,33,33,952,33,952
33,952,33,952,2645,33,33,952,952,33,0,-300,33,2645,33,-300,33,33,33,569,952,30,33,37,33,952,33
0,33,2645,33,33,952,33,952,33,-300,33,569,2645,-300,33,569,33,952,33,952,33,-518,33,36,33,33,2645,569,33
36,33,952,2645,-300,2645,-300,0,33,33,33,33,-518,33,33,33,-518,33,-300,2645,-300,33,2645
33,33,33,0,33,2645,33,0,0,-518,33,2645,952,952,33,952,952,0,0,0,33,36,33
2645,33,33,33,33,0,33,952,0,952,33,0,952,952,33,-300,2645,-300
569,2645,-300,33,569,33,952,33,33,0,-518,33,36,33,33,952,36
2645,0,0,952,33,33,33,2645,952,33,36,0,0,0,2645
33,33,-518,33,2645,33,2645,33,33,33,33,2645,-300,33,33,33
0,952,33,33,0,952,33,33,33,33,952,33,952,33,952,33,952,33
33,952,2645,33,33,33,0,0,33,952,0,33,33,33,33,2645,33,0
-518,33,36,33,569,33,-518,33,36,0,952,33,952,33,952,33,952,2645,33,33,952
2645,33,-300,33,952,33,-300,33,-300,33,952,33,33,36,33,952
952,952,33,0,33,-300,0,36,33,0,2645,-300,33,0,0,952,33,569,33,-518,33,33,952,36
0,-300,33,0,952,2645,33,33,0,33,33,2645,33,-300,33,-518,33,-518,0,952,33,-300,33
-300,33,33,0,33,33,33,2645,-300,33,569,2645,36,2645,2645,33,33,2645,33,33,36,33,0,952
952,33,0,1441,33,1442,33,0,33,59,2645,2645,33,33,0,0,33,33,2645,33,2645,33,33,33,33,952,952,33,952,33,33
33,-300,33,33,33,2645,33,952,952,37,33,1442,2645,1442,33,33,952,1442,952,33,33,33
952,-300,33,-518,33,952,33,-518,33,36,33,952,33,36,952,-300,0,37,33,33,33
33,33,33,33,-518,33,-300,33,36,952,-518,2645,2645,33,-518,33,569,952,36,2645,-300,33,0,33,36
33,36,33,31,33,34,33,1442,33,33,33,0,952,33,2645,33,33,33,952,33
33,1441,2645,3190,33,36,952,2645,33,33,2645,33,33,2645,33,33,33,0,952,952,0,2645,33,33,0,33,2645,33
33,952,33,-518,33,36,33,33,2645,569,33,2645,33,952,33,36,33,-300,2645,0,33,34,0,33,952,1442,952,2645
33,569,33,2645,2645,33,33,-518,33,33,33,36,33,2645,2645,33,33,569,33,33,952,36,33,31,33,1442,33,0,33
36,33,-300,33,569,2645,-300,33,569,33,952,33,952,33,-518,0,33,952,-518,952,952,33,33,952,36,33,33,33
33,2645,33,33,33,569,33,0,33,-300,33,-518,33,2645,33,0,33,2645,2645,-518,0,2645,33,952,33,952,33,33
33,33,0,33,33,33,33,33,33,952,33,0,33,952,33,33,-518,33,33
0,952,33,33,33,2645,33,-518,33,36,952,-518,33,0,952,36,2645,-518,0,0,0,36,2645,33,952,-300,33,-300,33,-518,33,0
33,2645,33,2645,33,33,33,952,0,33,952,2645,33,2645,33,33,2645,2645,33,33,952,0,952,952,2645,-300,33,-518,33,33,33,569,2645,33,33
-518,33,36,33,33,33,33,2645,-300,33,0,33,569,2645,33,952,-518,2645,-300,33,-518,33,952,33,33,33,0,33,36,33
952,33,-518,33,36,33,2645,569,33,2645,33,952,952,952,33,33,2645,33,952,33,33,33,33,33,0
33,33,33,569,33,-518,33,-300,0,-518,33,2645,33,-300,33,33,33,-300,33,30,952,33,2645,1442,0,-518,952,36,33,36
-518,33,952,33,33,33,-518,2645,-300,33,0,33,952,0,36,952,36,2645,33,33,-300,33,-300,0,952
33,33,33,33,33,0,33,33,569,33,2645,33,-300,33,2645,0,569,33,952,33,-300,33,-518,33,33,33,0,0,-300,33
2645,33,33,33,569,2645,-300,33,33,33,36,0,36,33,2645,33,952,33,33,33,0,0,952,33,33,952,36,33
33,33,33,33,33,569,2645,33,33,-518,33,2645,952,-518,33,33,33,952,33,36,33,3190,33,33,33,33
569,33,36,33,-300,33,2645,31,33,0,2645,36,952,31,33,3190,33,31,33,34,0
-518,0,33,33,569,2645,569,33,952,33,-300,33,33,33,36,0,36,33,0,33,-300
33,33,33,36,33,33,33,33,33,33,33,0,0,33,33,33,0,33,33,33,2645,2645,33,0,2645
952,1442,952,33,952,2645,33,2645,2645,33,33,2645,33,952,33,0,33,33,33,33,952,33,33,0,33,33,952,33,952,33,952
33,952,33,33,33,33,0,33,33,33,33,33,33,952,33,2645,33,33,2645
0,36,33,569,952,952,33,-518,33,33,33,-300,0,33,0,33,952,0,33,569,2645
33,2645,33,33,2645,2645,33,33,952,0,952,952,2645,-300,33,-518,33,33,33,569,2645,33,33,33,33
2645,-300,33,-518,33,952,33,33,33,0,33,36,33,569,33,0,952,0,33,0,952,0
952,33,33,33,33,0,33,33,33,0,33,952,952,33,-300,33,952,33,952,33
952,33,33,33,36,33,33,0,569,33,-518,33,-518,33,33,952,2645,2645,-300,2645
33,33,33,33,33,33,0,33,33,33,33,0,0,0,33,33,33,33
33,33,33,33,1442,0,33,0,3190,33,38,33,33,33,2645,0
952,33,952,33,952,33,952,0,-300,0,36,33,2645,33,952,33,952,33
-518,33,33,2645,36,2645,952,33,-300,33,36,33,33,33,952,33,569
2645,0,33,33,0,2645,33,33,33,2645,33,33,0,33,952,33,33,36,33,33
-300,33,33,33,952,33,33,33,-300,33,33,33,-300,2645,-300,33,-300,0,-518,33
2645,-300,2645,-300,0,33,33,33,33,-518,33,33,33,-518,33,-300,2645
-518,33,569,33,569,2645,33,33,33,33,0,33,2645,33,0,0,-518,33,2645,952,952,33
952,2645,33,2645,0,33,2645,33,33,33,33,0,33,952,0,952
33,952,569,2645,952,33,33,33,33,33,36,33,0,2645,569,33,-300,33
33,59,0,33,33,33,33,33,0,33,952,33,0,33,33,33,33,952,33,0,952
-518,33,36,33,-518,33,0,33,-300,33,36,33,-300,33,-1,33,37,33,1442,33,0,952,33
33,33,36,0,36,33,33,33,36,0,-300,33,0,952,952,33,-300,33,569,33,569
0,0,2645,33,952,33,33,2645,33,33,-300,33,569,33,952,33,33,33,-300,33,569
33,952,36,33,-300,33,0,33,33,33,33,2645,33,33,0,33,33,33,33,33,33
-300,33,0,33,-300,952,952,33,33,33,36,952,952,33,-518,0,-300,33,569
33,33,0,33,33,33,33,33,33,33,33,0,33,33,33,33,33,952,952
-518,0,952,33,36,33,2645,33,33,33,1442,33,59,33,33,2645,0,33,2645,33,2645,2645,33,2645
0,2645,33,952,33,952,33,33,33,36,33,0,2645,-518,33,33,33,-300,33
33,36,33,-518,0,2645,33,952,33,2645,33,36,33,-1,33,37,33,-300,33,1441,33,33,33,33
952,952,33,952,33,31,33,37,33,1442,33,33,33,33,0,2645,33,33,33,33
33,36,33,33,2645,33,36,33,569,2645,36,33,33,0,0,0,2645,0,33,33,-518,33
33,33,33,33,952,0,33,33,33,0,0,952,2645,33,952,2645,33,2645,0,952,33,33,0
34,33,1442,33,3190,0,34,0,33,33,34,33,36,33,0,33,59,33,33,2645,0,33,2645,33,2645
569,2645,2645,33,-300,33,952,33,-518,33,36,33,33,952,36,2645,33,33,0,33,0,0,-300,33,569
33,952,33,2645,-300,33,-518,33,2645,33,33,33,-1,33,33,33,-300,33,36,33,34,33,59
33,33,33,33,0,33,0,33,0,2645,0,33,33,33,952,33,-300,33,569,2645
33,569,952,0,33,-518,33,569,33,36,952,-300,2645,34,33,2645,33,33,33,33,33,33,33,2645,33,33
36,33,569,2645,-518,33,33,33,-300,33,36,33,-518,33,0,952,0,0,33
33,952,952,33,952,33,34,33,33,34,33,0,33,952,33
2645,33,33,34,33,30,33,1442,33,33,33,33,0,33,33,33,33
36,33,33,2645,-518,33,-300,33,569,33,-300,-300,33,0,0,33,33
33,952,33,-518,0,33,33,-518,33,33,952,952,33,33,0,-518,33
33,33,33,569,952,0,0,952,33,36,952,952,33,-300,33,30,33
2645,0,0,0,33,33,33,33,36,33,33,-300,33,36,33,33,33
33,0,-518,33,36,33,33,33,36,33,33,33,-518,33,-300,33,569,33,0
0,33,2645,33,33,33,0,33,0,33,952,36,0,33,33,36,0,33,33,952,33,2645
952,2645,0,33,952,33,0,2645,2645,33,-518,33,952,33,33,33,2645,33,0,33
36,0,36,33,33,33,-300,952,952,33,952,952,36,33,37,33,36,33,0,0,31,952,33,33,952
-300,33,569,33,33,33,2645,952,33,33,-300,33,-518,33,-300,33,-518
33,0,0,33,33,33,0,952,952,33,33,33,36,952,33,33,-518,33,30,952
33,33,33,33,33,33,33,33,0,2645,33,33,2645,33,569,33,-300,-300,33,33,952,36
33,33,952,33,33,33,2645,0,33,33,33,33,33,2645,33,952,33,952,33,-300,33,-300,2645
33,33,33,0,-300,33,-518,33,33,33,569,952,0,2645,-300,33,2645,33
33,33,33,952,33,2645,33,2645,2645,0,33,952,2645,33,0,952,952,33,952,-300
952,33,2645,33,33,2645,952,33,33,33,33,0,952,952,2645,-518,33,569,33,33,33,-300,0
-518,0,-300,33,569,33,-300,33,569,2645,952,33,33,33,36,952,952,33,-518
33,33,33,2645,33,-300,33,33,33,0,33,30,33,1442,33,33,33,0,33,33,33,2645,2645,33,2645,33,33,952,952,0,33,33,33,33,0,2645,33
952,952,952,33,0,-300,33,569,2645,952,33,33,33,33,33,-518,33,2645,33,2645,33,952,33
33,0,33,33,33,33,33,0,33,33,33,952,0,33,952,33,33,-300
33,33,952,0,33,33,2645,33,2645,0,0,0,2645,33,33,33,952,33,952,33
33,952,33,36,33,-300,2645,0,33,34,33,33,1442,952,2645
33,33,33,952,33,33,33,33,33,-518,33,30,2645,33,0,-518,33,569,952,36,952,-300,33
2645,33,0,2645,33,33,952,33,-300,33,-300,33,952,33,952,952,0,0,0,2645,-300,2645,33,33,33
33,33,33,33,33,37,0,37,0,-518,33,30,33,33,0,37,952,0,33,1442,33,33,33,33,33,33,33,952,0,33,0
33,952,33,-518,33,33,33,36,0,-300,33,-300,0,952,33,952,33,952,33,952,33
33,0,0,1442,33,33,0,0,33,2645,33,2645,0,33,33,0,0,33,33,2645,0,33,33,2645,952
0,33,33,33,33,2645,0,33,33,2645,-300,33,33,33,569,33,-300,2645
33,33,30,952,31,33,34,33,1442,33,33,2645,33
33,36,33,952,33,36,33,952,952,33,0,1441,0,52,33,0,0,33,33
0,952,36,2645,-518,0,0,0,36,2645,33,33,33,33,36,33,-300,33
33,0,952,-518,33,33,33,569,2645,33,33,33,33,0,33,0,0,0,2645
0,952,33,33,33,0,33,33,0,0,33,33,2645,33,2645,33,33,33,33,33,952,33
-518,33,569,33,-518,0,2645,33,952,33,2645,33,33,2645,-300,2645,33,33,33
0,0,33,33,33,33,33,2645,33,33,2645,0,33,33,33,33,0,33,2645
36,0,-518,0,0,952,33,33,-518,0,33,0,952,952,-300,33,569,2645,-300,33,569,33,33,2645,33
2645,33,0,33,0,33,2645,33,36,33,-1,0,33,2645,-300,2645,952,0,-518,33,-518,33,33
1442,33,33,2645,33,33,952,2645,0,33,33,952,33,0,33,33,33,33,33,952
33,952,33,33,33,952,952,33,2645,35,33,1442,33,34,33,33,33,33,33,33,0,33,952
36,2645,-518,0,2645,33,952,33,-300,33,952,33,952,33,952,33
33,33,33,33,952,33,33,-518,33,2645,33,-518,33,36,33,36,33,-518,33
33,33,33,36,33,0,2645,569,33,-518,2645,569,33,36,33,952,33,2645,33,0,33,-518,33
33,2645,33,-300,33,569,952,0,33,-518,33,569,33,36,33,0,33,1442
33,33,33,-518,33,0,952,36,33,30,0,33,33,1442,33,1442,33
952,-518,33,-518,33,952,33,36,33,36,33,34,33,33,952,33,0,952,33,2645
33,2645,33,952,952,33,0,33,569,33,952,33,952,33,-518,33,36,33,-300,33,30
33,0,0,0,33,952,33,33,33,33,2645,33,33,33,-300,33,36,33
33,33,-300,33,0,2645,-300,0,952,33,-300,33,-518,33,33,33,2645,-300,33,0
952,36,2645,-300,33,-518,33,33,-518,33,36,33,-300,33,-518,33,33,33,-300,33,33,33
0,33,33,952,33,33,-300,33,569,33,952,33,952,33,-518,33,36,33,2645,952,0,0,952,33,2645
33,33,0,33,952,33,33,952,33,33,33,33,952,33,952,33,952,33,952,33,-300,33,-300
33,33,33,33,33,33,33,33,569,33,-518,33,33,33,-300,33,36,0,952,33,952
33,0,0,-300,33,569,2645,952,33,33,33,-518,33,2645,33,-518,33,36,33
33,33,-300,33,36,952,52,2645,33,33,952,2645,33,952,2645,33,33,33,33
36,952,-300,33,33,33,33,2645,33,952,33,2645,33,33,33,33,952,2645,33,33,2645,33,33,0
952,569,33,-300,0,-300,33,569,2645,952,33,33,33,33,33,952,33,952,33,2645
33,33,-300,33,-300,0,-518,33,33,33,36,33,0,2645,569,33,-518,2645,0
0,33,33,33,33,33,0,33,33,33,33,2645,0,952,33,33,2645,0
36,33,33,33,0,2645,33,33,2645,33,33,33,569,33,33,33,36,33
0,0,33,33,33,952,2645,33,33,33,952,36,33,-518,33,2645,33,-518,33,0,33
952,33,-300,33,33,33,-300,33,0,0,569,33,952,33,-300,33,569,2645
0,33,33,33,33,33,33,2645,33,952,33,952,2645,2645,33,-518,33,2645,33,-518,33,2645,33
33,33,0,33,2645,2645,2645,33,0,33,33,33,33,952,36,33,-518,33,36
36,33,-518,33,0,952,0,0,33,952,569,33,-300,0,952,33,33,33,-300,33,36
33,569,2645,33,33,-518,33,36,0,952,33,569,2645,-300,33,36,0,-518
-300,33,33,33,2645,-518,33,-300,33,569,33,-300,2645,-300,33,0,0,33,33
-300,33,36,33,2645,33,0,33,33,952,33,33,33,33,1415,33,33,33,33,952,33,33,952,33,0,0,33,2645,0
33,33,33,33,33,952,33,952,952,33,952,952,33,33,33,0,33,33,0,952,0,33,36,952
33,33,2645,2645,33,33,33,33,0,33,2645,33,-518,33,-300,33,36,33,33,33,-300,0,2645,2645,-300,33,36,952,0
33,33,33,33,36,33,33,952,-518,0,2645,33,952,33,952,33,33,2645,-518,33,33,2645,-300,0,33,33,-518
33,2645,2645,0,33,33,33,33,952,952,2645,33,952,2645,952,33,33,33,33,33
952,33,33,952,-1,33,33,33,1442,33,952,33,33,33,33,952,33,33,33,33
33,33,33,33,-300,33,33,33,2645,33,-300,33,-518,33,952,33,952,33,952
27,952,33,952,33,0,33,33,33,33,-300,33,-518,33,952,33,-518,33,36,33,33,2645
33,33,569,33,-300,2645,-300,33,569,33,-300,33,-518,33,-300,33,36,33,-300,33,569,2645
952,-518,33,33,33,-300,33,569,952,0,0,-518,2645,33,33,0,2645,33,33,33,33,952,33,952
33,33,33,33,-300,33,-300,33,2645,33,0,2645,33,33,33,33,36,0,-300,33,-300
952,33,33,33,952,952,33,2645,35,33,1442,33,2645,0,33,33,0,33,33,33,33,33,952,33,952,33,33
-518,33,33,33,-300,33,33,0,952,33,952,33,33,33,569,2645,-518,0,0,0,36,2645,33,33,33
33,33,33,33,33,33,952,0,0,33,33,33,952,33,0,952,952,2645,952,569,2645,0,33,0,33,0
952,33,33,33,36,952,33,33,-518,33,33,33,1442,33,30,2645,569,33,36,952,-300,33
952,33,2645,33,0,2645,33,33,952,33,-300,33,-300,0,952,33,952,33,952,33,-518,33,36,33
2645,33,0,-518,33,2645,33,-518,33,569,33,952,33,-300,33,569,2645,33,33,0,33,-300,2645,2645,952,33,-300,33,33,33
2645,33,952,-300,33,-300,33,-518,33,0,33,0,33,952,33,569,2645,33,33,-518,33,0,33,33,33,-1,33,33,33
27,33,33,952,0,33,33,33,952,0,33,0,33,952,0,2645,33,33,33,2645,33,33,33,33,33,33,952,-518,2645,-300,33,36
33,33,33,952,33,952,0,33,0,33,952,33,0,0,33,0,0,33,33,33,2645,0,33,33,33,33,2645,33,952,33,33,0,33,2645,33
952,33,33,33,0,33,2645,0,33,33,952,0,33,33,33,33,33,33,952,33,33,0,33,33,2645,33,952,33,952,33,2645,952,-518
-518,33,33,33,0,2645,33,33,-518,33,33,2645,-300,33,33,0,952,33,569,33,36,33,33,952,-518
-300,0,36,33,952,-1,33,33,33,1442,0,1442,33,33,33,33,0,33,2645,952,569,2645,-300
2645,33,33,-518,33,0,33,36,33,952,33,36,33,0,33,1442,33,2645,0,0,33,33,2645,33,952,33
1441,33,2645,0,33,952,1442,33,0,33,952,33,33,33,33,33,33,0,33,952,33,952,2645,0,33,33,33,569
0,-518,33,0,2645,-518,33,2645,33,952,33,952,33,952,2645,-300,2645,-300,0,33,33,33,33,-518
-300,33,0,952,36,0,-518,33,569,33,569,33,569,33,33,33,0,0,0,0,952,33,-300,33
33,569,2645,33,0,952,2645,33,33,-518,33,2645,33,0,0,952,33,-300,2645,-518,0,0,33,33,2645,33
33,33,0,33,33,33,2645,33,33,33,952,33,33,33,0,0,33,33,33,33,0,33,33,33,33,-518,33,33,33,33,33,33,2645,33,33,569,2645,-518,33,33,33
569,33,0,33,-300,33,952,33,952,33,952,33,952,0,-300,0,0,0,952,33,33,33
33,-518,33,33,33,-518,33,-300,2645,-300,33,2645,33,-300,952,-518,0,2645,33,952,33,952,33,952,33
33,-300,33,33,33,569,952,0,0,952,33,36,952,952,33,-300,33,30,33,33,33,-300,33,952,952,0
33,952,2645,33,2645,0,0,0,33,33,33,33,36,33,0,33,-300,33,36,33,33
0,952,33,-300,952,569,952,33,0,-518,33,36,33,33,33,36,33,33,33,-518,33,-300,33,569,33,0,33,569,33,36,33,0,2645,36,33
33,33,0,33,33,33,952,2645,33,33,33,33,33,33,952,33,33,33,-518,2645,33,33,0
2645,0,33,33,-518,33,36,33,952,33,952,33,2645,33,33,952,569,2645,-300,33,569,33,-300,0
1442,0,1442,33,33,33,33,0,33,2645,33,33,33,952,33,33,2645,33,0,33,2645,0,0,33,2645,2645,33,952,33,33
-300,33,33,2645,33,0,2645,33,0,33,33,33,569,2645,33,33,-518,33,2645,952,33,33,33,2645,952,33,-300,33,569,2645,33,33,-518,33,0,33,952,33,-518
33,33,33,2645,33,33,33,33,33,33,33,33,-518,952,36,0,-300,33,36,0,-518,0,33,0,33,952,36,33,33,33,-300,33,36,33,33,952,33,33,-1
33,33,33,952,2645,33,33,33,0,33,33,33,2645,0,33,33,0,0,33,952,0,33,33,-518,33,2645,952,-518,2645,-518,2645,0,2645
952,952,33,0,0,33,952,36,33,-300,33,952,33,31,33,33,33,1442,0,0,33,33,33,33,33,2645,33,33,33,0,33,33,33,33,33
33,33,0,33,-300,0,33,-518,33,569,33,0,33,0,952,-300,33,33,33,-300,2645,2645,33,36
33,33,33,952,952,33,33,33,33,33,33,33,0,33,-300,33,-518,2645,0,33,2645,33,0,952,569,33,952,33
33,-300,33,-300,33,33,0,952,33,952,33,952,33,0,33,33,0,952,952,36,33,1442,33,33,33,33,952,0,33,33,33,952,33,33,2645,33,33
952,952,33,33,33,36,952,33,33,-518,33,30,952,33,2645,36,33,38,0,1442,0,33,33,33,33,0,33,33,33,952,33,952,33,33
2645,33,33,0,33,33,-300,33,-300,2645,33,33,2645,33,952,33,952,33,952,33,952,33,-518,33,952,33,0,2645,33,2645
33,1442,33,33,33,952,952,952,33,33,33,33,33,33,33,33,33,33,36,0,0,33,0,952,-300,33,952,33,33,33
2645,0,33,33,2645,33,33,952,33,952,33,33,569,33,-300,0,2645,33,952,33,952,2645,-300,33,33,2645,-300,33,-518,33,33,2645
36,33,36,0,33,33,33,33,569,2645,-300,0,33,33,-518,952,952,33,-300,33,-300,33,-518,33,-518,33,36,33,33,33,33,33,33,952,-300,0,35,2645
33,2645,33,0,33,0,952,2645,33,33,33,-518,33,33,0,1442,33,30,2645,569,33,33,33,0,0,1442,33,33,0,0
33,33,0,-518,0,2645,0,952,33,33,33,-518,33,36,952,569,33,2645,33,0,33,33,33,33,33,33,2645,0,33,33,33,0,2645,33,0,33,33,952,33,33,2645,952,33,33,952,2645,0,33,33,952,33,2645,33,33,569,33
33,952,33,33,36,33,-300,33,0,33,33,33,33,952,36,33,33,33,31,0,36,33,30,33,30,2645,2645,952,0,33,-300,33,0,2645,33
33,33,1442,33,33,33,33,0,33,33,33,952,33,33,33,33,33,2645,0,33,33,2645,2645
1442,33,952,33,33,33,2645,0,33,33,2645,0,952,33,0,33,33,33,952,2645,0,33
36,33,569,2645,36,33,569,2645,33,0,-300,33,-518,33,-300,33,-518,33,33,33,0
952,33,33,33,2645,0,33,33,33,33,952,-300,33,33,33,33,33,952,33,33,2645
0,33,952,-518,33,952,33,33,-1,33,1442,33,952,2645,33,952,33,33,33,33
-1,0,36,33,34,33,30,0,-1,0,33,33,952,33,30,33,36,0,0,33
33,-300,33,33,33,2645,33,-300,33,-518,33,952,33,952,33,952,2645,33,33,952,33
0,36,2645,33,952,-300,33,-300,33,-518,33,0,33,0,33,952,33,569,2645,33,33,-518,33,0
33,952,33,-518,33,2645,33,-300,33,569,2645,33,952,36,33,33,33,36
33,2645,33,37,33,0,33,1442,33,33,33,33,33,33,952,0,952,33,0
952,33,33,33,36,952,33,33,-518,33,30,33,1442,33,33,33,33,33
0,33,0,36,33,0,2645,36,952,-300,2645,36,33,59,33,952,33,0,33,33
-300,33,0,2645,-300,33,0,33,952,33,33,2645,-518,33,2645,33,-518,33
-518,0,2645,33,36,33,-518,569,952,952,0,952,33,0,33,33,2645,33,952,33
33,33,33,952,33,33,33,952,33,33,2645,33,33,0,2645,33,33,2645,33,33,-518,33,33,33,36,33,569,33,-300,33,33,33,33,33,569,33,-518,33,-1,33,0,33,952,33,33,952,0,33,33,33,33,33,952,33,33,952,33,952,33,952,2645,0,33,33,33,569,2645,33,33,-300
33,33,33,952,0,0,0,33,952,33,33,33,33,952,2645,0,33,0
33,-518,952,36,33,952,952,30,33,-300,0,31,2645,33,0,952
2645,33,2645,33,33,952,33,33,-518,33,33,33,-300,33,-518,33,33,33,-300,0
952,952,33,-300,2645,-518,33,36,33,952,33,2645,33,33,952,2645,0,952,33,0,33,-518,33,33,33
0,2645,0,33,33,33,33,33,33,952,33,-300,33,33,33,-518,33,36,33,33,0,2645,33,952,33,2645,33,37,33,3190,33,1442,33,33,2645
-300,33,-300,33,569,33,36,33,-300,33,34,33,33,0,1442,0,33,33,1441,33,33,952,2645,33
0,33,569,2645,-300,33,569,33,952,33,952,33,-518,33,36,33,569,33,-518,33,569,2645,952,0,33,2645
-518,33,952,0,36,952,-518,33,33,33,0,952,31,952,33,952,-300,2645,36,952,1443,33,33,33,0,0,33,33
33,-300,2645,-300,33,0,0,33,33,569,33,-300,2645,-300,33,569,33,-300,33,-518,33,-300,33,36,33,-300,33,569,2645
33,33,33,33,33,33,33,952,33,-518,33,36,33,952,33,952,33,2645,33,33
0,33,2645,33,33,33,952,33,33,2645,33,0,33,2645,0,0,33,2645,2645,33,952
33,569,2645,33,33,-518,33,2645,952,33,33,33,2645,952,33,-300,33,569,2645,33,33,-518,33,0,33,952
33,33,33,33,33,33,-518,952,36,0,-300,33,36,0,-518,0,33,0,33,952,36,33,33,33,-300,33,36,33,33,952,33
2645,0,33,33,0,0,33,952,0,33,33,-518,33,2645,952,-518,2645,-518,2645,0,2645,33,33,569,33,569
-300,33,952,33,31,33,33,33,1442,0,0,33,33,33,33,33,2645,33,33,33,0,33,33,33,33,33,2645,0
-300,33,33,33,-300,2645,2645,33,36,33,2645,952,952,952,1442,33,33,33,33,2645,33,33,33
0,0,33,33,33,0,33,2645,33,2645,0,33,33,2645,33,-300,952,36,2645,33,33
33,-518,0,952,33,36,33,36,33,2645,0,952,33,2645,33,952,33,952,33,952
2645,33,33,33,952,36,33,-300,33,0,33,33,33,36,952,-300,33,2645,0,33,2645,33,33,33,33,33,952,33,33,2645
33,0,952,952,33,-300,2645,33,36,33,952,33,2645,33,33
33,33,952,952,952,33,0,33,2645,0,33,33,33,33,33,33,33,33,33,952,-300,33,-518,2645,0
0,-518,33,36,33,33,33,0,0,952,33,-300,33,-518,33,33,33,569,33,569
0,2645,33,33,33,36,33,33,952,-518,0,2645,33,952,33,952,33,33,33,33,33,952,33,-518,33,2645,33
2645,33,33,33,0,33,33,33,33,33,33,952,33,952,33,952,33,952,33,952,33,-518,33,952,0,36,952
33,33,0,0,33,33,0,33,33,2645,0,33,33,0,952,33,33,33,33,33,33,952,33,952,33,952
2645,33,569,2645,2645,33,952,33,952,33,952,33,36,33,-300,33,-300,33,569,33,36,33,-300,33,952,2645,33,33
952,33,0,952,952,33,-300,2645,-300,952,36,33,0,33,33,0,952,33,2645,33
33,-300,33,33,33,-300,33,33,33,2645,952,569,2645,952,33,-300,2645,952,33
-518,33,36,33,33,33,-300,33,0,33,36,2645,-518,0,2645,33,0,2645,-300,952,0,33,33
36,33,-300,33,569,2645,-300,33,569,33,952,33,33,33,569,2645,-300,0,33,33,-518,33,33,952,-518,33,33
0,33,33,33,33,0,952,33,33,33,33,-518,33,-518,33,33,33,2645,2645,-300,33,36,952,0,0,-518
2645,-300,33,-518,33,2645,33,36,0,36,33,33,33,-300,952,952,33,952,952,36,33,37,0,37,952,1442
33,33,33,36,33,569,2645,952,0,-518,0,2645,33,952,33,33,2645,-300,0,33,0,952,264533,33,952,33,33,0,33,33,33,952,0,952,2645,33,33,569,33,0,952,36
33,33,33,1441,0,1442,33,33,33,33,33,33,33,952,0,33,952,33,2645,0,33,952
33,33,33,33,33,33,33,952,952,33,33,0,2645,33,2645
36,2645,-518,0,2645,33,0,2645,-300,952,0
33,33,-518,33,2645,33,0,2645,0,952,952,952,33,0,-300,33,569,2645
952,33,0,33,33,33,33,33,2645,33,952,0,0,33,33,33,0,952,36,2645,2645
36,33,36,0,33,33,33,33,952,-518,33,-518,33,2645,0,33
952,33,-518,33,-1,0,0,0,33,2645,-300,2645,952,33,-518,33,36,33,33,33,2645,33,-300,33,569,952,0
33,30,33,31,2645,0,33,-518,33,-1,33,0,2645,36,0,-300,33,-518,33,30,33,33,33,952
33,33,36,33,33,33,952,33,2645,33,36,33,2645,33,952,33,952,33,33,30,2645,33
0,0,33,33,33,0,33,33,33,33,33,33,-300,33,33,33,-300,33,36,33,0,33,2645,0,33,33,33
0,0,33,33,33,33,33,2645,33,33,952,33,952,33,33,33,33,33,33,33,952,-518,33
-300,33,-300,0,952,33,952,33,952,33,-518,33,36,33,33,952,569,33,33,33,-300,33,33
2645,0,569,33,952,33,-300,33,-518,33,33,33,0,0,-300,33,2645,0,33,0,33,33,952,33,-300,33,2645,952,36,2645,-300,33
33,-300,2645,952,33,952,33,-518,33,952,33,-518,33,36,33,-300,33,30,33,0,1442,2645,37,0,30,33,37,33,1441,33,952,33,952,0,33,33
33,0,33,-300,33,33,33,33,-300,33,569,33,-300,33,569,33,33,33,37,33,33,33,33,33
33,36,33,0,33,-300,952,-300,33,569,2645,2645,33,-300,33,-300,33,33,0,952,33
-300,952,37,33,-300,952,33,0,33,33,952,33,33,33,0,2645,33,33
-518,33,36,0,-300,33,36,33,33,33,-300,2645,2645,33,-300,33,33,33,-300,33,-518,33,-518,33,-518
33,33,33,0,33,33,33,952,33,33,0,33,952,33,952,2645,0,33,33
952,33,33,33,36,33,2645,2645,0,0,-518,33,0,2645,-518,33,2645,33,952,0,33,2645,33
-300,0,952,33,-300,33,569,33,569,2645,33,33,36,952,-518,33,0,952,36,0
2645,0,0,0,1442,33,33,2645,33,2645,0,952,952,0,0
33,-518,2645,-300,33,36,952,-518,33,2645,33,-518,33,-300,33
0,33,36,952,569,33,33,952,-518,33,30,952,33,2645,36,0,-300,33,31,33
33,33,0,2645,33,33,2645,33,569,33,-300,0,-300,33,33,952,36
33,37,33,30,2645,33,33,1442,33,33,33,2645,33,33,33,33,33,33,0,33,33,33,33
0,33,33,33,33,2645,0,952,33,33,2645,0,33,33,0,0,0
33,2645,33,952,33,-518,33,36,33,-300,33,33,33,59,33,33,33,34,952,1442
0,952,33,33,569,33,-300,33,0,33,952,33,2645,0,952,33,-300,0,952,33
33,952,33,2645,2645,0,0,-518,33,33,33,36,33,33,33,36,33,2645,33,952,33,952,33,952,33,30,2645
0,0,0,0,0,33,33,33,0,33,2645,33,33,33,33,33,0,33,33
33,2645,33,-300,33,33,33,0,33,30,33,1442,33,33,33,0,33,33
33,33,2645,0,36,33,952,33,-518,33,36,33,569,33,33,33,952,33
33,0,33,1442,33,33,0,0,33,33,33,2645,33,33,0,0,33,33,33,952,952,33,2645,33,0
2645,33,0,2645,33,952,2645,33,33,33,33,36,952,569,33,2645,33,36,33,2645,33
33,33,33,569,952,0,33,-300,0,952,33,2645,0,569,33,33,33,-300
33,35,33,37,33,33,33,2645,33,33,0,0,0,33,33,33,952,2645,33,33,33,33
-300,0,0,33,2645,33,952,33,952,33,33,33,2645,33,952,2645,-518,33,569,33
0,952,33,2645,33,-300,33,33,33,2645,33,952,952,36,2645,36,952,-300
33,33,0,33,33,33,33,33,33,33,33,-300,33,36,33,33,2645
952,33,-300,33,0,2645,-300,33,0,33,952,33,33,2645,-518,33,2645,33,-518
952,0,0,952,0,33,36,33,33,33,0,2645,33,0,-518,0,33
33,952,33,33,33,952,33,952,33,952,33,30,33,37,952,1442,33
-518,33,952,33,952,33,2645,33,0,33,0,33,2645,33,36,33,-1
33,33,33,33,2645,33,952,33,33,33,33,33,2645,0,33,33,0,33,33
2645,-518,33,569,33,0,569,2645,33,0,33,33,33,33,33,33,33,33
33,33,33,33,33,33,33,2645,33,33,952,33,33,33,33,33,-300,33
33,33,0,33,-300,952,2645,2645,952,33,-300,33,33,33,-300,33,33,0,952,33
33,33,33,-300,33,0,0,569,33,952,33,-300,33,569,2645,33,33,-518,33,0,33,952
33,33,0,952,952,33,952,33,33,0,33,33,33,33,33,33,2645,33,952
33,33,952,33,952,33,0,33,33,33,33,33,33,33,952,33,33,36,33
33,33,33,2645,33,-300,33,2645,33,952,952,36,33,30,33,36,952,33,33,33,0,33,33,952,33,0,33,33,33,952,33,2645,33,33,33,33,2645,0,2645,33,952,2645,33,33,0
0,952,33,952,952,33,2645,33,2645,33,33,0,0,-518,2645,33,33,33,33,-518,33,33,33,-518,33,-300
2645,33,33,33,33,33,33,33,33,952,33,33,36,33,-518,33,569,33,569,2645,-300,33,0,952,952,33,-300,2645,33,952,-518,33,2645,33,-300,33,569,952,0,33,-518,33
33,33,33,952,0,2645,-300,33,0,33,952,2645,-518,33,36,33,0,33,36,0,33,33
33,36,952,569,33,33,33,-518,33,2645,0,952,33,-300,2645,2645,33,36,952,952
33,2645,33,0,33,33,33,33,0,0,33,33,33,33,33,0,2645,33,33
0,33,952,33,33,33,33,33,33,0,33,952,33,952,2645,0,33,33,33,569
0,0,-518,33,0,2645,-518,33,2645,33,952,33,952,33,952,2645,-300,2645,-300,0,33
33,569,33,569,33,569,33,33,33,0,0,0,0,952,33,-300,33,952,33,952,33
0,0,952,33,-300,2645,-518,0,0,33,33,2645,33,33,2645,33,-300,33,33,33
33,33,33,33,33,33,2645,33,33,-518,952,952,33,33,33,36,33,952,952,-300
952,33,952,36,33,569,2645,-300,33,569,2645,33,0,33,33,-518,33,36,33,33,33,33,2645,-300,33
-518,33,0,952,0,0,33,33,-518,33,-300,2645,-300,33,952,33,952,33,-300,952
33,33,33,33,33,33,33,33,2645,33,0,33,2645,33,0,33,952,33,33,33
2645,-300,2645,952,0,-518,33,-518,33,33,2645,952,33,36,33,569,33
1442,33,59,952,0,0,1442,33,33,2645,33,33,952,2645,0,33,33,952
33,33,33,2645,33,0,33,33,0,36,33,2645,33,952,33,952,33,33,33,952,952
2645,0,0,33,33,33,952,33,2645,952,0,2645,-300,33,2645,33,952,33,33,0,-518
33,0,33,33,952,33,33,33,33,1415,33,33,33,33,952,33,33,33,33,0,0,33,33
0,-518,0,2645,0,33,952,36,2645,33,33,33,2645,952,33,36,33,569,2645
569,-300,33,569,2645,33,33,36,33,33,36,33,33,952,36,2645,33,0,33,0,0,-300
-300,33,33,33,952,33,33,952,0,33,33,2645,0,952,952,33,33,0,952,952,33,33,952,33,2645,0,33
952,33,-518,0,33,952,-518,33,33,952,-518,2645,-300,2645,33,33,33,952,36,33,33,0,-518,33,569
33,-300,33,-518,33,952,33,-518,33,36,952,-300,952,0,33,952,2645,33,33,33
33,-518,2645,569,0,-518,33,2645,33,0,33,0,952,2645,33,33,33,-518,33,33,0
33,33,0,0,33,33,2645,0,33,33,2645,952,2645,33,952,33,0,33,0,2645,0,33
33,2645,0,33,33,2645,-300,33,33,33,569,33,-300,2645,2645,952,33,33,2645,0,-300
33,-518,33,-300,33,-518,33,33,33,569,0,-300,33,33,33,33,33,-300,33
952,33,952,33,952,33,33,33,36,33,36,33,-518,952,952,33,952,33,952,33,952,33,952,33,33,33,952,0,-300,33,952,33,33,33,33,33,0,33,33,33
-518,0,33,33,-518,33,33,952,952,33,0,-518,33,33,33,36,33,569,33,-300,33,33,33,0,0,-300,0,-518
33,36,952,952,33,-300,33,30,33,33,33,-300,33,952,952,0,2645,33,952
0,33,33,33,33,36,33,0,33,-300,33,36,33,33,33,-518,33,0,0,952,33,33,33
33,36,33,33,33,36,33,33,33,-518,33,-300,33,569,33,0,33,569,33,36,33,0,2645,36,33,38
0,33,952,33,33,33,36,33,-300,33,569,2645,33,2645,2645,33,33,33,2645,33,33,33,36,33,33
33,33,0,0,33,2645,2645,33,952,33,33,-300,952,952,33,33,33,-300,2645,-300
36,33,33,33,33,33,952,33,952,33,2645,2645,0,0,-518,33,33,33,36,33
36,952,33,33,1442,952,33,33,33,33,0,0,0,0,0,33,33,33,0,33,2645,33,33,33
33,33,33,33,33,33,33,33,952,0,33,33,2645,952,33,33,0,33,569
33,33,-300,0,-518,33,2645,33,952,33,952,33,952,33,952,952,36,33,1442,33,33,33,33,952
33,952,2645,569,33,0,33,36,952,0,0,-518,33,-300,2645,0,33,33,33,33,2645,0,33
33,0,2645,2645,33,952,33,952,33,-518,33,2645,0,33,33,36,33,569,2645,36,33,569,2645
33,33,2645,33,33,33,569,2645,952,33,-518,33,33,0,33,0,-518,33,2645,33,-300
-518,33,36,0,-518,0,0,0,33,33,-300,33,-518,33,952,33,952,33,33,33,33,33,33,2645,-300,33
2645,-518,0,2645,33,0,2645,-300,33,36,33,33,33,952,33,0,33,0,33,-300,0,952,33,-300,33,33,33,569,33,33,0
33,33,33,0,33,33,33,33,0,0,33,33,2645,33,952,33,33,33,-300,0,0,2645,0,0
33,2645,0,33,33,33,36,33,0,33,36,0,33,33,2645,33,36,33,-518,33,952,33,33,0,952,952,952,33,-300
33,33,33,33,0,33,2645,0,33,0,33,33,0,2645,0,33,33,-518,2645,0,33,0,33,569
-518,33,36,0,-300,33,36,33,33,952,2645,33,952,33,2645,952,33,2645,-300,0,33,33
33,33,33,0,-300,0,2645,2645,-300,33,569,33,36,2645,-518,0,33,0,952,2645,-300
33,33,33,-300,33,36,33,33,33,33,33,-518,0,-300,2645,33,33,-300,33
0,952,33,0,33,-300,33,33,33,-300,952,33,952,33,30,2645,33
33,33,33,33,33,33,33,2645,33,33,33,33,0,33,33,2645,33
33,36,33,33,33,36,33,952,33,33,952,36,33,37,33,952,2645,37,33
33,33,33,0,33,1443,33,33,952,0,33,33,2645,0,33,952,33,33,33,33
33,2645,33,-518,33,33,33,33,33,33,2645,30,0,-300,33,2645,33,952,33,33
33,33,33,33,0,33,33,33,0,2645,33,36,33,33,33,33,0,-300,33,2645,33
952,33,33,0,33,33,0,33,2645,33,33,33,36,952,952,33,33,952,2645
33,952,33,33,33,1441,33,33,33,33,2645,2645,33,2645,33,33,0,33,952,33,33
33,-300,33,-300,33,0,2645,569,0,-518,33,-518,33,-518,0,33,33,33,33,0,952
36,33,34,33,-300,33,0,33,33,0,33,33,0,2645,33,33,33,0,33
0,33,33,952,33,33,33,33,1415,33,33,33,33,952,33,33,952
569,2645,952,33,-518,33,2645,33,2645,33,-518,33,33,33,33,33,0,952,-1,33
33,0,33,33,0,952,0,33,36,952,569,33,33,952,-518,33,30,33,1442,33,33,33
33,2645,33,-518,33,-300,33,36,33,33,33,-300,0,2645,2645,-300,33,36,952
36,33,33,952,-518,0,2645,33,952,33,952,33,33,2645,-518,33,33,2645,-300,0,33
569,2645,-300,33,33,33,36,0,36,33,2645,33,952,33,952,33,952,33,33,33,31,33,37
33,952,33,33,952,33,33,33,33,33,952,0,33,33,33,0,952,2645,33,2645,0,0
33,36,33,33,33,0,33,952,952,1442,33,33,0,0,33,33,33,33,2645,33
0,33,2645,33,-300,33,569,952,952,33,952,33,33,33,31,33,33,952,1442,33,0,33
33,33,33,33,952,36,33,-518,33,36,33,952,33,952,33,33,33,36,33,2645,2645,0,0
952,0,0,33,952,569,33,-300,0,952,33,33,33,-300,33,36,33,-300,0,2645
33,0,33,952,33,33,33,33,952,33,33,2645,33,33,33,33,2645,33,2645,33,33,2645
33,952,-1,33,1442,33,952,2645,33,952,33,952,33,33,33,33,33,33,33,33,33,33
569,2645,0,33,-518,33,569,33,2645,33,952,33,-518,0,33,952,-518,33,952,33,952,2645,33,33,952
33,36,33,36,33,33,33,33,33,2645,33,0,33,33,33,952,33,33,33,33,33,33,952,33,-518
33,-300,33,33,2645,34,33,1442,952,33,0,1441,0,52,33,0,0,33,33,33,33,33,2645,33
33,33,33,36,33,2645,33,-300,33,-300,33,36,2645,-300,33,0,33,569
-300,33,569,33,33,2645,33,33,-300,2645,-300,952,36,33,569,2645,33,33,2645
952,0,-518,33,-518,33,33,2645,952,33,36,33,569,33,-300,33,36,33,952,33,2645,0,952
59,952,0,0,1442,33,33,2645,33,33,952,2645,0,33,33,952,33,0,33,33,33,33,33,952,33,952
2645,33,952,33,952,33,33,33,952,952,33,2645,35,33,2645,952,33,952,33,33,33,33
-300,33,2645,33,952,33,33,0,-518,33,33,2645,33,0,2645,33
33,33,33,1415,33,33,33,33,952,33,33,33,33,33,0,0,33,33,33,2645,33,33
2645,33,33,33,2645,952,33,36,33,569,2645,0,33,33,2645,33,-518
-518,33,36,33,952,36,2645,33,33,0,33,0,-300,33,569,2645,952,33,33,952
0,33,33,33,33,33,33,2645,33,33,33,2645,0,0,33,0,33,2645,0,33,33,33
952,33,0,2645,2645,33,33,33,36,0,2645,33,33,0,33,33,-300,0,33
0,33,0,0,0,2645,2645,33,33,952,-518,952,952,952,569,33,569,2645,-300,33,569
2645,33,952,33,30,33,1442,33,33,33,33,33,0,33,33,33,33,952,0,0,0,952,33,2645
-300,2645,952,2645,2645,33,33,952,-518,952,952,952,569,33,569,2645,-300,33,569,2645,33,33,36,952,-518,33,2645,2645,-300
952,0,33,33,2645,33,33,33,2645,33,33,33,33,33,2645,33,2645
0,33,0,33,-300,0,952,33,-300,33,33,33,569,33,33,0,-518,33,36,33,-300,33
952,33,-300,33,30,2645,952,952,36,2645,-300,33,0,33,2645,2645,2645,952,952
33,33,33,33,33,2645,33,33,952,0,0,0,2645,33,33,952,33,0,0
33,0,33,36,0,33,33,2645,33,-518,33,36,952,-518,33,0
569,33,33,33,-518,33,2645,0,952,33,-300,2645,2645,33,36,952,952
33,33,952,33,33,33,2645,33,0,33,33,33,33,0,0,33,33,33,33,33
952,33,33,33,31,33,33,952,1442,33,0,33,952,33,33,33,33,33,33
-518,33,36,33,952,33,952,33,33,33,36,33,2645,2645,0,0,-518,33
33,952,33,33,33,0,33,33,952,0,33,33,33,33,33,33,33
33,36,33,33,33,-518,33,0,0,952,33,33,33
33,36,33,33,33,-518,33,-300,33,569,33,0,33,569
33,952,33,0,2645,-300,0,952,33,33,33,-518,33,569,33
36,0,36,33,33,33,36,0,-300,33,0,952,952,33,-300,33,569,33,569,2645,952
0,2645,33,952,33,33,2645,33,33,-300,33,569,33,952,33,33,33,-300
33,33,0,952,952,33,33,952,36,33,30,33,33,33,2645,33,2645,33,33,33,33,33
569,33,33,2645,-300,33,569,2645,36,33,569,2645,33,33,569,33,0,33,33,33,33,33,-518
33,952,569,0,33,33,-300,33,0,33,33,33,-518,33,-300,33,0,33,30,33,37,0,33,952,33
33,2645,0,0,33,33,2645,33,952,2645,2645,33,0,33,-300,33,-518,33,0,952,0,33
33,0,33,952,33,952,2645,0,33,33,33,0,952,36,2645,33,33,36,2645,33
33,33,569,952,30,33,37,33,1442,0,0,33,33,33,33,33,2645,33,33,33,33,33,33,2645
2645,33,33,-518,33,2645,33,-300,33,569,33,952,33,33,952,37,2645,30,33,1441,952,1442,33,52
2645,33,0,2645,33,33,33,33,36,33,2645,33,33,33,-300,33,-300,0,-518,33,2645
952,-518,33,0,952,36,2645,-518,0,0,0,36,2645,33,952,-300,33,-300,33
33,59,0,33,0,33,952,33,2645,33,2645,33,33,33,952,0,33,952,2645
36,33,0,2645,36,0,33,33,952,33,952,33,952,2645,-300,952,33,952,0,33,569,2645
2645,-300,33,-518,33,952,33,33,33,0,33,36,33,569,33,0,952,0,33,0,952,0,0,33
33,1442,33,33,33,2645,952,33,952,2645,0,33,33,952,33,0,33,33,2645,33,33,33,33,33
952,0,0,0,33,569,2645,-300,33,0,33,952,33,33,33,952,33,952,33,952,33,952,0,-300,0,-518
33,0,33,33,952,33,2645,33,0,33,2645,2645,33,2645,2645,33,33,0,33,0,33
569,33,-300,33,0,33,952,2645,33,569,952,33,33,-300,33,569,952,33
0,36,33,2645,33,0,33,0,33,33,33,2645,0,33,33,33,33,952,952,33,0,952
33,33,33,0,2645,0,33,33,-518,33,36,33,952,33,952,33,2645,33,33,952,569,2645,-300
33,569,2645,33,33,-518,33,33,33,569,952,0,2645,-300,33,569,2645,33,33,952,33,0
33,952,0,-300,0,35,33,33,33,1442,33,33,952,33,33,33,33,33,33,33,33,33,952,0,33,33,2645
33,33,-518,33,2645,33,2645,33,33,33,33,2645,-300,33,33,33,2645,33,0,33,33,0,952,952,36,33,1442,33
952,33,952,33,952,33,952,33,-300,33,-300,0,33,33,2645,33,952,33,30,2645,33,33,30,33,31,33,34
33,-518,33,33,33,-300,33,36,0,952,33,952,33,952,2645,-300,952,33,952,0,33,569,2645,-300,33,569,2645,33,33,36,33,-518
33,-518,33,2645,33,-518,33,36,33,36,0,952,952,36,33,569,33,36,2645,33,33,33,952,33,2645,-300,33,-518,33,2645,33,33,33,-1
33,569,33,569,2645,-300,2645,33,33,-300,33,-518,33,0,952,33,33,-518,33,2645,33,33,2645
33,952,33,952,33,-518,33,-300,0,-518,33,2645,33,-300,33,2645,0,0,952,952,33,-518,33,36,33,-300,33,-518,33,36
36,33,-518,33,36,33,33,33,-518,33,0,33,-300,952,952,33,952,33,569,2645,-300,2645,-300,33,33,2645,-300,33
33,952,2645,33,952,33,33,33,36,952,-518,33,36,33,-300,33,33,2645,34,33,0,33,-300,2645,0,33,34,33,33,0,30,952
33,2645,2645,-300,2645,952,2645,2645,33,33,952,-518,952,952,952,569,33,-300,0,-300,33,569,2645,952,33,33,33,33,33,-518
33,33,36,33,0,2645,569,33,-518,2645,33,33,33,33,36,33,-518,0,33,952,-518,33,33,952,-518
36,33,33,952,36,952,952,33,-300,33,30,33,33,33,1442,33,33,33,33,33,0,33,33,33,952
-518,33,36,2645,33,33,952,33,33,33,569,33,2645,33,36,33,569,2645,36,33,33,0,0,0,2645,0,33,33,-518,33,2645
33,33,2645,33,952,-518,952,952,33,-518,0,-300,33,-300,0,0,952,569,33,0,952,33,33,33,0,952,33,33
-518,33,-300,-300,33,0,33,33,952,569,33,-300,952,36,33,33,2645,3190,33,1442,33,33,33
952,952,33,-518,33,2645,33,33,952,36,33,31,33,1442,33,0,33,33,33,33,33,33,2645,33,2645,952,952,33
569,33,36,2645,33,33,33,952,33,2645,-300,33,-518,33,2645,33,952,33
33,33,0,33,33,33,33,33,952,33,33,33,33,33,33,33,0,33,2645,33,2645,-300,0,2645,33,952,0,952
2645,33,0,2645,33,33,-300,0,-518,33,33,33,569,2645,33,33,33,33,36,33
33,33,0,33,952,33,0,33,2645,33,33,33,2645,33,33,0,0,33
0,33,569,2645,569,33,33,33,-518,33,569,33,33,33,36,952,-518,33,36,33,952,33,33,2645,34,33
33,-518,33,33,33,952,33,-518,33,36,33,-518,33,0,33,-300,33,36,33,-300,33,-1,2645,33,0,0,33
33,33,2645,33,952,2645,33,952,-518,33,-300,33,0,0,-518,33,2645,0,33,33,2645,952,569,33,2645,33,0,33,33,952
33,-300,33,36,33,0,33,-300,33,-300,33,569,33,36,33,3190,0,34,33,38,33,33,0,33,33,33,33,33,33,0
33,952,0,33,569,2645,-300,33,569,33,952,33,952,33,-518,33,36,33,569,33,-518,33,569,2645,952,33,952,33,952
2645,33,33,0,33,2645,33,33,952,33,33,33,0,2645,33,33,952,33,33,2645,33,33,33,36,0,2645,33
33,52,952,33,2645,33,33,33,2645,33,33,33,952,0,33,33,33,952,33,33,33,2645,33,2645,2645,33,952,33
33,952,952,36,33,37,952,952,2645,1442,33,59,2645,952,33,33,33,33,0,33,33,0,2645,33,33,33,33,0,33,2645,33,33,2645,0
-518,33,33,33,36,33,569,33,33,33,0,33,-300,952,0,33,30,33,1442,33,33,33,0,33,33,33,2645,2645,33,2645,33
-300,33,-518,33,952,33,-518,33,36,33,569,33,-518,33,36,0,952,33,952,33,952,33,952,2645,33,33,952,952,2645,-518,33,-1,2645
0,0,33,33,0,2645,952,33,2645,33,952,33,952,33,952,33,952,33,33,33,-300,33,36,2645,-518,0,2645,33,-300,33,952
33,36,0,952,33,952,33,952,952,33,2645,33,33,33,33,33,33,36,33,-518,33
569,33,569,2645,33,952,0,2645,-300,33,0,33,36,33,569,33,952,33,569,0,-518,33,36,0,-518,0,0,0,33,33,-300,33,-518
33,33,36,33,33,2645,-518,2645,2645,33,33,33,952,33,952,952,33,33,-518,33,33,0,33,0,-518
33,952,33,569,0,-300,33,36,33,-300,33,569,33,569,2645,33,33,36,952,-518,33,0,952,36,2645,-518,0
2645,0,0,33,33,33,0,2645,952,33,33,952,2645,33,2645,0,33,33,0,-300,33,-518,33,-518,33
33,33,33,31,33,37,33,-300,33,33,2645,0,33,33,33,33,33,33,2645,0,33,0,952,33,33,33,952,0
2645,33,36,33,-300,33,30,33,37,33,33,33,1442,2645,33,2645,0,33,33,33,2645,0,33,33,2645,33,33,33
2645,33,33,952,33,-300,33,-300,0,0,-518,2645,-300,33,-518,33,33,-300,33,33,33,33,33
2645,-300,33,569,2645,33,33,36,33,-518,33,36,33,33,952,36,2645,33,33,0,33,0,0,-300
33,33,33,2645,33,33,33,2645,0,0,33,0,33,2645,0,33,33,33,952,33,952,33,33,952,33
-300,33,33,33,-300,33,36,33,33,952,31,2645,33,33,37,952,-300,33,33,0,33,33,952,952,0
33,0,2645,33,33,33,952,0,33,33,2645,2645,0,33,33,33,33,2645,2645,33,952,33,952,33,-518,33
33,0,0,0,0,952,33,-300,33,952,33,952,33,952,33,-518,33,33,2645,36,2645,0,0,-518,33,569,2645
33,-300,33,952,2645,33,33,0,33,0,33,33,33,952,2645,33,2645,0,33,2645,33,33,33,33,0,33
33,952,33,952,33,-300,0,952,33,0,952,33,952,569,2645,952,33,33,33,33,33,36,33,0,2645,569,33
33,-518,33,37,33,952,33,36,59,0,952,33,33,952,33,0,33,33,33,33,33,33,952,33,33,33,33
-300,0,-518,33,952,33,952,33,33,33,0,2645,33,33,0,33,569,2645,952,33,33,33,36,33
33,33,33,952,952,33,33,0,2645,33,2645,33,-300,33,36,33,2645,0,952,33,33,33,-518,33,36,33,33,33
33,-300,33,33,33,569,33,33,0,-518,33,36,33,-300,33,569,2645,-300,33,569,33,952,33,33,33,569,2645
33,33,33,2645,33,33,33,33,952,0,33,33,33,33,0,952,33,33,33,33,-518,33,-518,33,33,33,2645,2645,-300
2645,33,-518,2645,-300,33,-518,33,2645,33,36,0,36,33,33,33,-300,952,952,33,952,952,36,952,36,2645,33
952,0,0,33,33,0,33,33,0,33,33,33,0,33,33,-300,33,36,33,569,952,36,2645,-300,33,0,33
33,33,36,33,569,2645,36,33,569,2645,33,0,33,33,33,33,36,33,33,952,-518,0,2645,33,952,33,952,33,33,2645
2645,33,33,33,569,2645,-300,33,33,33,36,0,36,33,2645,33,952,33,952,33,952,33,33,33,31,33,37,33,37
-300,952,0,33,952,2645,33,33,33,33,952,33,0,33,952,33,0,33,33,33,33,33
952,0,2645,-300,33,0,33,952,2645,-518,33,36,33,0,36,0,33,33,2645,33,-518,33,36,952
0,36,33,36,33,0,33,0,33,-518,33,-300,952,-518,33,0,33,-518,33,0,2645,36,33,952,33,952,33
0,33,33,33,33,0,33,33,33,33,33,33,33,952,0,33,0,33,0,33,33,33,952,33
33,33,33,0,0,-300,0,-518,33,2645,0,33,2645,33,33,-300,33,952,33,2645,33,-300,33,33,569,952,0,0,952
0,0,0,33,33,33,0,33,33,952,33,33,33,952,2645,33,2645,0,0,0,33,33,33,33,36,33
952,569,952,33,0,-518,33,36,33,33,33,36,33,33,33,-518,33,-300,33,569,33,0,33
33,0,37,33,34,952,1442,0,0,952,33,33,33,33,33,2645,33,33,2645,0,952,33,0,33,33,0,952,33,0,0,0,2645,33,952,33,33,952
33,0,33,33,952,0,952,0,33,33,2645,0,0,0,952,33,33,33,33,33,33,952,2645,-300,33
33,33,0,33,952,33,33,0,33,33,33,33,33,-300,33,569,952,569,952,36,33,-300,33,30,33
33,33,33,33,952,2645,2645,952,2645,0,-300,33,952,33,2645,952,0,0,0,33,33,36
2645,33,0,33,-518,0,2645,2645,33,33,-300,33,-300,0,952,33,952,33,952,33,33,33,569,33,952,33,952
0,33,0,0,0,33,33,33,33,0,33,33,33,33,33,36,33,33,33,33,33,2645,33,-518,33,36
0,0,33,33,33,33,0,952,33,33,33,-300,0,33,33,33,33,-518,33,2645,33,33,33
33,33,-300,33,-518,33,33,33,-518,33,2645,33,33,33,569,2645,0,33,569,33,-300,33,569
33,33,33,36,33,0,33,1442,33,33,33,0,33,33,33,33,33,0,33,33,33,33,33,33,33
33,36,2645,-518,0,2645,33,0,2645,-300,952,0,33,33,33,952,33,0,33,0,33,-300,0,952,33
33,0,2645,0,0,33,33,33,33,952,33,33,2645,0,0,2645,0,33,33,33,33,33,569,2645,33,33
33,0,33,2645,2645,-518,33,33,33,33,33,-518,33,33,952,33,33,30,952,31,952,1442,33,0
33,31,33,34,33,59,2645,2645,0,33,33,52,2645,33,33,2645,2645,33,33,952,2645,33,952,0
0,0,0,33,952,33,569,2645,2645,33,33,33,-300,33,36,33,0,33,2645,0,33,33,-518,33,569,33,33,33,569,33
33,2645,33,33,952,33,952,33,33,33,33,33,33,33,952,-518,33,952,33,33,33,-518,2645,-300,33
33,33,952,569,33,33,33,-300,33,33,0,0,33,33,952,33,2645,33,33,952,33,0,33,33,33,33,33,0,33,33
33,0,0,-300,33,2645,0,33,0,33,33,952,33,-300,33,2645,952,36,2645,-300,33,0,952,33,-300,2645
33,33,33,952,2645,0,952,33,0,33,36,0,33,33,952,33,952,33,2645,33,952,33,952,33,30,2645,33,33,30
0,36,33,569,33,0,0,2645,33,952,33,952,33,33,33,33,0,2645,0,33,33,-518,33,36,33
33,33,952,2645,952,33,33,0,2645,-300,2645,36,0,0,0,2645,33,33,33,33
36,33,0,33,-300,33,36,33,33,33,36,33,0,33,1442,952,33,952,2645
0,-518,0,0,33,33,-518,0,33,0,952,952,33,569,2645,-300
-518,33,36,0,-518,0,0,952,33,33,-518,0,33,0,952,952,-300,33,569,2645,-300
952,33,2645,33,33,0,-300,33,2645,33,-518,33,-300,33,-518,2645,33,33,33,33,0,2645
33,33,0,33,33,2645,33,0,0,33,33,33,0,952,952,33,33,33,36,952
33,33,33,0,33,952,952,33,33,33,952,2645,33,0,33,33,569,2645,-518
33,-300,0,0,0,33,952,0,33,569,2645,569,33,33,952,2645,33,952,33,33,33,36,952
33,36,33,-518,33,33,2645,952,33,2645,33,-518,33,952,33,33,33,-518,33,36,33,33,33
33,2645,0,33,33,2645,2645,33,33,33,33,0,33,-300,33,36,33,952,33,2645,0
36,2645,3190,33,30,33,36,33,1442,33,33,33,2645,33,2645,33,33,2645,33,33,33,33,33,33,33,33
33,33,33,33,33,0,0,2645,2645,33,33,33,2645,33,33,0,33,33,0,33,33,33,952,0,33,33,33,33
952,0,33,33,2645,33,33,33,952,2645,-300,33,-518,33,33,33,2645,33,952,33,952
-518,33,36,33,-300,33,0,33,-300,33,33,33,-300,33,36,2645,3190,33,30,33,36,33
569,33,0,33,0,0,569,2645,33,33,-300,33,0,0,2645,33,2645,33,0,33,952,33,-300,33
33,-518,2645,-300,33,2645,33,36,33,0,2645,36,33,2645,33,-518,33,36,33,36,0,952,952,36,33,569,33
1442,0,-300,33,33,33,33,33,1442,0,30,33,36,33,33,33,0,33,33,33,33,33,952,33,33,33
-518,33,0,952,0,33,36,33,33,0,33,33,-518,2645,33,33,952,33,952,33,952,33,2645
952,33,33,952,33,0,33,34,0,0,0,33,0,33,952,-518,33,33,33,36,33
0,33,2645,33,33,33,569,33,952,33,952,33,952,33,952,33,952,33,952,33,1442,2645,2645,0,569,33,36
0,33,2645,33,33,33,33,33,952,33,33,2645,33,952,33,33,0,33,33,33,952,33,33,33,-518,33
33,33,569,2645,-300,33,33,33,36,0,36,33,2645,33,952,33,33,33,0,0,952,33
952,33,0,33,2645,0,33,33,33,33,33,33,33,33,33,952,-300,33,-518,2645
33,36,33,33,33,0,0,952,33,-300,33,-518,33,33,33,569,33,569,33,-300,0,2645,2645,-300,952
33,952,-518,0,2645,33,952,33,952,33,33,33,33,33,952,33,-518,33,2645,33,-1,33,33,33
33,33,2645,0,33,33,33,952,-518,33,952,33,2645,33,952,33,952,33,952,33,-518,33,952,0,36
0,2645,33,2645,33,33,0,0,33,33,0,33,33,2645,0,33,33,0,952,33,33,33,33
952,33,2645,33,569,2645,2645,33,952,33,952,33,952,33,36,33,-300,33,-300,33,569,33,36,33,-300,33
0,952,33,0,952,952,33,-300,2645,-300,952,36,33,0,33,33,0,952,2645,33,33,0,0
33,0,2645,569,33,-300,33,33,33,-300,33,33,33,2645,952,569,2645,952,33,-300,2645,952,33,952,33,-300,33,0
952,33,952,33,952,0,-300,0,-300,33,33,33,33,952,569,33,33,33,-300,33,33,0,0
2645,2645,33,33,33,2645,33,33,33,36,33,33,33,-518,33,36,33,952,33,33,33,952,2645,33
36,952,-518,33,569,2645,-300,33,2645,-518,0,33,33,-300,33,-300,33,0,0,36,0,33,33
-518,33,0,952,36,2645,-518,0,0,0,36,2645,33,33,33,33,36,33,-300,33,36,952,569,33
0,33,952,952,952,33,-300,33,36,33,33,0,33,33,-518,33,569,33,569,33,952,33,-300
33,33,33,2645,33,33,952,2645,33,33,952,33,33,33,33,33,33,952,0,33,952,0,2645
952,-300,2645,33,33,569,33,36,0,952,33,-518,33,2645,33,36,33,2645,952,569,2645,33,0,33,33,952,33
0,2645,33,2645,0,33,33,33,33,33,0,952,33,33,2645,-300,952,36,33,952,33,-300,33
2645,-300,0,2645,2645,0,2645,33,33,33,36,952,-518,33,33,33,36,33,2645,2645,33,33,-518,33,569
0,952,0,33,36,952,569,33,33,952,-518,33,30,952,33,2645,36,0,952,2645,-300,2645,36,0,33
33,952,33,952,2645,-300,2645,-300,0,33,33,33,33,-518,33,33,33,-518,33,-300,2645,-300,33,2645,33,-300,952
0,33,33,569,33,2645,0,-518,33,569,33,569,2645,33,33,33,33,0,33,2645,33,0,0,-518,33,2645,952
-300,33,952,2645,33,33,0,33,0,33,33,33,952,2645,33,2645,0,33,2645,33,33,33,33,0,33,952,0,952
33,-300,0,952,33,0,952,33,952,569,2645,952,33,33,33,33,33,36,33,0,2645,569,33
0,33,33,33,-518,33,-518,33,37,33,952,33,36,33,33,33,33,33,33,33,0,0,33
2645,-300,2645,36,0,0,0,2645,33,33,33,33,33,-300,33,-300,0,-518,33,952,33,952,33,33,33,0
-1,33,33,33,1442,33,33,33,0,33,33,33,33,33,0,33,33,33,33,33,33,33,952,952
33,-300,33,33,36,2645,-518,0,2645,33,0,-300,952,0,33,33,33,952,33,33,0,33,-300,0,952
2645,-300,33,569,952,0,0,-518,33,2645,33,-300,33,36,33,33,33,-518,33,0,0,952,33
952,36,33,569,33,0,33,-300,33,952,33,952,33,952,33,952,0,-300,0,-300,33,33,33,33,952,569,33,33,33,-300,33
33,33,33,33,-300,33,2645,33,-300,33,-300,33,-518,33,-518,33,36,33,33,33,33,33,3190,33,33
33,33,2645,33,-300,33,-518,33,952,33,952,33,952,2645,33,33,952,952,0,33,-300,33,569,33,33,33,952,0
2645,0,1442,33,0,1441,33,1442,33,0,2645,0,33,33,33,2645,2645,2645,33,952,952,2645,33
33,569,33,569,33,0,33,-518,33,569,33,33,33,-518,33,30,2645,33,0,-518,33,569,952,36,952,-300,33,0
2645,569,33,-300,33,33,2645,-300,33,-518,33,-518,33,-518,33,33,2645,952,952,-300,0,33,33,33,33,36,33
36,33,33,2645,34,33,1442,33,-300,33,33,0,0,33,33,952,33,2645,33,33,952,33,0,33,33,33,33,33,0,33,33,569,33
-300,33,2645,952,36,2645,-300,33,0,952,952,33,-300,2645,-518,33,36,33,952,33,2645,33,33,33,569,2645,-300
33,33,0,33,33,33,33,33,33,33,33,33,33,952,2645,33,33,0,33,33,-300,33
36,33,569,33,-518,33,569,2645,-300,952,952,33,952,33,952,2645,33,33,952,952
952,33,952,33,952,33,952,33,33,33,952,33,36,33,33,0,33,33,33,2645,33
33,-518,33,33,2645,36,2645,952,33,-300,33,36,33,33,33,952,33,569,0,952,33,2645,33
33,33,33,33,33,2645,33,33,33,952,33,0,2645,2645,33,-300,33,569,33,-300,33,569,33,2645,2645
33,0,0,-518,2645,-300,2645,0,33,33,33,33,33,952,33,952,0,0,952,0,33,36,952,569,33,33,952
952,2645,33,33,33,952,0,33,952,33,33,33,33,952,33,-518,33,2645,33,-300,33
33,952,36,952,952,33,-300,33,33,33,33,1442,33,33,33,33,33,0,33,33,33,952,33,33,33,33
33,33,33,33,33,-518,33,36,2645,33,33,952,33,33,33,569,33,2645,33,36,33,569,2645,36,33
33,33,33,952,33,33,952,33,952,2645,0,0,2645,33,33,33,33,33,33,33,36,0,33
33,33,33,33,36,33,569,0,-518,33,569,2645,569,33,33,0,33,33,33,33,952,33,952,952,-518
-300,33,2645,33,952,33,952,33,30,2645,33,33,31,33,31,33,31,33,1442,33,33,33,33,33
33,33,0,952,33,-518,33,33,33,33,33,36,33,0,2645,569,33,-518,2645,0,952,0,33,0,33,0
33,33,0,33,33,33,33,2645,0,952,33,33,2645,0,33,33,33,2645,2645,33,0,2645,33,33
33,569,33,33,33,36,33,-300,0,35,2645,2645,36,33,38,33,2645,33,0,33,33,0,33,33,2645,33,33
952,2645,2645,952,33,-300,33,33,33,-300,33,33,0,952,33,952,33,33,0,952,33,0,2645
33,0,33,952,33,-518,33,0,952,37,952,33,33,952,2645,0,0,2645,33,0,952,952,33,33,0
33,2645,33,952,33,952,33,952,33,33,33,31,33,33,952,1442,33,0,33,952,33,33,33,33,33,952,33
33,33,36,33,2645,2645,0,0,-518,33,0,2645,-518,33,2645,33,-518,33,33,33,-300,33,36,33,-518,33,0,952,0
2645,-300,33,33,952,952,33,952,33,34,33,33,33,34,33,33,33,33,33,2645,33,33,2645,33,33,2645,33
952,33,33,33,36,33,0,2645,-518,33,33,33,-300,33,-300,0,952,33,952,33,952,33,33,33,569,33
33,33,33,33,33,33,33,33,2645,0,0,0,33,33,33,569,33,0,2645,33,33,-300,2645,33,2645,33
-300,0,36,33,2645,33,952,33,33,952,-1,33,33,952,1442,952,33,952,2645,33,2645,2645,33,33,2645,33,952,33,0,33
-518,0,-300,33,569,33,33,2645,-300,33,-518,33,2645,33,36,33,33,33,31,0,36,33,30,0,36,33,-518
33,33,-518,33,33,33,-300,33,-518,33,33,0,2645,33,36,33,33,33,-300,0,952,33,33,33,33
0,0,952,33,-300,2645,33,2645,952,33,36,33,569,2645,0,33,33,2645,33,33,-518,33,36,33
33,952,36,2645,33,33,0,33,0,0,-300,33,569,2645,952,33,33,952,33,952,-300,33,2645,33,-300,33,33,33,569,952,30
0,33,33,2645,0,33,952,33,33,33,33,0,2645,33,33,569,33,0,33,-518,2645,2645,33,-518,33,33,33
33,36,33,33,952,31,33,31,33,35,952,30,2645,38,33,2645,0,33,33,33,33,33,33,33,33,0,33,33
2645,952,952,-518,33,-300,33,0,952,952,33,952,33,952,33,952,33,-300,33,-518,33,36,33,0,33,36,33,59,33,952,33
33,2645,33,0,33,33,952,33,-300,33,36,33,33,952,36,33,952,33,33,952,37,2645,30,33,1441,0,33
33,33,0,0,33,33,33,33,0,33,2645,0,33,33,2645,33,33,33,2645,33,0,33,33,33,-300,952,952,33
33,33,33,33,33,33,33,33,33,33,33,33,952,2645,33,2645,33,33,-300,2645,33,33,2645,33,952,33,952
35,33,31,952,34,33,1443,33,33,33,2645,33,2645,2645,33,952,33,33,0,33,952,0,2645,2645,952,33,33
36,33,952,33,33,2645,0,33,2645,33,36,33,36,33,952,2645,37,33,35,33,1441,33,952,33
2645,569,33,0,33,-300,33,0,33,569,2645,-300,0,952,33,-300,33,36,952,-518,2645,2645,33,36,33,569,952,36,0
2645,33,36,33,33,33,569,33,33,33,36,33,2645,33,-300,33,569,2645,33,33,-300,33,36,33,33,952,2645
33,33,2645,0,33,33,0,33,33,33,33,33,33,33,952,33,0,33,33,36,0,0,0,2645,33,33,33,36
2645,952,33,-518,33,2645,33,952,33,569,0,-518,33,0,33,36,0,952,33,0,33,36,0,33,33
0,2645,33,33,952,33,-300,33,33,33,-300,33,0,0,569,33,952,33,-300,33,569,2645,33
33,33,33,2645,33,33,33,33,33,33,33,33,-518,952,36,0,-300,33,36,-518,0,33
-518,33,36,33,-518,33,0,33,-300,33,36,33,952,33,2645,0,33,2645,33,36,33
-300,33,569,952,36,2645,-300,0,36,33,2645,33,952,33,952,33,952,33,33,33,31,33,37
