238,238,238,238,238,238,238,238,238,238,238,238,238,238,238,238,238,238,238,238,238,238,238,238,238,238
238,238,238,238,238,238,238,238,238,238,238,238,238,238,238,238,238,238,238,238,238,238,238,238,238
238,238,238,238,238,238,238,238,238,238,238,238,238,238,238,238,238,238,238,238,238,238,238
238,238,238,238,238,238,238,238,238,238,238,238,238,238,238,238,238,238,238
238,238,238,238,238,238,238,238,238,238,238,238,238,238,238,238,238,238,238,238,238,238,238,238,238,238,238,238,238,238,238
238,238,238,238,238,238,238,238,238,238,238,238,238,238,238,238,238,238,238,238,238,238,238,238,238,238,238
238,238,238,238,238,238,238,238,238,238,238,238,238,238,238,238,238,238,238,238,238,238,238,238,238
238,238,238,238,238,238,238,238,238,238,238,238,238,238,238,238,238,238,238,238,238,238,238,56,238,238
238,238,238,238,238,238,238,238,238,238,238,238,238,238,238,238,238,238,238,238,238,238
238,238,238,238,238,238,238,238,238,238,238,238,238,238,238,238,238,238,238,238,238
238,238,238,238,238,238,238,238,238,238,238,238,238,238,238,238,238,238,238,238,238,238,238,238,238
238,238,238,238,238,238,238,238,238,238,238,238,238,238,238,238,238,238,238,238,238,238,238,238,238
238,238,238,238,238,238,238,238,238,238,238,238,238,238,238,238,238,238,238,238,238,238,238,238,238,238,238
238,238,238,238,238,238,238,238,238,238,238,238,238,238,238,238,238,238,238,238
238,238,238,238,238,238,238,238,238,238,238,238,238,238,238,238,238,238,238,238,238,238,238,238,238,238,238,238,238,238,238,238,238,238,238,238,238,238,238,238,238,238
238,238,238,238,238,238,238,238,238,238,238,238,238,238,238,238,238,238,238,238,238,238,238,238,238,238,238,238,238,238
-684,238,238,238,238,238,238,238,238,238,238,238,238,238,238,238,238,238,238,238,238,238,238,238,238,238,238,238,238,238,238,238,238,238,238,238,238,238,238,238,238,238,238,238,238
238,238,238,238,238,238,238,238,238,238,238,238,238,238,238,238,238,238,238
238,238,238,238,238,238,238,238,238,238,238,238,238,238,238
238,238,238,238,238,238,238,238,238,238
238,238,238,238,238,238,238,238,238,238
238,238,238,238,238,238,238,238,238,238
238,238,238,238,238,238,238,238,238,238
238,238,238,238,238,238,238,238,238,238
238,238,238,238,238,238,238,238,238
238,238,238,238,238,238,238,238,238,238,238
238,238,238,238,238,238,238,238,238,238
238,238,238,238,238,238,238,238,238,238
238,238,238,238,238,238,238,238,238,238,238,238,238
238,238,238,238,238,238,238,238,238,238,238
238,238,238,238,238,238,238,238,238,238
238,238,238,238,238,238,238,238,238,238,238,238,238,238
238,238,238,238,238,238,238,238,238,238,238,238,238,238
238,238,238,238,238,238,238,238,238,238,238,238,238
238,238,238,238,238,238,238,238,238,238,238,238,238
238,238,238,238,238,238,238,238,238,238,238,238,238
238,238,238,238,238,238,238,238,238,238,238,238,238,238,238,238,238,238
238,238,238,238,238,238,238,238,238,238,238,238,238,238,238,238,238,238,238
238,238,238,238,238,238,238,238,238,238,238,238,238,238,238,238,238,238
238,238,238,238,238,238,238,238,238,238,238,238,238,238,238,238,238
238,238,238,238,238,238,238,238,238,238,238,238,238,238,238,238,238
238,238,238,238,238,238,238,238,238,238,238,238,238,238,238,238,238,238,238,238,238
238,238,238,238,238,238,238,238,238,238,238,238,238,238,238,238,238,238,238,238,238,238,238
238,238,238,238,238,238,238,238,238,238,238,238,238,238,238,238,238,238,238,238,238,238,238
238,238,238,238,238,238,238,238,238,238,238,238,238,238,238,238,238,238,238,238,238
238,238,238,238,238,238,238,238,238,238,238,238,238,238,238,238,238,238,238,238,238,238,238,238
238,238,238,238,238,238,238,238,238,238,238,238,238,238,238,238,238,238,238,238,238,238,238
238,238,238,238,238,238,238,238,238,238,238,238,238,238,238,238,238,238,238,238,238
238,238,238,238,238,238,238,238,238,238,238,238,238,238,238,238,238,238,238,238
238,238,238,238,238,238,238,238,238,238,238,238,238,238,238,238,238,238,238,238,238,238,238
238,238,238,238,238,238,238,238,238,238,238,238,238,238,238,238,238,238,238,238,238,238,238
238,238,238,238,238,238,238,238,238,238,238,238,238,238,238,238,238,238
238,238,238,238,238,238,238,238,238,238,238,238,238,238,238,238,238,238,238,238,238,238
238,238,238,238,238,238,238,238,238,238,238,238,238,238,238,238,238
