237,237,237,237,237,237,237,237,237,237,237,237,237,237,237,237,237,237,237,237,237,237,237,237,237,237,237,237,237,237
237,237,237,237,237,237,237,237,237,237,237,237,237,237,237,237,237,237,237,237,237,237,237,237,237,237,237
237,237,237,237,237,237,237,237,237,237,237,237,237,237,237,237,237,237,237,237,237,237,237,237,237,237,237,237,237,237
237,237,237,237,237,237,237,237,237,237,237,237,237,237,237,237,237,237,237,237,237,237,237,237,237,237,237,237,237,237,237,237
237,237,237,237,237,237,237,237,237,237,237,237,237,237,237,237,237,237,237,237,237,237,237,237,237
237,237,237,237,237,237,237,237,237,237,237,237,237,237,237,237,237,237,237,237,237,237,237,237,237,237,237,237,237
237,237,237,237,237,237,237,237,237,237,237,237,237,237,237,237,237,237,237,237,237,237,237,237,237,237,237,237,237
237,237,237,237,237,237,237,237,237,237,237,237,237,237,237,237,237,237,237,237,237,237,237,237,237,237,237
237,237,237,237,237,237,237,237,237,237,237,237,237,237,237,237,237,237,237,237,237,237,237,237,237,237,237,237,237,237,237,237,237,237
237,237,237,237,237,237,237,237,237,237,237,237,237,237,237,237,237,237,237,237,237,237,237,237,237,237,237
237,237,237,237,237,237,237,237,237,237,237,237,237,237,237,237,237,237,237,237,237,237,237,237,237,237,237,237,237
237,237,237,237,237,237,237,237,237,237,237,237,237,237,237,237,237,237,237,237,237,237,237
237,237,237,237,237,237,237,237,237,237,237,237,237,237,237,237,237,237,237,237,237,237,237
237,237,237,237,237,237,237,237,237,237,237,237,237,237,237,237,237,237
237,237,237,237,237,237,237,237,237,237,237,237,237,237,237,237,237
237,237,237,237,237,237,237,237,237,237,237,237,237,237,237
237,237,237,237,237,237,237,237,237,237,237,237,237,237,237,237
237,237,237,237,237,237,237,237,237,237,237,237,237,237,237,237,237,237
237,237,237,237,237,237,237,237,237,237,237,237,237,237,237,237,237,237
237,237,237,237,237,237,237,237,237,237,237,237,237,237,237,237,237,237,237,237,237
237,237,237,237,237,237,237,237,237,237,237,237,237,237,237,237
237,237,237,237,237,237,237,237,237,237,237,237,237,237,237,237,237,237,237,237,237,237,237,237
237,237,237,237,237,237,237,237,237,237,237,237,237,237,237,237,237,237,237,237,237,237,237
237,237,237,237,237,237,237,237,237,237,237,237,237,237,237,237,237,237,237,237,237,237,237,237
237,237,237,237,237,237,237,237,237,-304,237,237,237,237,237,237,237,237,237,237,237,237,237,237,237,237,237,237,237,237,237
237,237,237,237,237,237,237,237,237,237,237,237,237,237,237,237,237,237,237,237,237,237
237,237,237,237,237,237,237,237,237,237,237,237,237,237,237,237,237,237,237,237,237
237,237,237,237,237,237,237,237,237,237,237,237,237,237,237,237,237,237,237,237,237,237,237,237,237
237,237,237,237,237,237,237,237,237,237,237,237,237,237,237,237,237,237,237,237
237,237,237,237,237,29,237,237,237,237,237,237,237,237,237,237,237,237,237,237,237,237,237,237,237,237,237,237
237,237,237,237,237,237,237,237,237,237,237,237,237,237,237,237,237,237,237,-2,237,237,237,237,237,237,237,237
237,237,237,237,237,237,237,237,237,237,237,237,237,237,237,237,237,237,237,237,237,237,237,237,237,237,237,237,237
237,237,237,237,237,237,237,237,237,237,237,237,237,237,237,237,237,237,237,237,237,237,237,237,237,237,237,237
237,237,237,237,237,237,237,237,237,237,237,237,237,237,237,237,237,237,237,237,237,237,237,237,237,237,237,237
237,237,237,237,237,237,237,237,237,237,237,237,237,237,237,237,237,237,237
237,237,237,237,237,237,237,237,237,237,237,237,237,237,237,237,237,237,237,237,237,237,237,237,237,237,237,237,237,237,237,237
237,237,237,237,237,237,237,237,237,237,237,237,237,237,237,237,237,237,237,237,237,237,237,237,237,237,237,237,237,237,237,237,237,237,237
237,237,237,237,237,237,237,237,237,237,237,237,237,237,237,237,237,237,237,237,237,237,237,237,237,237,237,237,237,237
237,237,237,237,237,237,237,237,237,237,237,237,237,237,237,237,237,237,237,237,237,237,237,237,237
237,237,237,237,237,237,237,237,237,237,237,237,237,237,237,237,237,237,237,237,237,237,237,237,237,237,237,237,237,237
237,237,237,237,237,237,237,237,237,237,237,237,237,237,237,237,237,237,237,237,237,237,237,237,237
237,237,237,237,237,237,237,237,237,237,237,237,237,237,237,237,237,237,237,237,237,237,237,237,237,237,237,237,237,237
237,237,237,237,237,237,237,237,237,237,237,237,237,237,237,237,237,237,237,237,237,237,237,237,237,237,237,237
237,237,237,237,237,237,237,237,237,237,237,237,237,237,237,237,237,237,237,237,237,237,237,237,237,237
237,237,237,237,237,237,237,237,237,237,237,237,237,237,237,237,237,237,237,237,237
237,237,237,237,237,237,237,237,237,237,237,237,237,237,237,237,237,237,237,237,237
237,237,237,237,237,237,237,237,237,237,237,237,237,237,237,237,237,237,237,237,237,237,237,237,237
237,237,237,237,237,237,237,237,237,237,237,237,237,237,237,237,237,237,237,237,237,237,237,237,237,237,237,237,237,237,237
237,237,237,237,237,237,237,237,237,237,237,237,237,237,237,237,237,237,237
237,237,237,237,237,237,237,237,237,237,237,237,237,237,237,237,237,237,237,237,237
237,237,237,237,237,237,237,237,237,237,237,237,237,237,237,237,237,237,237,237,237,237,237,237,237
237,237,237,237,237,237,237,237,237,237,237,237,237,237,237,237,237,237,237,237,237,237
237,237,237,237,237,237,237,237,237,237,237,237,237,237,237,237,237,237,237,237
237,237,237,237,237,237,237,237,237,237,237,237,237,237,237,237,237,237,237,237
237,237,237,237,237,237,237,237,237,237,237,237,237,237,237,237,237,237
237,237,237,237,237,237,237,237,237,237,237,237,237,237,237,237
237,237,237,237,237,237,237,237,237,237,237,237,237,237,237,237,237,237
237,237,237,237,237,237,237,237,237,237,237,237,237,237,237,237,237
237,237,237,237,237,237,237,237,237,237,237,237,237,237,237,237,237,237,237,237
237,237,237,237,237,237,237,237,237,237,237,237,237,237,237,237,237,237,237,237
237,237,237,237,237,237,237,237,237,237,237,237,237,237,237,237,237
237,237,237,237,237,237,237,237,237,237,237,237,237,237,237,237,237,237,237,237,237,237
237,237,237,237,237,237,237,237,237,237,237,237,237,237,237,237
237,237,237,237,237,237,237,237,237,237,237,237,237,237,237,237,237,237
237,-304,237,237,237,237,237,237,237,237,237,237,237,237,237,237,237,237,237,237,237
237,237,237,237,237,237,237,237,237,237,237,237,237,237,237,237,237,237,237,237,237,237,237
237,237,237,237,237,237,237,237,237,237,237,237,237,237,237,237,237,237,237,237,237
237,237,237,237,237,237,237,237,237,237,237,237,237,237,237,237,237,237,237,237,237
237,237,237,237,237,237,237,237,237,237,237,237,237,237,237,237,237,237,237,237,237
237,237,237,237,237,237,237,237,237,237,237,237,237,237,237,237,237,237,237
237,237,237,237,237,237,237,237,237,237,237,237,237,237,237,237,237,237,237
237,237,237,237,237,237,237,237,237,237,237,237,-304,237,237,237,237,237,237,237,237,237,237,237
237,237,237,237,237,237,237,237,237,237,237,237,237,237,237,237,237,237,237
237,237,237,237,237,237,237,237,237,237,237,237,237,237,237,237,237,237,237,237,237,237,237,237
237,237,237,237,237,237,237,237,237,237,237,237,237,237,237,237,237,237,237,237
237,237,237,237,237,237,237,237,237,237,237,237,237,237,237,237,237,237,237,237,237,237
237,237,237,237,237,237,237,237,237,237,237,237,237,237,237,237,237,237,237,237,237,237,237
237,237,237,237,237,237,237,237,237,237,237,237,237,237,237,237,-304,237,237,237,237,237,237,237,237
237,237,237,237,237,237,237,237,237,237,237,237,237,237,237,237,237,237,237,237,237,237,237,237,237
237,237,237,237,237,237,237,237,237,237,237,237,237,237,237,237,237,237,237,237,237,237,-304
237,237,237,237,237,237,237,237,237,237,237,237,237,237,237,237,237,237,237,237
237,237,237,237,237,237,237,237,237,237,237,237,237,237,237,237,237,237,237,237,237,237,237,237,237,237
237,237,237,237,237,237,237,237,237,237,237,237,237,237,237,237,237,237,237
237,237,237,237,237,237,237,237,237,237,237,237,237,237,237
237,237,237,237,237,237,237,237,237,237,237,237,237,237,237,237,237
237,237,237,237,237,237,237,237,237,237,237,237,237,237,237,237,237
237,237,237,237,237,237,237,237,237,237,237,237,237,237,237,237,237
237,237,237,237,237,237,237,237,237,237,237,237,237,237,237,237,237
237,237,237,237,237,237,237,237,237,237,237,237,237,237,237,237,237
237,237,237,237,237,237,237,237,237,237,237,237,237,237,237,237,237,237,237
237,237,237,237,237,237,237,237,237,237,237,237,237,237,237,237,237,237,237,237,237,237
237,237,237,237,237,237,237,237,237,237,237,237,237,237,237,237,237,237,237,237
237,237,237,237,237,237,237,237,237,237,237,237,237,237,237,237,237,237,237,237,237,237,237,237,237
237,237,237,237,237,237,237,237,237,237,237,237,237,237,237,237,237
237,237,237,237,237,237,237,237,237,237,237,237,237,237,237,237,237,237,237,237
237,237,237,237,237,237,237,237,237,237,237,237,237,237,237,237,237,237,237,237,237,237
237,237,237,237,237,237,237,237,237,237,237,237,237,237,237,237,237,237,237,237,237,237,237
237,237,237,237,237,237,237,237,237,237,237,237,237,237,237,237,237,237
237,237,237,237,237,237,237,237,237,237,237,237,237,237,237,237,237,237,237,237
237,237,237,237,237,237,237,237,237,237,237,237,237,237,237,237,237,237,237,237,237,237,237
237,237,237,237,237,237,237,237,237,237,237,237,237,237,237,237,237,237,237
237,237,237,237,237,237,237,237,237,237,237,237,237,237,237,237,237,237,237,237,237,237,237,237,237,237,237,237,237,237,237,237,237,237,237,237,237
237,237,237,237,237,237,237,237,237,237,237,237,237,237,237,237,237,237,237,237,237,237,237
237,237,237,237,237,237,237,237,237,237,237,237,237,237,237,237,237,237
237,237,237,237,237,237,237,237,237,237,237,237,237,237,237,237,237,237,237,237
237,237,237,237,237,237,237,-2,237,237,237,237,237,237,237
237,237,237,237,237,237,237,237,237,237,237,237,237,237,237,237,237,237,237,237,237,237,237
237,237,237,237,237,237,237,237,237,237,237,237,237,237,237,237,237,237,237,237,237,237,237,237,237
237,237,237,237,237,237,237,237,237,237,237,237,237,237,237,237,237,237,237,237,237,237,237,237,237,237,237,237,237,237,237
237,237,237,237,237,237,237,237,237,237,237,237,237,237,237,237,237,237,237,237,237
237,237,237,237,237,237,237,237,237,237,237,237,237,237,237,237,237,237,237,237,237,237,237,237,237
237,237,237,237,237,237,237,237,237,237,237,237,237,237,237,237,237,237
237,237,237,237,237,237,237,237,237,237,237,237,237
237,237,237,237,237,237,237,237,237,237,237,237,237,237,237,237,237,237,237
237,237,237,237,237,237,237,237,237,237,237,237,237,237,237,237,237,237
237,237,237,237,237,237,237,237,237,237,237,237,237,237,237,237,237,237,237
237,237,237,237,237,237,237,237,237,237,237,237,237,237,237,237,237,237,237,237,237,237
237,237,237,237,237,237,237,237,237,237,237,237,237,237,237,237,237,237,237
237,237,237,237,237,237,237,237,237,237,237,237,237,237,237,237,237,237,237
237,237,237,237,237,237,237,237,237,237,237,237,237,237,237,237,237,237,237,237,237,237,237,237,237
237,237,237,237,237,237,237,237,237,237,237,237,237,237,237,237,237,237,237,237,237,237,237
237,237,237,237,237,237,237,237,237,237,237,237,237,237,237,237,237,237,237,237
237,237,237,237,237,237,237,237,237,237,237,237,237,237,237,237,237,237,237,237,237,237,237
237,237,237,237,237,237,237,237,237,237,237,237,237,237,237,237
237,237,237,237,237,237,237,237,237,237,237,237,237,237,237,237,237,237,237
237,237,237,237,237,237,237,237,237,237,237,237,237,237,237,237,237,237,237,237,237,237,237
237,237,237,237,237,237,237,237,237,237,237,237,237,237,237,237,237,237
237,237,237,237,237,237,237,237,237,237,237,237,237,237,237,237,237
237,237,237,237,237,237,237,237,237,237,237,237,237,237,237,237,237,237,237,237
237,237,237,237,237,237,237,237,237,237,237,237,237,237,237,237,237,237,237,237,237
237,237,237,237,237,237,237,237,237,237,237,237,237,237,237,237,237,237
237,237,237,237,237,237,237,237,237,237,237,237,237,237,237,237,237,237,237,237
237,237,237,237,237,237,237,237,237,237,237,237,237,237,237,237,237,237,237,237,237,237
237,237,237,237,237,237,237,237,237,237,237,237,237,237,237,237,237,237,237,237,237,237,237,237,237
237,237,237,237,237,237,237,237,237,237,237,237,237,237,237,237,237,237,237,237,237,237,237
237,237,237,237,237,237,237,237,237,237,237,237,237,237,237,237,237,237,237,237,237
237,237,237,237,237,237,237,237,237,237,237,237,237,237,237,237,237,237,237
237,237,237,237,237,237,948,237,237,237,237,237,237,237,237,237,237,237,237
237,237,237,237,237,237,237,237,237,237,237,237,237,237,237,237,237,237,237,237,237,237,237,237
237,237,237,237,237,237,237,237,237,237,237,237,237,237,237,237,237,237,237,237
237,237,237,237,237,237,237,237,237,237,237,237,237,237,237,237,237,237,237
237,237,237,237,237,237,237,237,237,237,237,237,237,237,237,237,237,237
237,237,237,237,237,237,237,237,237,237,237,237,237,237,237,237,237,237
237,237,237,237,237,237,237,237,237,237,237,237,237,237,237,237,237,237,237,237,237
237,237,237,237,237,237,237,237,237,237,237,237,237,237,237,237,237,237
237,237,237,237,237,237,237,237,237,237,237,237,237,237,237,237,237,237,237,237,237,237,237
237,237,237,237,237,237,237,237,237,237,237,237,237,237,237,237,237,237,237
237,237,237,237,237,237,237,237,237,237,237,237,237,237,237,237,237,237,237,237,237
237,237,237,237,237,237,237,237,237,237,237,237,237,237,237,237,237,237
237,237,237,237,237,237,237,237,237,237,237,237,237,237,237,237,237,237,237
237,237,237,237,237,237,237,237,237,237,237,237,237,237,237,237,237,237,237,237,237,237,237,237,237,237,237,237,237
237,237,237,237,237,237,237,237,237,237,237,237,237,237,237,237,237,237,237,237,237,237,237,237
237,237,237,237,237,237,237,237,237,237,237,237,237,237,237,237,237,237,237,237,237,237,237,237,237,237,237,237,237
237,237,237,237,237,237,237,237,237,237,237,237,237,237,237,237,237,237,237,237,237,237,237,237,237,237,237
237,237,237,237,237,237,237,237,237,237,237,237,237,237,237,237,237,237,237,237
237,237,237,237,237,237,237,237,237,237,237,237,237,237,237,237,237,237,237,237
237,237,237,237,237,237,237,237,237,237,237,237,237,237,237,237,237,237,237
1411,237,237,237,237,237,237,237,237,237,237,237,237,237,237,237,237,237,237,237,237,237
237,237,237,237,237,237,237,237,237,237,237,237,237,237,237,237,237,237,237,237,237,237
237,237,237,237,237,237,237,237,237,237,237,237,237,237,237,237,237,237,237,237,237,237,237,237
237,237,237,237,237,237,237,237,237,237,237,237,237,237,237,237,237,237,237,237,237
237,237,237,237,237,237,237,237,237,237,237,237,237,237,237,237,237,237,237,237,237,237,237,237,237,237,237
237,237,237,237,237,237,237,237,237,237,237,237,237,237,237,237,237,237,237,237,237,237,237,237,237
237,237,237,237,237,237,237,237,237,237,237,237,237,237,237,237,237,237,237,237,237,237,237,237,237,237
237,237,237,237,237,237,237,237,237,237,237,237,237,237,237,237,237,237,237,237,237,237
237,237,237,237,237,237,237,237,237,237,237,237,237,237,237,237,237,237,237,237,237,237,237,237
237,237,237,237,237,237,237,237,237,237,237,237,237,237,237,237,237,237,237,237,237,237,237,237,237,237,237,237,237,237
237,237,237,237,237,237,237,237,237,237,237,237,237,237,237,237,237,237,237,237,237,237,237,237,237,237,237,237,237
-685,237,237,237,237,237,237,237,237,237,237,237,237,237,237,237,237,237,237,237,237,237,237,237,237,237,237,237,237,237,237,237
237,237,237,237,237,237,237,237,237,237,237,237,237,237,237,237,237,237,237,237,237,237,237,237,237,237,237,237,237,237,237,237,237,237,237
237,237,237,237,237,237,237,237,237,237,237,237,237,237,237,237,237,237,237,237,237,237,237,237,237,237,237,237,237,237,237,237,237
237,237,237,237,237,237,237,237,237,237,237,237,237,237,237,237,237,237,237,237,237,237,237,237,237
237,237,237,237,237,237,237,237,237,237,237,237,237,237,237,237,237,237,237,237,237,237,237
237,237,237,237,237,237,237,237,237,237,237,237,237,237,237,237,237,237,237,237,237,237,237,237,237,237
237,237,237,237,237,237,237,237,237,237,237,237,237,237,237,237,237,237,237,237,237,237,237,237,237,237,237,237
237,237,237,237,237,237,237,237,237,237,237,237,237,237,237,237,237,237,237,237,237,237,237,237
237,237,237,237,237,237,237,237,237,237,237,237,237,237,237,237,237,237,237,237,237,237,237,237
237,237,237,237,237,237,237,237,237,237,237,237,237,237,237,237,237,237,237,237,237,237,237,237,237,237
237,237,237,237,237,237,237,237,237,237,237,237,237,237,237,237,237,237,237,237,237,237,237,237,237,237,237,237,237,237,237,237,237,237,237,237,237,237,237,237,237
237,237,237,237,237,237,237,237,237,237,237,237,237,237,237,237,237,237,237,237,237,237
237,237,237,237,237,237,237,237,237,237,237,237,237,237,237,237,237,237,237,237,237,237,237,237,237
237,237,237,237,237,237,237,237,237,237,237,237,237,237,237,237,237,237,237,237,237,237,237,237,237,237
237,237,237,237,237,237,237,237,237,237,237,237,237,237,237,237,237,237,237,237,237
237,237,237,237,237,237,237,237,237,237,237,237,237,237,237,237,237,237,237,237,237,237,237,237,237,237,237,237,237,237,237,237,237,237,237
237,237,237,237,237,237,237,237,237,237,237,237,237,237,237,237,237,237,237,237,237,237,237
237,237,237,237,237,237,237,237,237,237,237,237,237,237,237,237,237,237,237,237,237,237,237,237
237,237,237,237,237,237,237,237,237,237,237,237,237,237,237,237,237,237,237,237,237,237,237,237,237,237,237,237,237,237
237,237,237,237,237,237,237,237,237,237,237,237,237,237,237,237,237,237,237,237,237,237,237,237,237,237,237,237,237,237,237,237,237,237,237,237,237,237,237
237,237,237,237,237,237,237,237,237,237,237,237,237,237,237,237,237,237,237,237,237,237,237,237,237,237,237,237,237,237,237,237,237,237,237,237,237,237,237
237,237,237,237,237,237,237,237,237,237,237,237,237,237,237,237,237,237,237,237,237,237,237,237,237,237,237,237,237,237,237,237,237
237,237,237,237,237,237,237,237,237,237,237,237,237,237,237,237,237,237,237,237,237,237,237,237,237,237,237,237,237,237,237,237,237,237,237
237,237,237,237,237,237,237,237,237,237,237,237,237,237,237,237,237,237,237,237,237,237,237,237
237,237,237,237,237,237,237,237,237,237,237,237,237,237,237,237,237,237,237,237,237,237,237,237,237,237,237,237
237,237,237,237,237,237,237,237,237,237,237,237,237,237,237,237,237,237,237,237,237,237,237,237,237,237,237,237,237,237,237,237,237,237,237,237,237
237,237,237,237,237,237,237,237,237,237,237,237,237,237,237,237,237,237,237,237,237,237,237,237,237,237,237,237,237,237,237,237,237,237
237,237,237,237,237,237,237,237,237,237,237,237,237,237,237,237,237,237,237,237,237,237,237,237,237,237,237,237,237,237
237,237,237,237,237,237,237,237,237,237,237,237,237,237,237,237,237,237,237,237,237,237,237,237,237,237,237,237,237,237
237,237,237,237,237,237,237,237,237,237,237,237,237,237,237,237,237,237,237,237,237,237,237,237,237,237,237,237,237,237,237,237
237,237,237,237,237,237,237,237,237,237,237,237,237,237,237,237,237,237,237,237,237,237,237,237,237,237,237,237,237,237,237,237,237,237,237,237,237,237
237,237,237,237,237,237,237,237,237,237,237,237,237,237,237,237,237,237,237,237,237,237,237,237,237,237,237,237,237,237
237,237,237,237,237,237,237,237,237,237,237,237,237,237,237,237,237,237,237,237,237,237,237,237,237,237,237,237,237,237,237,237,237,237,237,237,237,237,237,237,237,237,237,237,237,237,237,237,237,237,237,237,237,237,237,237
237,237,237,237,237,237,237,237,237,237,237,237,237,237,237,237,237,237,237,237,237,237,237,237,237,237,237,237,237,237,237,237,237,237,237
237,237,237,237,237,237,237,237,237,237,237,237,237,237,237,237,237,237,237,237,237,237,237
237,237,237,237,237,237,237,237,237,237,237,237,237,237,237,237,237,237,237,237,237,237
237,237,237,237,237,237,237,237,237,237,237,237,237,237,237,237,237,237,237,237,237
237,237,237,237,237,237,237,237,237,237,237,237,237,237,237,237,237,237,237,237,237
237,237,237,237,237,237,237,237,237,237,237,237,237,237,237,237,237,237,237,237
237,237,237,237,237,237,237,237,237,237,237,237,237,237,237,237,237,237,237,237
237,237,237,237,237,237,237,237,237,237,237,237,237,237,237,237,237,237,237,237,237
237,237,237,237,237,237,237,237,237,237,237,237,237,237,237,237,237,237,237,237,237,237,237,237
237,237,237,237,237,237,237,237,237,237,237,237,237,237,237,237,237,237
237,237,237,237,237,237,237,237,237,237,237,237,237,237,237,237,237,237,237
237,237,237,237,237,237,237,237,237,237,237,237,237,237,237,237,237,237
237,237,237,237,237,237,237,237,237,237,237,29,237,-304,237,237,237,237,237,237
237,237,237,237,237,237,237,237,237,237,237,237,237,237,237,237,237,237
237,237,237,237,237,237,237,237,237,237,237,237,237,237,237,237,237,237,237,237
237,237,237,237,237,237,237,237,237,237,237,237,237,237,237,237,237,237,237,237,237,237,237,237,237,237,237,237,237,237,237,237,237,237,237,237,237,237,237,237,237,237,237,237,237,237,237,237,237,237,237,237,237,237,237,237,237,237,237,237,237,237,237,237,237,237,237,237,237,237
237,237,237,237,237,237,237,237,237,237,237,237,237,237,237,237,237,237
237,237,237,237,237,237,237,237,237,237,237,237,237,237,237,237
237,237,237,237,237,237,237,237,237,237,237,237,237,237,237,237,237,237,237,237
237,237,237,237,237,237,237,237,237,237,237,237,237,237,237,237,237,237,237,237,237,237,237,237,237
237,237,237,237,237,237,237,237,237,237,237,237,237,237,237,237,237,237,237,237,237,237,237,237,237,237,237,237,237,237,237,237,237,237,237
237,237,237,237,237,237,237,237,237,237,237,237,237,237,237,237,237,237,237,237,237,237,237,237
237,237,237,237,237,237,237,237,237,237,237,237,237,237,237,237,237,237,237,237,237,237,237,237,237,237
237,237,237,237,237,237,237,237,237,237,237,237,237,237,237,237,237,237,29,237,56,237,237,237,237,237,237,237
237,237,237,237,237,237,237,237,237,237,237,237,237,237,237,237,237,237,237,237,237,237,237,237,237,237,237,237,237
237,237,237,237,237,237,237,237,237,237,237,237,237,237,237,237,237,237,237,237
237,237,237,237,237,237,237,237,237,237,237,237,237,237,237,237,237,237,237,237,237
237,237,237,237,237,237,237,237,237,237,237,237,237,237,237,237,237,237,237,237,237,237,237,237,237,237
237,237,237,237,237,237,237,237,237,237,237,237,237,237,237,237,237,237,237,237,237,237,237,237,237,237,237,237,237,237,237
237,237,237,237,237,237,237,237,237,237,237,237,237,237,237,237,237,237,237,237,237,237,237,237,237,237
237,237,237,237,237,237,237,237,237,237,237,237,237,237,237,237,237,237,237,237,237,237,237,237,237,237,237,237
237,237,237,237,237,237,237,237,237,237,237,237,237,237,237,237,237,237,237,237,237,237,237
237,237,237,237,237,237,237,237,237,237,237,237,237,237,237,237,237,237,237,237,237
237,237,237,237,237,237,237,237,237,237,237,237,237,237,237,237,237,237,237,237
237,237,237,237,237,237,237,237,237,237,237,237,237,237,237,237,237,237,237,237,237,237,237,237,237,237,237,237,237,237
237,237,237,237,237,237,237,237,237,237,237,237,237,237,237
237,237,237,237,237,237,237,237,237,237,237,237,237,237,237,237,237,237,237,237,237,237,237,237,237
237,237,237,237,237,237,237,237,237,237,237,237,237,237,237,237,237,237,237,237
237,237,237,237,237,237,237,237,237,237,237,237,237,237,237,237,237,237,237,237,237,237,237,237,237,237,237
237,237,237,237,237,237,237,237,237,237,237,237,237,237,237,237,237,237,237,237,237,237,237,237,237,237,237
237,237,237,237,237,237,237,237,237,237,237,237,237,237,237,237,237,237,237,237,237,237,237,237,237,237
237,237,237,237,237,237,237,237,237,237,237,237,237,237,237,237,237,237,237,237,237,237,237,237,237,237,237,237
237,237,237,237,237,237,237,237,237,237,237,237,237,237,237,237,237,237,237,237
237,237,237,237,237,237,237,237,237,237,237,237,237,237,237,237,237,237,237
237,237,237,237,237,237,237,237,237,237,237,237,237,237,237,237,237,237,237,237,237,237,237
237,237,237,237,237,237,237,237,237,237,237,237,237,237,237,237,237,237,237,237,237,237,237,237,237,237,237
237,237,237,237,237,237,237,237,237,237,237,237,237,237,237,237,237,237,237,237,237,237,237,237,237,237
237,237,237,237,237,237,237,237,237,237,237,237,237,237,237,237,237,237,237,237,237,237,237,237,237,237
237,237,237,237,237,237,237,237,237,237,237,237,237,237,237,237,237,237,237,237,237,237,237237,237,237,237,237,237,237,237,237,237,237,237,237,237,237,237,237,237,237,237
237,237,237,237,237,237,237,237,237,237,237,237,237,237,237,237,237,237,237,237,237,237
237,237,237,237,237,237,237,237,237,237,237,237,237,237,237
237,237,237,237,237,237,237,237,237,237,237
237,237,237,237,237,237,237,237,237,237,237,237,237,237,237,237,237,237
237,237,237,237,237,237,237,237,237,237,237,237,237,237,237,237,237,237,237,237,237
237,237,237,237,237,237,237,237,237,237,237,237,237,237,237,237
237,237,237,237,237,237,237,237,237,237,237,237,237,237,237,237,237,237,237,237,237,237,237,237,237,237,237
237,237,237,237,237,237,237,237,237,237,237,237,237,237,237,237,237,237,237,237,237,237,237,237
237,237,237,237,237,237,237,237,237,237,237,237,237,237,237,237,237,237,237,237,237,237
237,237,237,237,237,237,237,237,237,237,237,237,237,237,237,237,237,237,237,237,237,237,237,237,237,237,237
237,237,237,237,237,237,237,237,237,237,237,237,237,237,237,237,237,237,237,237,237,237,237
237,237,237,237,237,237,237,237,237,237,237,237,237,237,237,237,237,237,237,237,237,237,237
237,237,237,237,237,237,237,237,237,237,237,237,237,237,237,237,237,237,237,237,237,237,237,237,237,237,237,237,237,237,237,237
237,237,237,237,237,237,237,237,237,237,237,237,237,237,237,237,237,237,237,237,237,237,237,237,237,237,237,237,237,237,237,237,237,237,237,237
237,237,237,237,237,237,237,237,237,237,237,237,237,237,237,237,237,237,237,237,237,237,237,237
237,237,237,237,237,237,237,237,237,237,237,237,237,237,237,237,237,237,237,237,237
237,237,237,237,237,237,237,237,237,237,237,237,237,237,237,237,237,237
237,237,237,237,237,237,237,237,237,237,237,237,237,237,237,237,237,237,237,237,237,237,237,237,237
237,237,237,237,237,237,237,237,237,237,237,237,237,237,237,237,237,237,237
237,237,237,237,237,237,237,237,237,237,237,237,237,237,237,237,237,237,237,237,237,237,237
237,237,237,237,237,237,237,237,237,237,237,237,237,237,237,237,237,237,237,237
237,237,237,237,237,237,237,237,237,237,237,237,237,237,237
237,237,237,237,237,237,237,237,237,237,237,237,237,237,237
237,237,237,237,237,237,237,237,237,237,237,237,237,237,237,237,237,237,237,237
237,237,237,237,237,237,237,237,237,237,237,237,237,237,237,237,237
237,237,237,237,237,237,237,237,237,237,237,213,237,237,237,237,237,237,237,237,237,237,237
237,237,237,237,237,237,237,237,237,237,237,237,237,237,237,237,237
237,237,237,237,237,237,237,237,237,237,237,237,237,-304,237,237,237,237,237,237
237,237,237,237,237,237,237,237,237,237,237,237,237,237,237,237,237,237,237,237
237,237,237,237,237,237,237,237,237,237,237,237,237,237,237,237,237,237,237,237,237,237,237,237,237,237,237
237,237,237,237,237,237,237,237,237,237,237,237,237,237,237,237,237,237,237
237,237,237,237,237,237,237,237,237,237,237,237,237,237,237,237,237,237
237,237,237,237,237,237,237,237,237,237,237,237,237,237,237,237,237,237
237,237,237,237,237,237,237,237,237,237,237,237,237,237,237,237,237,237,237,237,237,237,237,237,237
237,237,237,237,237,237,237,237,237,237,237,237,237,237,237,237,237,237,237,237,237
237,237,237,237,237,237,237,237,237,237,237,237,237,237,237,237,237,237
237,237,237,237,237,1438,237,237,237,237,237,237,237,237,237,237,237,237,237,237,237,237
237,237,237,237,237,237,237,237,237,237,237,237,237,237,237,237,237,237,237,237
237,237,237,237,237,237,237,237,237,237,237,237,237,237,237,237,237,237
237,237,237,237,237,237,237,237,237,237,237,237,237,237,237,237,237
237,237,237,237,237,237,237,237,237,237,237,237,237,237,237,237,237,237,237
237,237,237,237,237,237,237,237,237,237,237,237,237,237,237,237,237
237,237,237,237,237,237,237,237,237,237,237,237,237,237,237,237,237
237,237,237,237,237,237,237,237,237,237,237,237,237,237,237,237,237
237,237,237,237,237,237,237,237,237,237,237,237,237,237,237,237,237,237,237
237,237,237,237,237,237,237,237,237,237,237,237,237,237,237,237,237,237
237,237,237,237,237,237,237,237,237,237,237,237,237,237,237,237,237,237
237,237,237,237,237,237,237,237,237,237,237,237,237,237,237,237,237,237,237,237
237,237,237,237,237,237,237,237,237,237,237,237,237,237,237,237,237,237,237,237,237,237
237,237,237,237,237,237,237,237,237,237,237,237,237,237,237,237,237,237,237
237,237,237,237,237,237,237,237,237,237,237,237,237,237,237,237,237,237,237
237,237,237,237,237,237,237,237,237,237,237,237,237,237,237,237,237,237,237,237,237,237,237,237,237,237,237,237,237,237,237,237,237,237,237,237,237,237,237,237,237,237,237,237,237
237,237,237,237,237,237,237,237,237,237,237,237,237,237,237,237,237,237,237,237,237,237,237,237,237,237
237,237,237,237,237,237,237,237,237,237,237,237,237,237,237,237,237,237,237,237,237,237,237,237,237,237,237,237,237,237,237,237,237,237,237,237,237,237,237,237,237,237
237,237,237,237,237,237,237,237,237,237,237,237,237,237,237,237,237,237,237,237,237,237
237,237,237,237,237,237,237,237,237,237,237,237,237,237,237,237,237,237,237,237
237,237,237,237,237,237,237,237,237,237,237,237,237,237,237,237,237,237,237
237,237,237,237,237,237,237,237,237,237,237,237,237,237,237,237,237,238,238,238,238,238,238,238,238,238
238,238,238,238,238,238,238,238,238,238,238,238,238,238,238,238,238,238,238,238,238,238,238,238,238,238,238,238
238,238,238,238,238,238,238,238,238,238,238,238,238,238,238,238,238,238,238,238,238,238,238,238,238
238,238,238,238,238,238,238,238,238,238,238,238,238,238,238,238,238,238,238,238,238,238,238
238,238,238,238,238,238,238,238,238,238,238,238,238,238,238,238,238,238,238,238,238,238
238,238,238,238,238,238,238,238,238,238,238,238,238,238,238,238,238,238,238,238,238
238,238,238,238,238,238,238,238,238,238,238,238,238,238,238,238,238,238,238,238,238,238,238
7,237,237,237
237,237,237,237,237,237,237,237,237,237,237,237,237,237,237,237,237,237,237,237
237,237,237,237,237,237,237,237,237,237,237,237,237,237,237,237,237,237,237,237
237,237,237,237,237,237,237,237,237,237,237,237,237,237,237,237,237,237,237,237,237,237,237,237,237
237,237,237,237,237,237,237,237,237,237,237,237,237,237,237,237,237,237,237,237
237,237,237,237,237,237,237,237,237,237,237,237,237,237,237,237,237,237,237,237
237,237,237,237,237,237,237,237,237,237,237,237,237,237,237,237,237
237,237,-304,237,237,237,237,237,237,237,237,237,237,237,237,237,237,237
237,237,237,237,237,237,237,237,237,237,237,237,237,237,237,237,237,237,237,237,237
237,237,237,237,237,237,237,237,237,237,237,237,237,237,237,237,237,237,237,237,237
237,237,237,237,237,237,237,237,237,237,237,237,237,237,237,237,237,237,237,237,237,237,237
237,237,237,237,237,237,237,237,237,237,237,237,237,237,237,237,237,237,237
237,237,237,237,237,237,237,237,237,237,237,237,237,237,237,237,237,237,237,237,237,237
237,237,237,237,237,237,237,237,237,237,237,237,237,237,237,237,237,237,237,237,237,237,237,237,237,237,237
237,237,237,237,237,237,237,237,237,237,237,237,237,237,237,237,237,237,8,238,238,238,238,238,238,238,238
238,238,238,238,238,238,238,238,238,238,238,238,238,238,238,238,238,238,238,238,238,238,238,238,238,238,238,238
238,238,238,238,238,238,238,238,238,238,238,238,238,238,238,238,238,238,238,238,238,238,238,238,238
238,238,238,238,238,238,238,238,238,238,238,238,238,238,238,238,238,238,238,238,238,238,238
238,238,238,238,238,238,238,238,238,238,238,238,238,238,238,238,238,238,238,238,238,238
238,238,238,238,238,238,238,238,238,238,238,238,238,238,238,238,238,238,238,238,238
238,238,238,238,238,238,238,238,238,238,238,238,238,238,238,238,238,238,238,238,238,238,238
237,237,237
237,237,237,237,237,237,237,237,237,237,237,237,237,237,237,237,237,237,237,237,237,237
237,237,237,237,237,237,237,237,237,237,237,237,237,237,237,237,237,237,237,237,237
237,237,237,237,237,237,237,237,237,237,237,237,237,237,237,237,237,237,237
237,237,237,237,237,237,237,237,237,237,237,237,237,237,237,237,237,237,237,237,237,237,237,237,237,237,237,237,237,237,237,237,237,237,237,237,237,237,237,237
237,237,237,237,237,237,237,237,237,237,237,237,237,237,237,237,237,237,237,237,237,237,237,237,237,237,237,237
237,237,237,237,237,237,237,237,237,237,237,237,237,237,237,237,237,237,237
237,237,237,237,237,237,237,237,237,237,237,237,237,237,237,237,237,237,237,237,237,237,237
237,237,237,237,237,237,237,237,237,237,237,237,237,237,237,237,237,237,237,237,237,237,237,237,237,237
237,237,237,237,237,237,237,237,237,237,237,237,237,237,237,237,237,237,237,237,237,237,237,237,237
237,237,237,237,237,237,237,237,237,237,237,237,237,237,237,237,237,237,237,237
237,237,237,237,237,237,237,237,237,237,237,237,237,237,237,237,237,237,237,237
237,237,237,237,237,237,237,237,237,237,237,237,237,237,237,237,237,237,237,237,237,237,237,237
237,237,237,237,237,237,237,237,237,237,237,237,237,237,237,237,237,237,237
237,237,237,237,237,237,237,237,237,237,237,237,237,237,237,237,237,237,237,237,237,237,237,237
237,237,237,237,237,237,237,237,237,237,237,237,237,237,237,237,237,237,237,237,237,237,237
237,237,237,237,237,237,237,237,237,237,237,237,237,237,237,237,237,237,237,237,237,237,237
237,237,237,237,237,237,237,237,237,237,237,237,237,237,237,237,237,237,237,237,237
237,237,237,237,237,237,237,237,237,237,237,237,237,237,237,237,237,237,237,237,237,237,237,237,237,237
237,237,237,237,237,237,237,237,237,237,237,237,237,237,237,237,237,237,237,237,237,237,237,237,237,237,237,237,237,237,237
237,237,237,237,237,237,237,237,237,237,237,237,237,237,237,237,237,237,237,237,237,237,237,237
237,237,237,237,237,237,237,237,237,237,237,237,237,237,237,237,237,237,237,237,237,237,237,237,237,237,237,237,237
237,237,237,237,237,237,237,237,237,237,237,237,237,237,237,237,237,237,237,237,237,237,237,237
237,237,237,237,237,237,237,237,237,237,237,237,237,237,237,237,237,237,237,237,237,237
237,237,237,237,237,237,237,237,237,237,237,237,237,237,237,237,237,237,237,237,237
237,237,237,237,237,237,237,237,237,237,237,237,237,237,237,237,237,237,237
237,237,237,237,237,237,237,237,237,237,237,237,237,237,237,237,237
237,237,237,237,237,237,237,237,237,237,237,237,237,237,237,237,237
237,237,237,237,237,237,237,237,237,237,237,237,237,237,237,237,237,237,237
237,237,237,237,237,56,237,237,237,237,237,237,237,237,237,237,237,237,237,237
237,237,237,237,237,237,237,237,237,237,237,237,237,237,237,237,237,237,237,237
237,237,237,237,237,237,237,237,237,237,237,237,237,237,237,237,237,237,237,237,237
237,237,237,237,237,237,237,237,237,237,237,237,237,237,237,237,237,237,237
237,237,237,237,237,237,237,237,237,237,237,237,237,237,237,237,237,237,237,237,237
237,237,237,237,237,237,237,237,237,237,237,237,237,237,237,237,237,237,237,237,237
237,237,237,237,237,237,237,237,237,237,237,237,237,237,237,237,237,237,237
237,237,237,237,237,237,237,237,237,237,237,237,237,237,237,237,237
237,237,237,237,237,237,237,237,237,237,237,237,237,237,237,237,237,237,237,237
237,237,237,237,237,237,237,237,237,237,237,237,237,237,237,237,237,237,237,237,237,237
237,237,237,237,237,237,237,237,237,237,28,238,238,238,238,238,238,238,238
238,238,238,238,238,238,238,238,238,238,238,238,238,238,238,238,238,238,238,238,238,238,238,238,238,238,238,238
238,238,238,238,238,238,238,238,238,238,238,238,238,238,238,238,238,238,238,238,238,238,238,238,238
238,238,238,238,238,238,238,238,238,238,238,238,238,238,238,238,238,238,238,238,238,238,238
238,238,238,238,238,238,238,238,238,238,238,238,238,238,238,238,238,238,238,238,238,238
238,238,238,238,238,238,238,238,238,238,238,238,238,238,238,238,238,238,238,238,238
238,238,238,238,238,238,238,238,238,238,238,238,238,238,238,238,238,238,238,238,238,238,238
37,237,237,237,237,237,237,237,237,237,237,237
237,237,237,237,237,237,237,237,237,237,237,237,237,237,237,237,237,237,237,237
237,237,237,237,237,237,237,237,237,237,237,237,237,237,237,237,237,237,237,237,237,237
237,237,237,237,237,237,237,237,237,237,237,237,237,237,237,237,237,237,237,237,237,237,237
237,237,237,237,237,237,237,237,237,237,237,237,237,237,237,237,237,237,237,237
237,237,237,237,237,237,237,237,237,237,237,237,237,237,237,237,237,237,237,237,237,237
237,237,237,237,237,237,237,237,237,237,237,237,237,237,237,237,237,237,237,237,237,237
237,237,237,237,237,237,237,237,237,237,237,238,238,238,238,238,238,238,238,238
238,238,238,238,238,238,238,238,238,238,238,238,238,238,238,238,238,238,238,238,238,238,238,238,238,238,238,238
238,238,238,238,238,238,238,238,238,238,238,238,238,238,238,238,238,238,238,238,238,238,238,238,238
238,238,238,238,238,238,238,238,238,238,238,238,238,238,238,238,238,238,238,238,238,238,238
238,238,238,238,238,238,238,238,238,238,238,238,238,238,238,238,238,238,238,238,238,238
238,238,238,238,238,238,238,238,238,238,238,238,238,238,238,238,238,238,238,238,238
238,238,238,238,238,238,238,238,238,238,238,238,238,238,238,238,238,238,238,238,238,238,238
8,238,238,238,238,238,238,238,238,238,238,238,238,238
238,238,238,238,238,238,238,238,238,238,238,238,238,238,238,238,238,238,238,238,238,238,238
238,238,238,238,238,238,238,238,238,238,238,238,238,238,238,238,238,238,238,238,238,238
238,238,238,238,238,238,238,238,238,238,238,238,238,238,238,238,238,238,238,238,238
238,238,238,238,238,238,238,238,238,238,238,238,238,238,238,238,238,238,238,238,238,238,238

237,237,237,237,237,237,237,237,237,237,237,237,237,237,237,237,237,237,237,237,237,237
237,237,237,237,237,237,237,237,237,237,237,237,237,237,237,237,237
237,237,237,237,237,237,237,237,237,237,237,237,237,237,237,237,237,237,237,237
237,237,237,237,237,237,237,237,237,237,237,237,237,237,237,237,237,237,237,237,237,237
237,237,237,237,237,237,237,237,237,237,237,237,237,237,237,237,237,237,237
237,237,237,237,237,237,237,237,237,237,237,237,237,237,237,237,237,237,237,237,237
237,237,237,237,237,237,237,237,237,237,237,237,237,237,237,237,237,237,237,237,237,237,237,237
237,237,237,237,237,237,237,237,237,237,237,237,237,237,237,237,237,237,237,237,237,237,237,237,237,237,237,237,237
237,237,237,237,237,237,237,237,237,237,237,237,237,237,237,237,237
237,237,237,237,237,237,237,237,237,237,237,237,237,237,237,237,237,237,237,237,237,237
237,237,237,237,237,237,237,237,237,237,237,237,237,237,237,237,237,237,237
237,237,237,237,237,237,237,237,237,237,237,237,237,237,237,237,237,237,237
237,237,237,237,237,237,237,237,237,237,237,237,237,237,237,237
237,237,237,237,237,237,237,237,237,237,237,237,237,237,237,237,237
237,237,237,237,237,237,237,237,237,237,237,237,237,237,237,237,237,237,237,237
237,237,237,237,237,237,237,237,237,237,237,237,237,237,237,237,237,237,237
237,237,237,237,237,237,237,237,237,237,237,237,237,237,237,237,237,237
237,237,237,237,237,237,237,237,237,237,237,237,237,237,237,237,237
237,237,237,237,237,237,237,237,237,237,237,237,237
237,237,237,237,237,237,237,237,237,237,237,237,237,237
237,237,237,237,237,237,237,237,237,237,237,237,237,237,237
237,237,237,237,237,237,237,237,237,237,237,237,237,237,237,237,237,237,237,237,237
237,237,237,237,237,237,237,237,237,237,237,237,237,237,237,237,237,237
237,237,237,237,237,237,237,237,237,237,237,237,237,237,237,237,237,237,237,237,237,237
237,237,237,237,237,237,237,237,237,237,237,237,237,237,237,237,237,237,237,237,237,237,237
237,237,237,237,237,237,237,237,237,237,237,237,237,237,237,237,237,237,237,237,237,237,237,237,237
237,237,237,237,237,237,237,237,237,237,237,237,237,237,237,237,237,237,237,237,237,237
237,237,237,237,237,237,237,237,237,237,237,237,237,237,237,237,237,237,237,237
237,237,237,237,237,237,237,237,237,237,237,237,237,237,237,237,237,237,237,237,237,237,237,237
237,237,237,237,237,237,237,237,237,237,237,237,237,237,237,237,237,237,237,237,237,237,237,948
237,237,237,237,237,237,237,237,237,237,237,237,237,237,237,237,237,237,237,237,237
237,237,237,237,237,237,237,237,237,237,237,237,237,237,237,237,237,237,237
237,-304,237,237,237,237,237,237,237,237,237,237,237,237,237,237,237,237,237
237,237,237,237,237,237,237,237,237,237,237,237,237,237,237,237,237,237,237,237,237,237
237,237,237,237,237,237,237,237,237,237,237,237,237,237,237,237,237,237,237,237,237,237,237,237
237,237,237,237,237,237,237,237,237,237,237,237,237,237,237,237,237,237,237,237,237,237,237,237
237,237,237,237,237,237,237,237,237,237,237,237,237,237,237,237,237,237,237,237,237,237,237,237,237,237
237,237,237,237,237,237,237,237,237,237,237,237,237,237,237,237,237,237,237,237,237
237,237,237,237,237,237,237,237,237,237,237,237,237,237,237,237,237,237
237,237,237,237,237,237,237,237,237,237,237,237,237,237,237,237,237,237,237,237,237,237
237,237,237,237,237,237,237,237,237,237,237,237,237,237,237,237,237,237,237,237,237,237,237
237,237,237,237,237,237,237,237,237,237,237,237,237,237,237,237,237,237,237,237,237,237
237,237,237,237,237,237,237,237,237,237,237,237,237,237,237,237,237,237,237,237,237,237,237,237,237,237,237
237,237,237,237,237,237,237,237,237,237,237,237,237,237,237,237,237,237,237,237,237,237,237,237,237,237,237,237
237,237,237,237,237,237,237,237,237,237,237,237,237,237,237,237,237,237,237,237,237,237,237,237,237,237,237
237,237,237,237,237,237,237,237,237,237,237,237,237,237,237,237,237,237,237,237,237,237,237,237,237,237,237,237,237,237,237,237
237,237,237,237,237,237,237,237,237,237,237,237,237,237,237,237,237,237,237,237,237,237,237,237,237,237,237,237,237,237,237,237,237,237
237,237,237,237,237,237,237,237,237,237,237,237,237,237,237,237,237,237,237,237,237,237,237
237,237,237,237,237,237,237,237,237,237,237,237,237,237,237,237,237,237,237,237,237,237,237,237,237,237,237,237,237,237
237,237,237,237,237,237,237,237,237,237,237,237,237,237,237,237,237,237,237,237,237,237,237,237,237,237,237,237
237,237,237,237,237,237,237,237,237,237,237,237,237,237,237,237,237,237,237,237,237,237,237,237,-2,237,237,237,237,237,237,237
237,237,237,237,237,237,237,237,237,237,237,237,237,237,237,237,237,237,237,237,237,237,237,237,237,237,237,237,237,237
237,237,237,237,237,237,237,237,237,237,237,237,237,237,237,237,237,237,237,237,237,237,237,237,237
237,237,237,237,237,237,237,237,237,237,237,237,237,237,237,237,237,237,237,237,237,237,237,237,237
237,237,237,237,237,237,237,237,237,237,237,237,237,237,237,238,238,238,238,238,238,238,238,238
238,238,238,238,238,238,238,238,238,238,238,238,238,238,238,238,238,238,238,238,238,238,238,238,238,238,238,238
238,238,238,238,238,238,238,238,238,238,238,238,238,238,238,238,238,238,238,238,238,238,238,238,238
238,238,238,238,238,238,238,238,238,238,238,238,238,238,238,238,238,238,238,238,238,238,238
238,238,238,238,238,238,238,238,238,238,238,238,238,238,238,238,238,238,238,238,238,238
238,238,238,238,238,238,238,238,238,238,238,238,238,238,238,238,238,238,238,238,238
238,238,238,238,238,238,238,238,238,238,238,238,238,238,238,238,238,238,238,238,238,238,238
,237,237,237,237,237
237,237,237,237,237,237,237,237,237,237,237,237,237,237,237,237,237,237
237,237,237,237,237,237,237,237,237,237,237,237,237,237,237,237,237,237,237,237,237,237,237,237,237,237
237,237,237,237,237,237,237,237,237,237,237,237,237,237,237,237,237,237,237,237,237,237,237,237,237,237,237
237,237,237,237,237,237,237,237,237,237,237,237,237,237,237,237,237,237,237,237,237,237,237,237,237,237,237,237,237,237
237,237,237,237,237,237,237,237,237,237,237,237,237,237,2378,238,238,238,238,238,238,238,238
238,238,238,238,238,238,238,238,238,238,238,238,238,238,238,238,238,238,238,238,238,238,238,238,238,238,238,238
238,238,238,238,238,238,238,238,238,238,238,238,238,238,238,238,238,238,238,238,238,238,238,238,238
238,238,238,238,238,238,238,238,238,238,238,238,238,238,238,238,238,238,238,238,238,238,238
238,238,238,238,238,238,238,238,238,238,238,238,238,238,238,238,238,238,238,238,238,238
238,238,238,238,238,238,238,238,238,238,238,238,238,238,238,238,238,238,238,238,238
238,238,238,238,238,238,238,238,238,238,238,238,238,238,238,238,238,238,238,238,238,238,238
7,237,237,237,237,237,237,237,237,237,237,237,237
237,237,237,237,237,237,237,237,237,237,237,-304,237,237,237,237,237,237,237,237,237,237,237,237,237,237,237,237,237,237,237,237,237,237
237,237,237,237,237,237,237,237,237,237,237,237,237,237,237,237,237,237,237,237,237,237,237,237,237,237,237,237,237,237,237
237,237,237,237,237,237,237,237,237,237,237,237,237,237,237,237,237,237,237,237,237,237,237,237,237,237,237,237,237,237,237,237,237
237,237,237,237,237,237,237,237,237,237,237,237,237,237,237,237,237,237,237,237,237,237,237,237,237,237,237,237,237,237,237
237,237,237,237,237,237,237,237,237,237,237,237,237,237,237,237,237,237,237,237,237
237,237,237,237,237,237,237,237,237,237,237,237,237,237,237,237,237,237,237,237,237,237,237,237,237,237,237,237,237,237,237,237,237
237,237,237,237,237,237,237,237,237,237,237,237,237,237,237,237,237,237,237,237,237,237,237,237,237
237,237,237,237,237,237,237,237,237,237,237,237,237,237,237,237,237,237,237,237,237,237,237,237,237,237,237
237,237,237,237,237,237,237,237,237,237,237,237,237,237,237,237,237,237,237,237,237,237,237,237,237
237,237,237,237,237,237,237,237,237,237,237,237,237,237,237,237,237,237,237,237,237,237,237,237,237,237,237,237
237,237,237,237,237,237,237,237,237,237,237,237,32,237,237,237,237,237,237,237,237,237,237,237,237,237,237,237
237,237,237,237,237,237,237,237,237,237,237,237,237,237,237,237,237,237,237,237,237,237,237
237,237,237,237,237,237,237,237,237,237,237,237,237,237,237,237,237,237,237,237,237,237,237,237
237,237,237,237,237,237,237,237,237,237,237,237,237,237,237,237,237,237,237,237,237,237,237,237,237
237,237,237,237,237,237,237,237,237,237,237,237,237,237,237,237,237,237,237,237,237,237,237,237,237
237,237,237,237,237,237,237,237,237,237,237,237,237,237,237,237,237,237,237,237,237,237,237,237,237,237
237,237,237,237,237,237,237,237,237,237,237,237,237,237,237,237,237,237,237,237,237,237,237,237,237,237,237
237,237,237,237,237,237,237,237,237,237,237,237,237,237,237,237,237,237,237,237,237,237,237,237,237,237
237,237,237,237,237,237,237,237,237,237,237,237,237,237,237,237,237,237,237,237,237,237,237,237,237,237,237
237,237,237,237,237,237,237,237,-304,237,237,237,237,237,237,237,237,237,237,237,237,237,237,237,237,237,237
237,237,237,237,237,237,237,237,237,237,237,237,237,237,237,237,237,237,237,237,237,237,237,237
237,237,237,237,237,237,237,237,237,237,237,237,237,237,237,237,237,237,237,237,237,237,237,237,237,237,237,237
237,237,237,237,237,237,237,237,237,237,237,237,237,237,237,237,237,237,237,237,237,237,237,237,237,237,237
237,237,237,237,237,237,237,237,237,237,237,237,237,237,237,237,237,237,237,237,237,237,237,237,237,237,237,237,237
237,237,237,237,237,237,237,237,237,237,237,237,237,237,237,237,237,237,237,237,237,237,237,237,237,237,237
237,237,237,237,237,237,237,237,237,237,237,237,237,237,237,237,237,237,237,237,237,237,237,237,237,237,237
237,237,237,237,237,237,237,237,237,237,237,237,237,237,237,237,237,237,237,237,237,237,237,237,237,237,237,237,237,237
237,237,237,237,237,237,237,237,237,237,237,237,237,237,237,237,237,237,237,237,237,237,237,237,237,237,237,237,237
237,237,237,237,237,237,237,237,237,237,237,237,237,237,237,237,237,237,237,237,237,237
237,237,237,237,237,237,237,237,237,237,237,237,237,237,237,237,237,237,237,237,237,237,237,237
237,237,237,237,237,237,237,237,237,237,237,237,237,237,237,237,237,237,237,237,237,237,237,237,237,237,237
237,237,237,237,237,237,237,237,237,237,237,237,237,237,237,237,237,237,237,237,237,237,237,237
237,237,237,237,237,237,237,237,237,237,237,237,237,237,237,237,237,237,237,237,237,237,237,237,237,237,237,237,237
237,237,237,237,237,237,237,237,237,237,237,237,237,237,237,237,237,237,237,237,237,237,237,237,237,237
237,237,237,237,237,237,237,237,237,237,237,237,237,237,237,237,237,237,237,237,237,237,237
237,237,237,237,237,237,237,237,237,237,237,237,237,237,237,237,237,237,237,237,237,237,237,237,237,237,237,237,237,237,237,237,237,237,237,237,237
237,237,237,237,237,237,237,237,237,237,237,237,237,237,237,237,237,237,237,237,237,237,237,237,237
237,237,237,237,237,237,237,237,237,237,237,237,237,237,237,237,237,237,237,237,237,237,237,237,237
237,237,237,237,237,237,237,237,237,237,237,237,237,237,237,237,237,237,237,237,237,237
237,237,237,237,237,237,237,237,237,237,237,237,237,237,237,237,237,237,237,237,237,237,237,237,237,237,237
237,237,237,237,237,237,237,237,237,237,237,237,237,237,237,237,237,237,237,237,237,237,237,237,237,237
237,237,237,237,237,237,237,237,237,237,237,237,237,237,237,237,237,237,237,237,237,237,237
237,237,237,237,237,237,237,237,237,237,237,237,237,237,237,237,237,237,237,237,237,237,237
237,237,237,237,237,237,237,237,237,237,237,237,237,237,237,237,237,237,237,237,237,237,237,237,237
237,237,237,237,237,237,237,237,237,237,237,237,237,237,237,237,237,237,237,237,237,237,237,237,237
237,237,237,237,237,237,237,237,237,237,237,237,237,237,237,237,237,237,237,237,237,237,237,237,237,237
237,237,237,237,237,237,237,237,237,237,237,237,237,237,237,237,237,237,237,237,237,237,237,237
237,237,237,237,237,-304,237,237,237,237,237,948,237,237,237,237,237,237,237,237,237,237,237,237
237,237,237,237,237,237,237,237,237,237,237,237,237,237,237,237,237,237,237,237,237,237,237,237,237,237,237,237,237,237
237,237,237,237,237,237,237,237,237,237,237,237,237,237,237,237,237,237,237,237,237,237,237,237,237
237,237,237,237,237,237,237,237,237,237,237,237,237,237,237,237,237,237,237,237,237,237,237,237,237,237,237,237,237,237
237,237,237,237,237,237,237,237,237,237,237,237,237,237,237,237,237,237,237,237,237,237,237,237,237,237
237,237,237,237,237,237,237,237,237,237,237,237,237,237,237,237,237,237,237,237,237,237,237,237,237,237,237,237,237
237,237,237,237,237,237,237,237,237,237,237,237,237,237,237,237,237,237,237,237,237,237,237,237,237
237,237,237,237,237,237,237,237,237,237,237,237,237,237,237,237,237,237,237,237
237,237,237,237,237,237,237,237,237,237,237,237,237,237,237,237,237,237,237
237,237,237,237,237,237,237,237,237,237,237,237,237,237,237,237
237,237,237,237,237,237,237,237,237,237,237,237,237,237,237,237,237,237,237,237,237
237,237,237,237,237,237,237,237,237,237,237,237,237,237,237,237,237,237,237,237,237,237
237,237,237,237,237,237,237,237,237,237,237,237,237,237,237,237,237,237,237,237
237,237,237,237,237,237,237,237,237,237,237,237,237,237,237,237,237,237,237
237,237,237,237,237,237,237,237,237,237,237,237,237,237,237,237,237,237,237,237,237,237,237
237,237,237,237,237,237,237,237,237,237,237,237,237,237,237,237,237,237,237,237,237,237,237
237,237,237,237,237,237,237,237,237,237,237,237,237,237,237,237,237,237,237,237,237
237,237,237,237,237,237,237,237,237,237,237,237,213,237,237,237,237,237,237,237,237,237,237,237,237,237
237,237,237,237,237,237,237,237,237,237,237,237,237,237,237,237,237,237,237,237,237,237,237,237,237,237,237,237
237,237,237,237,237,237,237,237,237,237,237,237,237,237,237,237,237,237,237,237,237
237,237,237,237,237,237,237,237,237,237,237,237,237,237,237,237,237,237,237,237,237,237
237,237,237,237,237,237,237,237,237,237,237,237,237,237,237,237,237,237,237,237,237,237,237,237
237,237,237,237,237,237,237,237,237,237,237,237,237,237,237,237,237,237,237,237,237,237,237,237,237,237,237
237,237,237,237,237,237,237,237,237,237,237,237,237,237,237,237,237,237,237,237,237,237,237,237,237,237
237,237,237,237,237,237,237,237,237,237,237,237,237,237,237,237,237,237,237,237,237,237,237
237,237,237,237,237,237,237,237,237,237,237,237,237,237,237,237,237,237,237,237,237
237,237,237,237,237,237,237,237,237,237,237,237,237,237,237,237,237,237,237,237,237,237,237,237,237,237,237
237,237,237,237,237,237,237,237,237,237,237,237,237,237,237,237,237,237,237,237,237,237,237,237,237,237
237,237,237,237,237,237,237,237,237,237,237,237,237,237,237,237,237,237,237,237,237,237
237,237,237,237,237,237,237,237,237,237,237,237,237,237,237,237,237,237,237,237
237,237,237,237,237,237,237,237,237,237,237,237,237,237,237,237,237,237,237,237,237,237,237,237,237
237,237,237,237,237,237,237,237,237,237,237,237,237,237,237,237,237,237,237,237,237,237,237,237
237,237,237,237,237,237,237,237,237,237,237,237,237,237,237,237,237,237,237,237,237,237,237,237,237
237,237,237,237,237,237,237,237,237,237,237,237,237,237,237,237,237,237,237,237,237,237,237
237,237,237,237,237,237,237,237,237,237,237,237,237,237,237,237,237,237,237,237,237,237,237,237,237,237
237,237,237,237,237,237,237,237,237,237,237,237,237,237,237,237,237,237,237,237,237,237,237
237,237,237,237,237,237,237,237,237,237,237,237,237,237,237,237,237,237,237,237,237,237,237,237,237,237,237,237
237,237,237,237,237,237,237,237,237,237,237,237,237,237,237,237,237,237,237,237,237,237,237
237,237,237,237,237,237,237,237,237,237,237,237,237,237,237,237,237,237,237,237,237,237,237,237
237,237,237,237,237,237,237,237,237,237,237,237,237,237,237,237,237,237,237,237,237,237,237
237,237,237,237,237,237,237,237,237,237,237,237,237,237,237,237,237,237,237,237,237,237,237,237
237,237,237,237,237,237,237,237,237,237,237,237,237,237,237,237,237,237,237,237,237,237,237
237,237,237,237,237,237,237,237,237,237,237,237,237,237,237,237,237,237,237,237,237,237,237
237,237,237,237,237,237,237,237,237,237,237,237,237,237,237,237,237,237,237,237,237,237,237,237,237,237,237
237,237,237,237,237,237,237,237,237,237,237,237,237,237,237,237,237,237,237,237,237,237,237
237,237,237,237,237,237,237,237,237,237,237,237,237,237,237,237,237,237,237,237,237,237,237,237,237
237,237,237,237,237,237,237,237,237,237,237,237,237,237,237,237,237,237,237,237,237,237,237,237,237
237,237,237,237,237,237,237,237,237,237,237,237,237,237,237,237,237,237,237,237,237,237,237,237,237,237,237
237,237,237,237,237,237,237,237,237,237,237,237,237,237,237,237,237,237,237,237,237,237,237,237,237,237,237
237,237,237,237,237,237,237,237,237,237,237,237,237,237,237,237,237,237,237,237,237,237,237,237,237,237,237,237
237,237,237,237,237,237,237,237,237,237,237,237,237,237,237,237,237,237,237,237,237,237,237
237,237,237,237,237,237,237,237,237,237,237,237,237,237,237,237,237,237,237,237,237,237,237
237,237,237,237,237,237,237,237,237,237,237,237,237,237,237,237,237,237,237,237,237,237,237,237,237,237
237,237,237,237,237,237,237,237,237,237,237,237,237,237,237,237,237,237,237,237,237,237,237,237
237,237,237,237,237,237,237,237,237,237,237,237,237,237,237,237,237,237,237,237,237,237,237,237,237
237,237,237,237,237,237,237,237,237,237,237,237,237,237,237,237,237,237,237,237,237,237,237
237,237,237,237,237,237,237,237,237,237,237,237,237,237,237,237,237,237,237,237,237,237,237,237,237,237,237,237,237,237,237
237,237,237,237,237,237,237,237,237,237,237,237,237,237,237,237,237,237,237,237,237,237,237,237,237
237,237,237,237,237,237,237,237,237,237,237,237,237,237,237,237,237,237,237,237,237,237,237,237,237,237,237,237
237,237,237,237,237,237,237,237,237,237,237,237,237,237,237,237,237,237,237,237,237,237,237
237,237,237,237,237,237,237,237,237,237,237,237,237,237,237,237,237,237,237,237,237,237,237,237,237,237,237,237
237,237,237,237,237,237,237,237,237,237,237,237,237,237,237,237,237,237,237,237,237,237,237,237,237,237,237
237,237,237,237,237,237,237,237,237,237,237,237,237,237,237,237,237,237,237,237,237,237,237,237,237,237,237,237,237,237,237,237,237
237,237,237,237,237,237,237,237,237,237,237,237,237,237,237,237,237,237,237,237,237,237,237,237,237,237,237
237,237,237,237,237,237,237,237,237,237,237,237,237,237,237,237,237,237,237,237,237,237
237,237,237,237,237,237,237,237,237,237,237,237,237,237,237,237,237,237,237,237
237,237,237,237,237,237,237,237,237,237,237,237,237,237,213,237,237,237,237,237,237
237,237,237,237,237,237,237,237,237,237,237,237,237,237,237,237,237,237,237,237,237,237,237
237,237,237,237,237,237,237,237,237,237,237,237,237,237,237,237,237,237,237,237,237,237,237,237,237
237,237,237,237,237,237,237,237,237,237,237,237,237,237,237,237,237,237,237,237,237,237,237,237,237,237,237
237,237,237,237,237,237,237,237,237,237,237,237,237,237,237,237,237,237,237,237,237
237,237,237,237,237,237,237,237,237,237,237,237,237,237,237,237,237,237,237,237,237,237,237,237,237,237
237,237,237,237,237,237,237,237,237,237,237,237,237,237,237,237,237,237,237,237,237,237,237,237,237
237,237,237,237,237,237,237,237,237,237,237,237,237,237,237,237,237,237,237,237,237,237,237
237,237,237,237,237,237,237,237,237,237,237,237,237,237,237,237,237,237,237,237,237,237,237,237,237
237,237,237,237,237,237,237,237,237,237,237,237,237,237,237,237,237,237,237,237,237,237,237,237
237,237,237,237,237,237,237,237,237,237,237,237,237,237,237,237,237,237,237,237,237,237,237,237,237,237
237,237,237,237,237,237,237,237,237,237,237,237,237,237,237,237,237,237,237,237,237,237,237,237
237,237,237,237,237,237,237,237,237,237,237,237,237,237,237,237,237,237,237,237,237,237,237,237,237,237,237
237,237,237,237,237,237,237,237,237,237,237,237,237,237,237,237,237,237,237,237,237,237,237
237,237,237,237,237,237,237,237,237,237,237,237,237,237,237,237,237,237,237,237,237,237,237,237,237
237,237,237,237,237,237,237,237,237,237,237,237,237,237,237,237,237,237,237,237,237,237,237,237,237,237,237
237,237,237,237,237,237,237,237,237,237,237,237,237,237,237,237,237,237,237,237,237,237,237,237,237,237,237,237,237
237,237,237,237,237,237,237,237,237,237,237,237,237,237,237,237,237,237,237,237,237,237,237,237,237,237,237
237,237,237,237,237,237,237,237,237,237,237,237,237,237,237,237,237,237,237,237,237,237,237,237,237,237
237,237,237,237,237,237,237,237,237,237,237,237,237,237,237,237,237,237,237,237,237,237,237,237,237,237
237,237,237,237,237,237,237,237,237,237,237,237,237,237,237,237,237,237,237,237,237,237,237,237,237,237,237,237,237,237
237,237,237,237,237,237,237,237,237,237,237,237,237,237,237,237,237,237,237,237,237,237,237,237,237,237,237
237,237,237,237,237,237,237,237,237,237,237,237,237,237,237,237,237,237,237,237,237,237,237,237,237
237,237,237,237,237,237,237,237,237,237,237,237,237,237,237,237,237,237,237,237,237,237,237,237
237,237,237,237,237,237,237,237,237,237,237,237,237,237,237,237,237,237,237,237,237,237,237,237,237,237,237,237,237,237,237
237,237,237,237,237,237,237,237,237,237,237,237,237,237,237,237,237,237,237,237,237,237,237,237,237,237,237
237,237,237,237,237,237,237,237,237,237,237,237,237,237,237,237,237,237,237,237,237,237,237,237,237,237,237,237
237,237,237,237,237,237,237,237,237,237,237,237,237,237,237,237,237,237,237,237,237,237,237,237,237,237,237,-304,237,237,237
237,237,237,237,237,237,237,237,237,237,237,237,237,237,237,237,237,237,237,237,237,237,237,237,237,237,237
237,237,237,237,237,237,237,237,237,237,237,237,237,237,237,237,237,237,237,237,237,237,237,237,237,237,237,237
237,237,237,237,237,237,237,237,237,237,237,237,237,237,237,237,237,237,237,237,237,237,237,237,237,237,237
237,237,237,237,237,237,56,237,237,237,237,237,237,237,237,237,237,237,237,237,237,237,237,237,237,237,237
237,237,237,237,237,237,237,237,237,237,237,237,237,237,237,237,237,237,237,237,237,237,237,237
237,237,237,237,237,237,237,237,237,237,237,237,237,237,237,237,237,237,237,237,237,237,237,237,237,237,237,237,237
237,237,237,237,237,237,237,237,237,237,237,237,237,237,237,237,237,237,237,237,237,237,237,237,237,237,237
237,237,237,237,237,237,237,237,237,237,237,237,237,237,237,237,237,237,237,237,237,237,237,237,237,237,237,237
237,237,237,237,237,237,237,237,237,237,237,237,237,237,237,237,237,237,237,237,237,237,237,237,237
237,237,237,237,237,237,237,237,237,237,237,237,237,237,237,237,237,237,237,237,237,237,237
237,237,237,237,237,237,237,237,237,237,237,237,237,237,237,237,237,237,237,237,237,237
237,237,237,237,237,237,237,237,237,237,237,237,237,237,237,237,237,237,237,237,237
237,237,237,237,237,237,237,237,237,237,237,237,237,237,237,237,237,237,237,237,237,237,237
