-47,37,115,36,109,29,1,107,127,340,381,445,378,266,169,-530,-1094,-2435,-4520,-7193,-11677,-17390,-24611,-28710,-15701,7891,22868,21423,8981,6755,8000,9425,4532,4602,-2545,-6084,-12712,-13551,-9784,-7281
-3025,-1593,-2946,-1562,-651,66,-49,315,1026,955,1189,943,1771,1658,1591,1228,1421,966,647,813,565,485,-44,-818,-2728,-4854,-8286,-5306,-13574,-18037,-24445,-24408,-19259,-3087,31039,-30022,9182,1988,828,1226
137,-6347,-6212,-12003,-11927,-8282,-9841,-7025,-7487,-3295,-1863,-1865,-358,29,-733,-1621,-3964,-4602,-5983,-7398,-8071,-19836,-24992,-24372,-16404,6940,-25560,27281,2294,-2490,-2293,-1215,-395,-11844,-13202,-6940,-7162,-5217,-3880,-1237
-12959,-13378,-3133,1232,362,-1360,235,2123,1476,1662,1069,1510,1350,-193,-818,-4335,-8701,-13555,-18238,-22498,-20071,-10228,-236,14812,29461,16649,2782,1611,2522,3505,1567,940,-263,-3860,-4865,-5229,-3899,-1836,-386,250
924,1926,2436,2601,2569,2892,3007,2630,2665,2737,2548,2546,2399,2393,2015,1444,-38,-1994,-6336,-9946,-19421,-21280,-14981,-7923,1165,13074,21726,14246,4164,-940,3272,4927,8333,8272,1340,1022,-1659,-8197,-12051,-1496
192,-1212,259,2351,1856,2073,2132,1529,917,277,-1362,-3874,-9128,-14104,-21921,-27392,-29227,-10155,16317,31717,19124,7189,4460,4909,1109,-3577,-7498,-8471,-10062,-9157,-9766,-9660,-8407,-5801,-4341,-4761,-4814,-4426,-2318,-2204
-655,-698,-546,-477,-484,-502,-1394,-4836,-7214,-9304,-15839,-19500,-20557,-18635,-7664,10904,29126,26136,9173,8294,1162,-3085,-9194,-6612,-12245,-6360,-6444,-3198,-1729,-1403,-687,225,1040,1710,1610,1337,1164,1039,1074,1000
838,1143,943,1061,1226,1103,1080,1136,982,933,679,-351,-6221,-7381,-12724,-17358,-17213,-12037,-10063,-2910,22472,13314,6341,5096,4589,4301,-473,-1285,-11035,-3108,-7076,-10446,-9323,-12231,-4906,-2449,-3697,-3723,-1908,-803
-1067,-1069,-1172,-1902,-1427,-2326,-2994,-2032,-1095,-1413,-2472,-2996,-1031,-1118,-597,-14647,-20043,-24599,31409,-23945,-11596,-4868,12382,22386,16482,5610,202,2945,3731,4670,3640,-3017,-5893,-12786,-14134,-18635,-13264,-4689,-2672,-3178
-608,473,-87,630,286,50,-67,-163,-287,-480,-612,-735,-1710,-3244,-3682,-5731,-10149,-12507,-14795,-20098,-24426,-18962,-11210,2534,26112,18188,1501,66,2516,3178,2193,1417,-917,-1270,-2478,-5460,-4981,-6364,-7439,-7779
-8934,-8264,-8648,-8588,-8041,-6288,-5367,-6691,-9524,-3936,-4058,-2917,-3438,-3396,-2610,-2957,-2516,-6420,-10384,-14963,-15626,-21437,-23915,-18780,-5680,23634,30336,6688,-912,2492,4851,3575,2895,1556,-912,-4056,-5552,-6985,-8304,-8595
-846,-1149,-1312,-764,-238,-353,-800,-858,-729,-687,-943,-1012,-1057,-1414,-2828,-2630,1980,2561,-1639,-13054,-16174,-20329,-23178,-23074,-14389,-6229,13299,24544,12947,2245,2621,4589,4265,3933,3731,1841,-169,-4222,-4100,-7059
-2439,-6602,-8511,-13471,-20724,-18037,-4021,-3299,-4609,-3212,-551,-2158,-2281,-2334,-2163,-5271,-8889,-9341,-10310,-14302,-16007,-16494,-15439,-11277,369,31232,21599,1762,5971,3634,2220,-3759,-12511,-9252,-13256,-11707,-10857,-8164,-6165,-3789
-8828,-5484,-2854,-1902,-2034,-2018,-2410,-1933,-2009,-1949,-1833,-1690,-1605,-1596,-1850,-1859,-1653,-1202,-506,-414,-4621,-8717,-8746,-8064,-8915,-8429,-15092,-10962,-7535,-6126,6294,18669,24016,5442,1445,4134,7799,4252,1499,-5708
-7903,-8083,-10248,-15115,-9375,-9048,-3569,-1775,-2509,-1756,-534,-398,-461,-128,-272,-1086,-650,-557,2786,2416,-4902,-9621,-14808,-18608,-17426,-16518,-17347,-5996,25552,28122,6602,5995,11808,8160,-3359,-3145,-12638,-9530,-10815,-5587
-8491,-4113,-3690,-2029,-663,-125,141,741,937,342,-169,-1741,-5673,-8271,-8839,-10523,-11527,-14129,-14103,-11244,-772,23069,25921,4771,989,4176,5664,3892,1531,-1735,-7919,-8892,-15193,-8853,-7656,-3324,-1766,-2763,-5077,-1858
-1441,-1567,-840,247,642,1322,711,-417,-4215,-6408,-12001,-12294,-10207,-11947,-16704,-9500,13240,26292,15385,4370,8265,5016,2484,-3828,-4316,-6888,-14438,-11624,-8224,-4463,-6055,-8680,-1323,-2272,-1364,-528,91,208,171,372
237,250,231,363,389,79,-1301,-6448,-9949,-13845,-14231,-10462,-9627,-14168,-8850,16356,26114,12234,-359,-1881,-62,-4426,-2338,-6613,-11874,-11474,-10913,-7739,-5889,-4863,-3636,-2934,-1850,-1675,-715,-141,797,670,192,-26
149,471,528,799,808,1066,1207,1080,563,558,970,55,-1007,-2054,-2467,1396,3119,4362,2771,1543,-4042,-21247,-26602,31881,27880,31039,-26096,19015,-24741,9952,-4141,-1455,26,-963,-2105,-7435,-9145,-10378,-9169,-7583
-8830,-8988,-8969,-8671,-8315,-4253,-2421,-1590,-1176,-1456,-2489,-2223,-3229,-2514,-2667,-1490,-437,-547,-981,-1951,-2235,-2458,-2338,-2782,-2133,-2666,-10416,-20759,-23772,-24320,-28310,-31848,-22933,17609,-30911,14880,3751,4093,4987,2917
329,210,56,-115,67,-67,103,188,244,290,73,-588,-4119,-10837,-11534,-13754,-19950,-22974,-22382,-15005,-675,18012,30973,8939,12387,3266,-2023,-13647,-14809,-12306,-11290,-9730,-15328,-5898,-5059,-4144,-881,-969,-819,-147
-241,305,171,307,726,647,600,582,219,-242,5,-1089,-10026,-15370,-23693,-32352,-23254,-10420,-6440,-6522,9512,27454,19858,5474,1894,1930,3496,1802,8641,8082,3254,-6041,-9956,-13940,-10007,-659,-1079,-699,1341,2255
1840,3184,2196,2035,1914,1726,1895,2630,1887,2038,1871,2002,2429,1938,2452,304,-6594,-10639,-13190,-17550,-17696,-19160,-18250,-11954,12853,29653,18677,6188,7448,650,-3012,-8133,-12078,-15023,-14144,-10744,-8246,-6515,-5024,-4384
-2939,-2227,-1724,-994,-776,-589,-168,-291,-34,137,61,241,56,-3845,-10682,-10630,-14668,-17512,-23576,-28786,-15070,13250,-25500,13549,5938,5486,5733,-977,-3899,-8874,-15900,-11523,-13870,-9946,-7669,-5005,-4595,-3875,-3691,-3700
-2570,-1513,-939,-642,-479,-214,-351,-231,-734,-5181,-10397,-14903,-20517,-25685,-22248,-8077,13685,27719,18130,9523,3364,2416,-5362,-7386,-13569,-13013,-9577,-8533,-5106,-4548,-2206,-1591,-882,-463,-698,-93,562,395,384,639
556,641,442,514,518,247,328,368,371,262,-5801,-14483,-17155,-19929,-21067,-15513,-11501,-7747,10081,31393,16076,4229,-2394,-6472,-11946,-16338,-13208,-10780,-8442,-5364,-5198,-3540,-3241,-2856,-2113,-1933,-1899,-1474,-1303,-1312
721,493,1149,1080,419,430,243,180,-155,8,108,295,255,-182,90,890,639,-332,-3868,-7794,-10731,-14848,-18590,-23025,-19752,-11103,-6630,4291,16861,21052,7670,5771,-758,-3329,-9067,-9261,-11134,-9193,-3432,-1787
-25140,30998,27880,-23511,9843,-32571,23954,7876,4062,-1507,-13169,-18420,-16458,-14168,-11419,-8139,-6438,-5387,-4241,-4219,-3735,-2944,-2959,-2724,-2520,-2509,-2393,-2041,-1971,-1988,-2115,-2040,-2129,-2062,-1878,-1834,-1507,-1528,-1664,-1857
-1565,-1621,-1558,-1532,-1565,-1486,-1528,-1564,-1589,-1586,-1574,-1638,-1577,-1479,-1366,-900,-873,-6639,-14647,-14666,-16546,-19467,-22302,-16795,-5377,7707,23535,23650,4099,5448,8267,7246,1915,-4101,-6371,-9971,-12576,-8511,-10426,-8957
-9254,-8339,-7490,-6449,-7021,-5806,-3095,-1994,-1550,-472,-246,-579,-880,-3129,-7383,-9633,-10462,-15052,-23365,-23844,-23927,-12768,7448,31756,19873,5895,7010,1797,931,-5783,-9365,-8168,-11266,-10907,-11110,-9073,-8520,-8612,-6496,-5003
649,491,281,368,468,856,763,430,475,1056,377,6,-95,347,619,374,-323,-3497,-14058,-21337,-27415,-32529,-27786,-13491,15116,-24741,15285,5855,10756,9778,2698,-6042,-16394,-19996,-15036,-9729,-5917,-3915,-3855,-2874
-1723,-1051,251,339,383,594,729,693,995,1216,1221,1111,1196,1043,1006,495,722,961,-2,-7754,-15272,-19156,-24100,-25769,-14491,-5705,19,9819,23174,20597,9326,3470,-182,477,-3060,-2206,-3625,-7203,-6272,-7627
-9643,-7834,-9537,-8313,-8705,-5677,-5145,-5259,-5705,-2752,-3281,-4330,-6949,-5303,1955,5519,1696,-12440,-20025,-20651,-27411,-28732,-23772,-8883,18462,29012,5204,845,1841,1004,-2006,-3103,-3123,-3419,-5731,-5727,-6291,-9391,-8606,-8783
-8818,-7294,-6814,-6352,-6057,-5164,-4350,-3364,-3284,-2458,-2200,-2029,-1637,-1874,-1981,-2272,-2167,-2245,-1959,-1921,-1836,-1742,-1888,-2461,-1502,-1700,-1646,-1601,-1749,-2216,-1255,-1378,-13524,-21935,-25834,-30731,-27114,-21382,-5507,31455
-267,14,174,-8,-377,-265,261,149,-357,-54,186,-676,-3666,-12272,-13167,-16282,-17103,-17560,-17341,-10100,19354,-29221,12771,6257,3771,-4009,-11783,-9304,-11485,-11248,-8035,-6968,-4356,-5270,-4706,-7462,-2558,-1496,-742,303
1295,1646,1880,1178,1456,888,922,-24,-305,433,-4153,-13514,-20406,-21194,-20407,-18417,-14097,2350,27855,-29301,9694,5066,-3293,-20858,-15458,-16667,-12531,-8443,-5186,-4772,-5423,-4817,-2946,-1391,-1136,-168,985,611,761,316
-3834,-3229,-1635,-582,-1149,-1506,-1330,-1694,-1977,-4413,-8393,-11458,-13411,-16994,-20212,-19485,-13800,-3469,12383,25942,10393,6569,4920,979,-8875,-6177,-10386,-12401,-10784,-8777,-3940,-2634,-2009,-1203,-473,449,947,1092,819,887
966,941,784,569,536,546,-11,-559,-1366,3897,5611,260,-10936,-17608,-8788,-5091,-1275,-9456,-18562,-7908,12057,-24741,27107,4524,374,-4726,-16795,-18760,-17190,-12669,-7526,-5843,-4117,-3468,-1492,-1778,-1840,-2312,-2891,-2483
-1987,-1148,-307,-120,390,381,55,73,-1656,-10322,-14780,-14528,-21252,-17508,-9020,-5939,-6276,-2692,10962,26151,15939,11963,4379,1382,-10330,-7435,-16220,-13190,-10045,-8629,-5656,-4638,-3031,-1674,-506,-1456,-1932,-1178,-960,302
764,654,600,265,576,180,4,619,204,32,-1024,-8631,-12795,-20820,-23898,-18347,-13292,-9370,-4435,6703,19083,22485,11638,6901,773,-4347,-9336,-11057,-14862,-10515,-8413,-5241,-1771,-747,-381,-415,548,261,256,411
686,998,1437,1081,1499,1480,1407,884,-3512,-5345,-7535,-11235,-16629,-18587,-18943,-14351,-11007,-7821,1389,16309,27895,17952,4164,7845,9470,8623,-163,-7696,-8505,-15143,-10896,-7606,-7341,-3995,-2120,-354,175,571,702,951
406,-739,-3990,-7882,-12700,-18207,-20245,-20407,-15002,-11497,-395,25184,-32164,12630,11308,4846,1912,-9922,-19352,-25741,-11721,-3207,-1925,-2526,-858,-723,468,648,1528,1854,2003,1747,1917,1547,1227,919,1166,959,788,538
864,528,228,475,41,280,466,277,345,-193,-466,-3016,-6678,-10341,-11703,-13470,-14200,-11681,-8529,-7970,-7147,-6529,-2356,-1190,5458,14325,9729,5096,5435,6976,5643,5152,-48,-8788,-19227,-21581,-5957,-206,83,-632
1528,2428,1633,1417,1171,929,727,187,-84,-348,-672,-1580,-2594,-3888,-6491,-9706,-11442,-11470,-13614,-17844,-11736,-1807,9721,23454,17821,10158,2988,-1615,-17328,-14662,-10834,-8829,-9393,-5820,-4617,-2737,-1093,-388,114,943
1257,860,995,824,880,383,307,424,425,-53,204,1574,1923,2158,-1850,-8601,-8379,-9943,-11892,-14077,-17461,-14453,-6280,4376,13131,24009,12082,7317,6583,-1921,-9169,-12012,-12746,-11155,-5614,-2290,-1842,-1127,-729,-266
152,420,849,1198,1777,1388,1121,1425,1216,1226,619,345,916,812,-896,-5907,-8351,-12081,-16615,-17189,-15282,-15406,-8072,5318,23130,21091,7092,3826,2452,-4913,-10854,-14618,-12037,-10240,-7098,-5443,-3210,-1866,-1408,-1100
922,862,833,837,943,655,423,-1476,-5364,-7049,-9755,-17273,-17642,-17070,-14663,-9230,862,16057,22170,12725,7160,4172,-2455,-10008,-9988,-13098,-8680,-4730,-2592,-1559,-368,105,824,1136,1572,1317,1427,1595,1602,1549
1785,1602,1645,1421,1350,1297,1167,1115,-3754,-11815,-17263,-20971,-18583,-17055,-11678,-435,12154,20893,14043,10524,6751,2184,-6038,-8637,-10470,-14307,-9729,-8047,-7348,-6213,-4735,-2418,-1971,-1318,-563,98,-158,-129,-317,-662
-801,-1060,-1056,-1273,-1118,-1360,-1875,-5118,-8604,-14960,-23476,-15811,-10703,-7735,-2898,2030,4786,5462,5257,2090,-1332,-2897,-5916,-19311,-14588,-10696,-2094,978,-1316,-1316,1498,1678,1082,942,594,724,800,662,714,546
418,438,305,-240,-168,-874,-1409,-1880,-2470,-3193,-2984,1755,1249,-4362,-10869,-15753,-21474,-25623,-28051,27880,-24053,5895,31820,19496,4895,7938,1341,-14455,-20605,-21378,-17946,-9468,-7642,-7087,-4512,-3992,-2102,-1368,-587,-838
3291,3189,3194,3041,3306,3514,3297,3223,3430,3342,3450,3462,3431,3363,3272,3304,3375,3290,3347,3413,3524,3475,1310,372,-1717,-6202,-7697,-7708,-9598,-13678,-2732,20928,29731,26836,7634,-1344,-791,325,393,108
830,-1520,-6630,-10639,-11411,-13906,-14174,10359,28918,29833,11681,1863,-157,587,1774,931,29,483,692,316,192,295,388,1001,153,942,-478,-1658,-3380,-4514,-5205,-5241,-8514,-5297,-7785,-9079,-6163,-5841,-3262,-3937
-3737,-5744,-10551,-21586,-15568,17977,25743,25616,10925,-353,-1801,1155,1547,481,850,1082,906,93,247,410,788,241,-599,-193,490,-1026,-1121,-2173,-4043,-5920,-7611,-7802,-7676,-7525,-7398,-7469,-6827,-6967,-3818,-3293
-2234,-1267,-1323,-1419,104,489,1481,2148,2661,3107,2961,2751,2309,2563,2757,2810,2779,2733,2673,2707,2664,2643,2175,1062,480,-1162,-961,-4658,-7908,-7215,-17942,-19087,11593,25178,29323,14097,314,-2507,-10,1309
2179,2300,2466,2525,2112,581,-1487,-2953,-2732,-2698,-5825,-10706,-16295,-10372,16276,30314,31624,9995,-2144,-806,511,704,596,359,99,109,278,534,222,-18,779,1474,741,-510,-1518,-2586,-4095,-5145,-5905,-6618
2977,2969,2673,1438,-861,-1230,-1851,-2937,-4811,-7505,-16768,-12936,7756,19819,23383,15354,3861,-1546,-572,305,-129,-438,-169,-116,-105,-103,-78,144,-96,-104,-335,-139,-530,-1633,-3730,-6059,-7645,-7531,-6342,-6443
2308,2247,2303,2252,2248,2379,2542,2243,2113,2411,2539,2458,2311,2034,2029,2272,2255,1476,261,-1232,-5285,-7761,-12003,-16563,-6856,11934,19749,20049,12272,2685,-1063,408,1103,495,105,241,425,327,431,-664
2516,2343,2283,2026,-1628,-1220,-2216,-2451,-2569,-8227,-17959,-15450,-887,22990,25695,18584,6008,-1179,-1016,28,247,-235,-437,91,891,105,-838,-2146,-3588,-5575,-5271,-5829,-5878,-7064,-7064,-6218,-7372,-4593,-7429,-6930
2415,2272,2299,2378,2330,2440,2351,2259,2260,2327,2340,2358,2275,2215,2235,2221,1640,503,-595,-228,-4210,-7605,-11182,-17003,-14469,1431,15802,20332,19375,8939,1565,-544,633,1566,1462,1291,1004,1118,1098,989
2343,2324,2373,2380,2354,2381,2352,2336,2361,2418,2173,2058,1997,1860,-496,-3052,-4684,-4027,-5970,-10805,-20898,-12141,1749,16805,19223,12667,4777,2334,1906,2321,2053,1200,533,1027,827,860,1022,1508,1054,287
1194,1408,1678,1548,1294,1288,1286,1362,1439,1445,1367,1392,1520,1498,1417,1540,1434,1196,866,313,919,809,1429,937,660,-1942,-7210,-18195,-20032,-9166,5012,17625,14337,10102,5619,2327,1019,619,268,495
2193,2155,2097,2064,2099,2149,2161,2077,2003,1973,1996,1994,1291,-128,1762,-2242,-2751,-3962,-1921,-7386,-19859,-13497,936,13325,17138,20299,8939,-2429,-1708,1409,1467,41,517,777,1142,953,2251,2136,831,-2162
2206,2184,2105,2018,2065,1777,-329,-1388,-3899,-7442,-8713,-15040,-17793,1633,16096,19029,17127,8041,-362,-332,1101,569,-477,66,571,388,333,210,963,1696,945,-878,-2971,-4021,-5646,-5484,-7859,-9664,-6444,-4980
-3535,-4141,-3091,-1792,-873,90,981,374,850,1315,1553,1658,1744,1664,1548,1463,1598,1694,1723,1688,1608,1537,1534,1640,1623,1668,1610,1581,1530,747,-1031,-2097,-9871,-15486,-19491,-20289,560,18384,15819,13426
2132,2196,2192,2267,2355,2233,1993,1905,1792,1391,80,-1684,-3850,-8162,-10110,-16177,-14705,-8215,-3866,18834,25265,15766,5708,2024,985,20,799,1376,1127,951,890,1012,1020,985,925,706,886,1028,1155,970
2340,2127,1944,1979,2118,2136,595,-243,-1818,-5204,-9128,-12036,-20448,-11744,12558,26766,30909,11370,40,-2257,78,602,672,123,177,164,406,398,378,235,172,-1014,-2404,-4092,-4134,-5470,-8055,-7397,-7982,-6625
-5265,-8201,-4957,-3545,-1877,-2588,-1737,-775,-242,246,2322,1738,1446,1780,2756,2919,3006,3131,3024,2664,2532,2764,2653,2540,2416,2375,2305,1694,-626,-1425,-3764,-3453,-4741,-13866,-17377,-4511,14511,22200,21544,14079
-157,532,1238,1909,2130,3243,3236,3097,3120,2969,2920,2472,487,-794,-2442,-2672,-4774,-8984,-10209,-13580,-10202,4110,16983,20536,13701,4883,-2689,-551,544,169,-463,-163,-105,97,236,73,521,-13,-219,-1959
2441,679,814,-1813,-4858,-4779,-11781,-22028,-13075,1656,10169,11483,13605,7286,1971,989,1955,1326,814,596,879,995,700,661,718,984,674,937,976,1689,577,-426,-1268,-1931,-3389,-4688,-5828,-6335,-7471,-5891
-6517,-7320,-5219,-4683,-3657,-2594,-133,2773,3266,943,-2034,1139,3924,3347,4355,4267,4213,3830,3718,3609,3642,3475,3254,3089,3138,3147,3166,2962,2834,2679,2689,1801,0,-2532,-3801,-8254,-15980,-21833,-7954,3190
1094,-1767,-2842,-1677,578,1191,2062,2145,1888,1805,2307,2956,2561,910,260,-2683,-5108,-6473,-10495,-18170,-6446,14434,14175,12588,5996,-612,-1311,1307,825,-150,-309,247,280,201,32,278,394,254,169,394
2587,2650,2625,2673,2737,2720,2633,1820,-374,-13,-4707,-6984,-10269,-13248,-20074,-8631,5108,12006,12574,7609,4228,1276,-237,553,1352,1587,1358,1074,1039,1228,1103,912,902,1056,1280,1267,1784,1178,419,-833
-7173,-14372,-22242,-3728,12214,11893,8097,5403,2430,299,2544,2627,1293,466,1030,1372,1025,749,881,958,1025,606,1328,-735,-491,-1668,-3202,-5101,-5609,-7512,-10142,-9384,-9688,-6716,-6649,-6863,-5565,-4156,-5435,-3335
2463,2503,2617,2514,2595,2391,2283,1745,880,1127,834,-5702,-6111,-9743,-10269,-16579,-9456,8361,14680,18497,14967,6361,-350,1486,2749,2372,1696,1440,1858,2003,1914,1748,1826,1274,773,117,253,250,-685,-1253
3761,3957,3872,3810,3730,3676,3469,1786,1383,-234,-1032,-2340,-4943,-6695,-14501,-20502,-4466,14083,17855,17450,12415,4664,-410,1924,2727,1949,1321,1488,1841,1881,1745,1658,1480,1639,1432,1258,1476,1482,1461,1668
2482,2593,2594,2647,2440,2518,2295,949,-711,-1902,-3899,-6027,-6947,-14110,-16531,-5518,9692,14675,14552,12835,5879,202,1201,1790,1537,1177,1275,1317,1157,1039,856,989,1212,1054,2188,1337,827,-787,-1982,-5150
-6035,-7860,-7943,-7945,-9111,-6118,-7578,-6360,-5379,-3086,-2445,-692,370,-127,1055,-1346,1573,2721,3189,3360,2901,2585,2613,2769,2686,2671,2471,1556,912,794,1373,1081,-915,-2350,-5175,-9713,-16508,-21681,-1052,19809
1014,1821,2053,1895,1810,1678,1765,1791,1785,1859,1883,1807,1559,-117,-953,-2251,-3832,-3673,-5860,-7650,-17462,-18480,3698,22762,21526,13382,2661,-3623,562,1750,529,-110,414,560,649,591,565,600,979,1365
1949,1868,1820,1847,1863,1920,1858,1914,1895,1857,1846,1798,1866,1826,1595,104,129,-2266,-6858,-6964,-7073,-19649,-14242,3629,16683,18080,14881,8109,1556,812,1593,1902,1038,1212,1257,1513,1030,1141,1204,1276
1801,1731,1790,2062,1992,1912,1626,1789,1915,1218,-1656,-4634,-5551,-11562,-11596,-15911,-9412,1941,12785,13676,10626,4262,85,562,947,1020,777,382,404,467,467,411,338,334,377,353,190,59,-1748,-2909
1313,935,1303,1287,189,-605,-3330,-6880,-10220,-20583,-15098,5594,19977,22516,15243,2816,-4432,879,1895,564,-201,454,952,1022,970,845,301,-178,-127,-169,76,-17,394,73,-657,-1161,-2589,-3467,-5928,-7434
-8221,-8671,-7075,-8595,-7083,-6911,-7217,-5501,-6801,-4115,-4221,-2187,-2188,-1164,-894,1542,2111,-583,995,1445,1941,2858,3480,2818,1923,73,-3837,-5545,-7538,-8942,-12323,-15491,-8405,6089,11772,20647,16165,7348,-439,1839
2986,3318,3235,2728,2838,3110,3098,3038,2904,2921,3232,3408,3169,2927,2813,2836,2888,2604,2449,2727,2586,2944,1756,753,-3447,-6745,-8642,-14642,-17214,-7310,12195,19418,20937,8078,1877,704,1824,1700,1747,1672
2242,2209,2185,2251,2253,2228,2198,2190,2210,2163,2150,2046,2085,2139,2112,626,-1312,-3175,-3868,-7575,-7363,-19688,-16691,496,13973,18924,18872,7032,2191,697,1984,1627,1416,1104,1127,960,1103,1379,1152,1194
2320,2551,2771,2789,2587,2613,2279,474,-325,-2378,-6901,-7671,-7776,-9723,-11735,-7035,4982,12674,19683,13137,4762,-122,28,1196,1386,1196,1165,987,1018,896,569,735,599,832,-67,-269,-826,-1417,-2033,-2249
1781,1858,1890,1858,1937,1882,1915,1919,1876,1857,1856,1912,1876,1889,1929,1901,1145,182,-1926,-6238,-6350,-9727,-19594,-15829,-2440,14220,18392,18990,6123,366,-223,1276,989,844,363,299,815,994,855,574
1932,1902,1993,1999,1974,1996,2053,2093,2033,2002,2120,2158,2042,1859,1062,-977,-3927,-8057,-9114,-18051,-18196,-1911,17966,18869,14146,3879,431,196,1280,1469,960,465,613,893,857,690,906,1214,1215,1269
1543,1481,1305,1827,2296,2520,1827,291,-2579,-5160,-4082,-11331,-15819,-18593,-6551,13408,16525,21386,11810,684,-2135,1974,1862,744,430,1088,1134,997,1094,927,1024,1027,969,982,674,796,594,1319,797,1085
2599,2606,2592,2633,2634,2619,2640,2411,2322,2352,1651,-638,-1774,-5213,-2848,-11855,-15276,-7560,3275,14989,16636,15996,6792,-232,235,1675,1317,400,715,994,751,684,818,791,869,805,602,554,735,256
1850,1835,1856,1838,1862,1784,1791,994,600,-3126,-5229,-6041,-4839,-10781,-14505,-9208,2956,15226,19251,17611,8412,-553,-1085,963,1360,749,546,973,1335,1020,969,911,789,691,619,1060,729,799,885,1058
1990,1998,2000,1953,1900,1874,1671,1516,1155,-189,-1779,-3496,-1287,-3760,-10414,-19115,-10717,9920,17700,15440,8521,2351,-323,1943,1930,1451,748,753,848,843,649,680,749,959,577,576,632,1237,1203,629
-77,133,-158,-496,-2882,-4398,-13069,-21518,-4689,15412,18046,12756,5683,1713,-620,-23,95,111,62,-182,-268,-190,-138,331,50,811,485,773,145,-764,-1670,-3403,-4917,-4080,-6322,-5650,-4292,-7172,-4185,-4889
2706,2269,2281,2386,2502,2309,972,-1785,-6162,-2649,-4873,-20322,-15361,-2114,10942,15124,17922,8750,1507,-435,1439,1942,1537,848,985,995,1112,1137,1037,615,635,462,597,954,1153,1459,1226,412,554,878
2661,2745,1829,1286,509,469,-16,-3973,-5474,-10794,-17009,-9835,6314,15723,20855,4101,-2955,599,2324,1358,449,724,1226,1128,644,954,1006,1088,973,929,1164,1179,1647,690,-49,-1719,-2575,-3487,-4815,-5319
-6217,-6868,-5880,-7851,-5090,-4583,-2830,-3394,-1526,-1045,-934,-297,-114,-876,-47,1043,1932,2034,2340,2107,1889,1914,1967,1827,1888,2067,1956,1553,266,338,2129,2180,1200,408,-1376,-2612,-5740,-15744,-24759,-4605
1322,1338,1330,1291,1264,1258,1299,1307,1286,1283,1277,1218,1051,1309,1457,341,-105,-506,-2680,-4652,-4226,-5709,-11158,-10391,-5162,3221,9337,12287,11983,7037,2065,807,1251,1531,1262,1149,928,679,697,626
2424,2277,2243,2325,2375,2391,2252,2041,2155,2063,1008,133,-2775,-6721,-6773,-9233,-14135,-10853,110,13417,17542,20984,9847,1060,-1482,820,1501,1097,1042,1275,1480,1190,1117,1091,1188,1172,1069,1215,1190,1276
3298,3459,3705,3813,3680,3365,3180,3062,2902,2610,2073,406,-1147,-2090,-4159,-5749,-9626,-13896,-8410,-788,10155,13779,13709,6128,2145,1404,2352,2063,1960,1616,1701,2011,1923,2156,1584,1748,1649,1809,1426,1802
2980,3052,2992,3022,2990,3011,2920,2774,1824,1167,1435,981,-407,-864,-2573,-4136,-4496,-7186,-12354,-7263,3669,10831,11328,11747,5491,2768,1896,2089,1918,1789,1564,1704,1626,1671,1572,1474,1348,1526,1522,1620
3035,3017,2865,2850,2947,2798,1836,29,-342,-578,-1936,-3542,-4159,-5255,-8781,-16836,-13485,-758,10191,16398,17175,8599,2283,957,2164,2300,1883,1494,1513,1687,1644,1718,1516,1421,1469,1564,1601,1421,1168,1179
2743,2676,2929,2931,2998,3016,2732,2691,2780,2874,3034,3346,2999,2819,3020,3739,3663,5059,7366,-812,-3564,-5616,-4765,83,4729,6537,7442,232,-941,1168,3724,1016,1583,1559,2198,1848,1514,2008,1596,2229
4025,4573,4332,5122,9328,7399,-291,-6260,-8021,-6649,-2038,1646,4827,-25134,753,-454,2178,1684,996,1409,1220,307,-619,1405,4246,2119,3860,1501,-5927,-4738,-330,2099,3457,3271,2540,2519,3127,1986,3760,2914
3159,3084,3023,3085,3115,3208,3194,3212,3227,3097,3160,3205,3308,3312,3389,3259,3024,3466,5078,6470,4153,-3036,-11228,-8324,3725,10618,5215,20334,-1143,3725,855,1249,-59,-1586,1699,6481,-4781,-5975,194,-863
2394,2322,2501,2595,3012,3186,2904,2947,3223,3396,3412,3237,3459,3097,3148,3139,3508,4256,6359,7671,-92,-6031,-11883,-7754,1000,6354,-14276,414,595,2073,672,-524,126,5203,6941,4301,-7812,-8884,-5155,1626
2152,1925,1790,1737,2028,1865,1820,1918,1705,1789,1943,2058,1981,1975,1887,1833,1756,1966,2179,1959,1986,1856,1860,2012,1911,1996,1939,1771,1766,1844,2600,4993,9668,3888,-6135,-13233,-5877,1069,11966,2555
2665,2716,2506,2302,2190,2107,2404,2423,2544,2552,2485,2351,2445,2521,2124,2344,2780,5500,7920,539,-10756,-13199,-2430,8422,10219,-2650,1057,1240,551,-2010,-939,2712,3881,4984,-4380,-5453,-1249,-1762,43,1536
2574,2678,2650,2843,2735,2749,2686,2520,2775,2870,2811,3060,2958,2449,2072,2254,2664,4550,10642,3493,-9376,-12743,-5024,9707,7751,-656,2088,2179,811,-319,2472,3666,1188,-6982,-8304,-538,-2241,1604,3092,3462
2752,2832,2873,2332,1987,2199,2163,2005,2378,2340,1848,2166,1972,1853,2032,1936,2065,2242,2264,2222,2491,2811,2858,3211,2759,-5525,-5532,-7966,4019,11953,-12116,198,3266,2275,1643,-186,-855,2680,4253,-522
3395,3461,3787,3530,3353,3505,4419,8945,5568,-2838,-8175,-8100,-4040,2041,7138,-19913,2804,442,2035,-90,-1901,-1342,2210,3055,-1696,-6023,-4158,-5628,532,3579,4294,5148,3467,2633,3087,3803,3642,3504,3432,3425
3934,3851,3833,3862,3894,4025,3879,3751,3767,3588,3799,7676,5891,-694,-4495,-7396,-6506,2613,6869,-8357,-1481,1004,2243,-1611,92,4648,4690,10,-3952,-9042,-3139,2290,2955,3873,4537,3906,3717,3530,3345,3071
5834,10508,1544,-5237,-11204,-6698,2660,10056,-1760,-111,2644,2745,823,-1122,2458,5047,1004,-2089,-3833,-4615,-546,3290,3951,3570,3500,3311,3236,3306,3054,3322,2813,2533,2808,2794,2976,2889,2522,2554,2279,2489
-6565,-12962,-9865,5075,6600,-12454,1589,430,-6038,941,9255,7276,-3818,-4129,-9001,-1034,3354,4627,5071,4267,3133,3116,3324,3672,3936,3960,3597,3455,3599,3828,3784,3631,3673,3710,3761,3746,3676,3704,3743,3664
3662,3682,3663,3702,3674,3752,3696,3730,3634,3637,3691,3442,2797,2569,3334,3609,2733,4652,2187,13131,6763,-4189,-12782,-11115,-649,6672,9411,1567,2182,2475,-2509,-200,5990,6212,2224,-12874,-6620,2385,3606,4239
2923,2799,2715,2752,2561,2763,2854,2770,2659,2667,2886,2963,2965,2978,2819,2664,2605,2525,2488,2436,2239,1857,1880,2710,2920,3289,3177,3169,3245,4974,6497,13459,2094,-5507,-5694,-8553,-3356,3548,6524,3988
3266,3711,3703,3271,3145,3480,3453,3198,3184,3289,3438,3787,4075,3767,3588,3594,3546,3498,3644,3427,3512,3714,3391,3216,3364,4025,8495,8284,74,-3618,-4364,-5874,-6172,-741,5877,11996,660,3951,1105,-2187
-5260,-11509,-11126,-2917,216,9464,2289,-907,1585,-1073,-3915,-351,4196,1440,-3866,-6610,-5218,-2781,1511,3504,4415,3699,3292,3714,3808,3706,3733,3690,3655,3880,3894,3838,3676,3736,3749,3753,3666,3681,3739,3663
3682,3667,3684,3820,3684,3593,3582,3706,3654,3631,3546,3511,3868,4144,4138,6074,10365,5229,-1745,-6607,-7341,-2433,4832,12941,-28239,3401,823,-284,-1256,-2392,-679,5127,5538,-2670,-5142,-1890,-5524,150,3142,5150
2696,2765,2745,2725,2729,2817,2907,2819,2812,2779,2737,2779,2703,2785,2810,2818,2757,2804,2858,2835,2753,2385,2870,2782,3426,3336,3565,3414,5629,8828,6104,-3459,-14560,-13025,-12063,437,-4240,-2148,-791,-3833
-3181,-3441,-1383,1684,3279,-3463,-8662,-2405,-5619,680,4580,5456,4087,3266,3292,3492,3626,3706,3570,3372,3462,3358,3885,3994,3600,3550,3448,3351,3073,3322,3431,3542,3600,3571,3518,3552,3553,3554,3469,3460
2873,3929,4538,4834,4389,3670,3888,4296,6285,10432,1585,-8555,-10392,-8246,-2703,-131,-16202,-705,-202,-2662,-4715,-1227,4328,844,-7334,-8031,-5711,-2747,1663,4725,4006,3038,2911,2656,2332,2915,3135,2933,2884,3060
-7926,-1998,5126,-24992,722,26,-1862,-3822,-3435,868,2382,-2519,-5425,-4610,-1640,-2367,1003,3795,4037,4456,3480,3104,3839,3298,3538,3889,3961,3812,3753,3605,3722,3624,3651,3716,3895,3715,3755,3719,3724,3860
3575,3706,3599,3894,3943,3734,3685,3709,3838,3775,3876,4177,4121,4261,3955,4745,10428,5312,-8717,-10257,-3688,2184,9660,8139,-29166,5525,3060,2125,479,-169,-1115,-1082,347,981,-4124,-5728,-4421,1034,-2793,704
3145,3366,3029,2506,2509,2498,2613,2925,2768,2866,3121,3502,3043,2563,2390,2933,3224,3704,3226,3567,5059,7860,1749,-5270,-9784,-7018,-1034,4289,5170,-5419,-4748,1070,1437,-623,-674,-1312,916,1054,-412,-5901
3259,3220,3299,3291,3261,3218,3262,3232,3295,3347,3454,3564,3637,3350,3535,3490,3500,3631,5392,10069,6990,-6759,-12754,-7288,-532,5686,8395,15956,-4039,1923,483,77,-1067,1075,3239,-893,-1659,-4257,-2734,-2041
2538,2531,2525,2501,2482,2483,2543,2565,2488,2557,2840,2743,3022,2613,2344,3046,6310,1116,-4929,-8151,-8557,-68,-364,5218,20702,-2433,2612,2761,754,-287,-1615,921,1684,-2530,-5892,-6226,-2223,-2994,-110,2253
4246,4308,3875,3579,3781,4204,2577,4338,3573,3520,3317,2901,3279,3081,2691,3675,7861,2799,-8325,-10819,-11498,-6906,4766,-2763,-3036,-2378,-1490,-2751,186,4769,1675,-3170,-9760,-6262,-1030,3831,3187,3378,3514,3800
4132,7405,7101,-8565,-15119,-13485,-11912,1645,7589,668,-3951,-3074,-4408,-3698,-53,4264,3023,-6377,-4061,-2880,-3688,1796,3875,4998,4827,4279,4743,4872,4501,4444,4440,4372,4172,4219,4415,4431,4310,4270,4240,4434
3781,4134,4034,3664,3684,3974,4110,4158,4185,4024,4071,4136,4136,4172,3854,3116,13049,-102,-10226,-8172,-6401,-3462,5236,30475,-6989,-961,-317,758,-248,-1324,-2239,-1911,-1341,2223,2100,-3111,-5036,-3875,-2004,-515
3796,4256,3621,3244,2932,3081,2628,2630,2928,2564,2254,2356,2713,2690,2552,2916,3044,3047,2938,2556,2935,12424,-2992,-5885,-4389,-2769,-2755,-1183,10254,-17680,-426,2223,2148,1542,1480,2337,2119,2716,2741,2536
3022,3038,3205,3409,3232,2935,2937,3186,3407,3370,3378,3221,3217,3293,3292,3315,3318,3370,12488,-4451,-12138,-13752,-4344,2137,9894,3402,-1332,-1250,284,-878,-1665,-1880,1579,3857,-3476,-5674,-4125,-4760,-1202,1540
3320,3304,3565,3599,3600,3323,3545,3411,3278,3602,3597,3740,3676,3789,3741,3520,3530,3658,3618,3506,3575,3485,3551,3530,3254,2138,5928,11016,-5119,-15128,-9724,-524,11373,-10774,854,-2775,-1530,-906,-3442,-1668
2859,2819,2892,2878,2876,2885,2781,2873,2781,2704,2791,2758,2855,2866,2955,2965,2989,3177,3151,3261,3120,3391,4183,5847,5170,6457,-5486,-10175,-7690,-333,5945,-24527,921,329,1384,-1159,-1474,-73,5449,7374
1997,2374,2680,2752,2574,2411,2391,2512,2538,2639,2797,3163,3278,2331,1932,4549,6871,-5869,-9449,-10993,-4671,1844,6417,14173,-4613,1279,1142,2579,602,-2184,-2415,-6668,-7385,-5840,-8120,-4137,511,2093,1700,716
353,485,1034,1404,1474,2115,2147,1419,1291,1383,1392,1578,1862,1813,1842,1353,1877,2076,6197,-248,-3034,-6640,-5156,-2119,900,1115,-10338,4183,-3158,-1580,-56,-2823,-1356,4201,4294,-4453,-8975,-4648,-5401,1605
4566,4490,2787,3217,3386,2952,2964,3047,3239,3328,3202,3212,2856,3115,3582,3229,4434,5886,7466,-3822,-5277,-7962,-5427,-3115,4572,-18316,5060,717,-2193,-2589,-2482,-1098,3599,5077,-5541,-9255,-10067,-1438,1689,3992
3363,3394,3459,3401,3424,3411,3431,3396,3403,3390,3383,3387,3334,3354,3637,3612,3459,3714,4037,4227,4384,3820,4622,8722,7639,-2376,-9558,-9600,-8911,1301,3443,3235,2035,-2922,-1234,-1237,-3427,-3383,1951,1133
2374,2382,2344,2350,2218,2320,2283,2355,2364,2366,2440,2898,3077,3278,3260,3721,3629,3583,2879,3001,8734,353,-8994,-10080,-5083,788,-19117,797,560,-3612,-1854,-3929,-3657,1016,2312,-1969,-6809,-4715,114,-4656
3725,3737,3842,4002,3911,3872,3790,3850,3978,3879,3973,4064,4300,3399,7363,8217,-8104,-6360,-569,3692,5868,-1186,-1328,-475,-1505,-3183,-969,1789,4160,-6446,-6867,-1787,-2231,-965,2108,4465,4411,4252,3957,3510
3538,3432,3468,3589,3545,3461,3095,2895,3411,3899,4113,3642,3566,4063,4437,4687,4619,3757,3196,5133,12925,-2293,-9238,-6765,-1276,-3934,5351,-22580,-753,1815,1128,47,-1534,-1020,884,2277,734,-4619,-4110,-1629
9326,6804,-6869,-7123,-4759,-975,5526,-20594,8968,1285,1031,1926,-358,-1225,-85,1299,483,-4457,-5445,-5228,237,3137,4001,3650,2556,2574,3046,3014,2571,2719,2868,2931,2666,2779,2877,2955,2758,2345,2451,2735
2904,2838,2752,2756,2303,2729,3054,3180,2964,2489,2216,2220,2457,2922,2709,3012,3081,3854,4156,4003,3314,3113,3992,4769,4565,11510,-4592,-11699,-10818,-5400,-1040,11839,-8314,-1753,-1271,1168,-577,-1959,1821,1085
-7901,-10809,-8479,-1093,526,1268,2811,4417,2307,2338,2284,1328,2338,4070,4034,3321,3520,3852,3951,3876,3442,3091,3055,3125,3109,3725,4856,2379,468,3060,4079,-3202,-6387,-9006,-6007,-1864,5750,12961,-3669,362
3295,3281,3248,3202,3211,3377,3437,3476,3414,3472,3561,3566,3542,3714,3445,4295,4450,5923,-2752,-9770,-9755,-9401,-5459,-2753,-26124,582,-542,-3223,-1162,-2624,-3121,-1675,375,-389,-4154,-3271,-1917,-1018,664,2510
3533,3563,3406,3358,3437,3594,3492,3522,3551,3623,3584,3492,3684,3824,4166,3596,3870,4847,9003,9284,-2273,-8856,-10424,-9348,-1015,4007,-1505,8,-928,-1388,-3419,-2806,-2109,-522,-590,-2454,-3050,-4567,-4379,-2812
2993,3171,3332,3323,3263,3374,3345,3357,3412,3504,3548,3717,3626,3530,3706,8658,2686,-6919,-8631,-8607,-5923,-3953,-1222,4653,1473,-3882,-2434,-4092,-2136,-1036,1151,-2899,-3552,-5541,-3715,-1359,-156,-720,632,2089
2987,2876,3156,3210,3255,3389,3571,3418,3348,3485,3675,3901,3906,3764,3496,3585,3551,1432,3351,10920,1081,-6937,-10591,-7363,1643,7091,4307,1203,-3451,-790,-2039,-3518,-2194,-2146,-153,-3554,-2497,809,4088,-8595
2984,2799,2872,2355,2470,2831,3291,3436,3545,3399,3057,2237,1231,6982,2501,-10790,-11908,-4895,6858,20273,1779,180,-1203,-905,-3062,-1261,2035,6652,-2199,-7729,-9157,-809,3317,5361,4280,3554,3206,2753,2968,3801
3291,3375,3403,3139,3304,3287,2953,2920,3138,3532,3741,3563,1789,1490,4270,-450,-11064,-11215,-7866,4331,-21741,929,-246,-451,-1121,-2494,-1292,991,2989,6892,2246,-10700,-6429,-2181,661,40,1247,1522,1992,2296
2209,2458,2452,2674,2867,3190,3187,3249,3080,3272,3788,1731,2755,5805,-4549,-11552,-8253,-4562,2203,-5222,-1326,-2142,-1902,-2846,-2622,-917,2445,-2186,-7684,-7167,-3801,-1688,-404,751,2289,2558,2621,2521,2508,2627
2198,2302,2259,2337,2482,2488,2494,2520,2431,2385,2398,2270,2428,2358,2187,5902,5834,2247,-1083,594,-2158,-5723,-6402,-3603,5684,-4482,3770,52,706,-394,-930,-1538,-1337,-888,-728,-674,-806,-582,-632,-675
3121,3139,3443,3626,3711,3843,4152,4142,4008,4015,4191,4200,4118,4171,4182,4034,3957,3976,4261,5704,6928,8340,8126,4217,1874,3432,5099,904,4789,-5907,-3554,-38,-680,360,303,199,302,-280,-224,-585
8103,6728,4882,6187,5697,1906,8948,-1147,-1401,-454,-1778,-196,328,-47,169,146,-240,-685,-1073,-575,150,749,905,787,892,659,527,611,11,-420,-272,-728,-344,-330,-1255,-1737,-2319,-3407,-3528,-4231
645,2181,2947,3700,4608,5570,6077,6297,6498,6036,6324,6697,5079,4002,3777,3391,3991,4208,4379,6299,8259,9665,9329,4854,1360,1422,3515,2012,2756,-3984,-4132,-2734,-1665,-396,-502,-457,-770,-905,-1036,-1449
1738,2272,2515,2455,2425,2539,2480,2759,2636,2522,2472,3749,5229,6292,4918,2143,-632,1186,3869,6760,-1394,-240,-381,-939,46,-402,-8,-37,-560,-523,-487,-411,-494,-484,-393,-955,-1004,-608,-299,85
6074,6651,7526,7678,7969,7992,7551,7176,6772,6107,5460,5072,4587,4584,4724,5447,6509,7215,6248,6127,5780,1356,499,1361,2715,8801,2047,7086,4735,3681,1739,546,-141,305,-153,-435,-380,-129,140,508
-4049,-5126,-5664,-5551,-6183,-6072,-5404,-5235,-4289,-3092,-2354,-382,1151,1767,2822,3565,5448,6172,6123,6849,7551,7371,4798,2642,1821,1887,2791,3231,3049,3296,3972,4899,5550,7148,9949,6384,9604,-2976,2204,-2617
4961,4483,5143,3909,3342,3861,3010,3332,3032,4531,6748,6833,4756,2643,7419,5899,-5036,9124,547,93,-1599,-1944,1036,546,317,280,17,562,740,369,769,1265,885,619,279,685,605,899,976,824
-4379,-4356,-3771,-2905,-2050,-685,1007,2574,3844,4365,5477,5947,5593,6084,6979,6965,4654,3740,4324,4686,6461,8780,7544,1607,-430,1409,404,6450,2105,-1429,-1283,-1574,109,-809,-404,126,412,-54,-168,-145
3180,3122,3160,3144,3150,3131,3019,3053,2635,2384,1677,1329,260,-196,-797,-1650,-2178,-2926,-3389,-3978,-4456,-4389,-3789,-2398,-896,788,2191,3115,4210,4326,4745,6069,8904,11626,6413,3925,5178,9348,10477,7277
2792,2440,2495,-3510,-718,-2704,151,-2148,-1324,-2231,-1277,-1364,-387,-1787,-682,-608,207,1844,1695,1109,1033,936,655,635,-232,-799,-1099,-2146,-2229,-2436,-1913,-2409,-2024,-1631,-2773,-2958,-2558,-2619,-1142,-1641
3406,3232,3182,3132,2976,2963,2893,2837,2926,2743,2768,3316,3785,4368,4791,2461,286,-2780,-4020,-3219,-2837,-3400,-2139,171,3011,3627,4031,3092,8897,16388,6448,3789,4359,4960,3086,351,2044,2150,-1956,-1733
3626,2188,1654,2874,4156,2703,-34,553,1204,2940,4103,2850,1117,298,2668,490,5339,-9759,-5795,-7247,-5506,-3099,-1225,-1177,-880,-1220,-1052,-1632,-506,-127,1605,2283,-4,-311,-2712,-3777,-5957,-5258,-4676,-3924
3235,4213,4195,5391,4955,4289,3757,3784,3943,2824,2220,952,1124,2314,2087,1024,1562,2503,1656,1319,1159,15825,-4785,4094,-417,-230,1722,1000,710,733,-141,-110,484,293,1815,2296,1915,1681,-466,-1031
1671,5225,7453,5194,903,214,921,-266,89,266,-1334,-1987,-1784,7013,3114,2830,-1905,-2008,-2194,-923,-1222,-121,-181,-61,243,115,-263,-72,-763,-415,-617,61,754,2653,3719,3533,2646,2458,656,-193
1340,2101,3306,3895,4671,4429,3099,3022,1883,-930,-3261,-1884,-753,1001,8289,1899,1044,1280,-1219,-527,-468,-499,-101,-246,-360,102,-548,-322,-310,-562,-273,19,1493,948,475,594,278,308,-119,-1111
5370,2184,1931,42,-2362,1508,2737,1516,30,9170,-631,-1098,-2097,-1249,161,688,414,563,359,162,541,328,503,510,502,389,357,475,522,423,137,76,-241,-437,-126,-636,-692,-1328,-1604,-1093
1147,-2211,-3672,-358,-445,1141,10478,-310,4105,1729,1902,1340,1570,927,1130,1004,672,740,505,517,396,370,-121,726,1824,2287,2253,2220,2494,1583,1809,2983,2336,1489,896,579,186,-177,-2154,-4170
2557,2549,2536,2513,2557,2539,2568,2495,2534,2550,2549,2419,1462,682,-329,875,-2457,-2306,-2920,-4544,-4493,-4857,-4317,-3504,-2352,-1133,-777,2270,3784,4154,3162,3394,10988,8656,4404,4098,5424,3020,-928,-1880
-2764,4598,208,-1490,-4340,-4130,-1690,807,448,-168,-424,-302,29,-637,-310,-657,-504,-606,491,1918,2716,1016,335,-923,-2141,-3280,-1851,-2729,-703,-1057,-2257,-1355,1562,3459,3754,3401,3533,2800,2613,2844
3401,3528,3476,3334,3295,3311,3403,3485,3478,3488,3462,3344,3259,3129,2920,2375,3029,2922,2231,499,1112,1590,771,-1122,-2543,-2841,-4185,-2295,-84,3095,3066,2440,2229,6269,8383,4008,754,1192,1368,4075
5968,2429,3490,3117,-1177,1739,-9206,-2272,-3609,-3992,-2884,-1722,-1390,-851,-357,-404,-509,-528,-259,259,878,942,1474,1772,2272,1759,-304,-620,-1236,-2662,-2030,-1684,-1269,-1341,-1707,-1722,-1349,-1129,-934,-764
3196,3237,3207,3231,3210,3286,3250,3256,3296,3304,3290,3242,3263,3080,2242,909,-1525,599,-134,-1898,-2097,-2883,-4919,-3278,-190,1840,1427,1682,1901,8580,17582,13542,7785,1579,-1001,3320,3880,-1106,1123,-1220
-788,204,1257,1839,2480,2834,3014,3927,3963,3465,2739,2807,2957,1864,1637,1505,2099,1814,1741,114,-358,1131,1967,1356,838,1186,1718,2454,2592,3898,1868,319,4079,6188,8345,21627,791,4834,-504,-958
-1708,-1859,-3563,-3262,-3793,-3901,-2951,-2484,-1336,182,1961,2437,2967,2685,1762,2237,3587,4768,2938,2452,5000,3563,1410,-1252,2459,-1196,3998,940,-1036,-5676,-2724,-1408,-621,-945,-930,-441,-1185,225,394,323
2758,1712,1548,2976,7377,7477,5356,3192,-2788,-2940,-992,-230,1447,18311,2795,5488,-65,44,977,849,395,538,-84,-38,-225,576,1295,937,1319,1245,1119,903,1000,791,881,918,808,963,887,783
2040,848,1587,1656,3846,2792,1615,-346,-3942,-990,3053,2893,15374,211,392,-1870,-1210,363,119,-716,510,248,1085,1306,984,1277,1321,1476,1719,1530,1220,1517,1386,1523,1342,1298,1602,1622,1183,1361
5411,1280,-803,2544,1474,15868,4932,7269,1718,2112,2142,1234,468,960,1289,1447,1148,1152,1777,1737,1805,2306,2560,2546,1050,1565,1674,1635,1282,850,741,972,1045,846,1058,1151,1050,1116,1158,1269
2281,2363,2199,2755,2777,3180,3722,2987,3435,1511,1128,-67,-1220,532,4228,2454,657,712,-961,-643,2998,2522,19572,-1274,3986,-2034,-228,149,466,-457,-377,128,62,-16,-336,-102,-257,176,-89,-222
2556,4196,5410,3710,1234,1072,2173,2570,3245,4328,5225,4551,2133,982,11223,15469,14581,10494,7665,-2287,-1054,-468,2226,1407,1317,1596,1750,1063,1269,536,915,302,351,151,16,235,249,438,597,505
2149,2836,2132,1522,1106,1230,1431,2926,3371,5084,5495,4806,4225,5315,10693,8608,4925,17982,-2735,1241,-382,-734,-49,1105,-517,560,632,329,874,478,-62,319,85,291,305,341,489,226,331,161
4305,3820,2661,1617,821,1165,1984,2508,2501,2301,2204,2765,6937,11316,11435,11344,7176,6087,6393,5751,18854,298,6563,1627,630,-1657,-117,-1143,41,177,-530,-608,-734,-790,-867,-927,-710,-882,-675,-536
3741,3521,3347,3499,3239,3290,3547,3199,3633,4347,5073,5703,5462,3652,2313,4101,6047,10537,5981,5128,-453,-86,-226,1088,613,742,1091,886,1072,1343,869,1222,1131,1051,836,1008,815,609,436,784
630,1328,2586,2024,1975,2321,2993,2774,3381,2963,2299,2454,2998,2333,1438,1865,779,-425,-1164,-514,876,3425,4489,6481,8187,5204,2103,6396,5430,11391,5334,4941,-401,1109,40,1097,-44,825,940,846
-1738,-2079,-1744,-2161,-1446,-971,-1072,-1030,-1122,-612,101,712,1431,1619,1730,2443,4737,7326,7838,7223,4760,2492,4658,4032,2381,3035,6148,10397,6516,10245,4936,3065,20244,-3735,840,-1501,-1896,135,818,-854
667,672,593,493,400,363,-188,-7,-657,-609,-1257,-199,-60,269,485,1006,1310,1319,1929,2557,2525,2240,2398,2502,1949,1219,524,-522,-1700,-1055,1031,1413,3265,4364,11282,7633,8130,4511,-394,23740
8758,14715,12966,7476,-31979,-3885,1295,-572,-1402,601,1745,800,1116,1805,1191,433,990,1061,979,967,423,435,253,-153,207,341,175,388,359,521,563,399,420,582,764,752,730,1089,831,811
721,1105,1519,1895,1659,1595,1524,870,-61,-1631,-2289,-2761,-1383,1058,4964,2376,4310,4276,7463,7456,6156,4043,15682,1951,1719,1961,941,1704,1469,111,412,-64,-401,-406,17,-243,-262,-119,-48,-29
-490,-490,-769,-925,-919,-1457,-1909,-1990,-2130,-2375,-2431,-2905,-2333,-1021,-286,-195,547,803,972,896,-229,-961,-2548,-2934,-295,6267,6181,5393,4812,4689,13046,11115,5278,31924,187,5246,-617,-685,269,-427
29,-44,-7,-71,49,65,101,41,-68,-143,-204,-520,-906,-1000,-845,-1287,-799,-907,-714,-687,-332,-137,-437,-799,-2405,-2883,-4329,-4176,-6813,824,7556,13353,10299,10357,8647,5823,3957,9642,-6838,-6535
-929,-1146,-997,-863,-1074,-1024,-1590,-1461,-1253,-1197,-1744,-2029,-1754,-1859,-1513,-1573,-1341,-1485,-1191,-1672,-1651,-1234,-1110,-1411,-1270,-1609,-1668,-764,-292,218,322,407,1070,898,8350,7326,13295,10640,14582,9989
1101,23974,-2158,6213,-3297,-2744,-781,-1141,-481,-771,-635,187,-390,-368,-973,-408,-200,-223,-256,-289,-278,-58,-291,-169,-261,-333,-486,-491,-684,-759,-969,-730,-821,-1287,-1338,-789,-987,-1757,-2119,-2922
-2427,-2904,-2226,-1599,-1058,-1514,-1524,-2615,-2378,-1864,-1276,-1942,-2102,-1152,12,-952,-1010,-1051,-942,-2224,890,59,1323,1191,2351,2288,4447,11509,13034,20180,13676,6909,4868,-42,224,965,145,-14,-274,-109
-630,-635,-997,-915,-1209,-1154,-1475,-2285,-2415,-2672,-2192,-1675,-1682,-1992,-2403,-2293,-2550,-1947,-730,-1154,-2334,-2381,-1444,460,-659,-1110,468,1954,3048,4711,12965,11039,5767,24736,7147,7101,2245,987,908,1182
2824,2533,2969,3065,2744,2835,2683,2921,2781,2765,2716,2569,2471,2364,2431,3281,3546,4572,4948,6389,7973,5746,10712,14102,2658,19750,-10207,-1906,-4972,-3842,-1270,-208,-696,-1159,-819,-546,-696,-134,38,11
-1397,-1640,-1051,-1164,-256,-425,-971,-817,-256,-745,-1315,-1560,-1353,-978,-509,-412,-955,-880,-682,-522,-487,-232,-182,-32,404,443,699,466,2042,2133,1756,2884,4322,5943,4115,7810,5828,4228,4524,9315
468,915,702,585,162,-378,-827,-668,-564,-1000,-1771,-2762,-3660,-3846,-4267,-3779,-4551,-2160,3001,4586,6718,9243,10831,9430,7131,6931,2251,-669,-3432,-2062,-771,754,-338,-535,-28,-362,-84,-238,117,-257
-1900,-898,-351,-329,-339,-131,344,320,207,399,1774,1617,1057,2126,5976,8063,8003,6851,7919,8128,1106,14400,-4198,1903,-2789,-1733,-1524,-1044,-777,4,26,-702,-105,-46,120,214,2,-83,110,97
655,869,1057,1136,1586,2020,1767,1700,1518,1561,1480,1571,1006,1107,2641,6444,10739,11167,7217,8865,7553,5055,22239,-751,7213,1367,700,833,432,-732,-1455,-54,556,587,764,1019,421,532,735,869
174,807,1307,1823,1845,1780,1672,1239,1121,2194,2398,5136,6085,6478,3019,3145,5830,2045,9059,4698,4186,2862,-430,-1067,-753,-479,-1031,-234,-250,-290,-287,-96,-141,-231,-273,-351,-518,-323,-295,-533
-1322,-772,-478,-624,-1416,-2339,-2322,-1645,-1584,-1486,-1331,143,1427,1380,2631,1153,3576,2792,6948,3704,-4255,17350,-6484,3849,-1603,-78,-410,432,-626,-581,-70,96,-502,-72,522,-107,608,890,833,485
2071,2127,2163,2058,2070,2012,1992,1988,1978,2005,2094,1948,1371,806,-4687,-1279,1268,14430,-31148,31067,-21680,-3915,-7521,-608,-26667,-24741,-24741,-27457,43,3470,-811,5203,3788,2767,2283,400,952,3472,7034,4408
2508,2556,2718,2616,2555,2666,2284,2150,1829,1774,1637,500,298,-2117,304,32210,29424,-14052,-6145,-2301,-18906,24781,-31563,12990,-5103,3426,3548,6087,2673,174,-856,-477,2200,3117,3611,3492,2987,2836,2792,2520
2921,2987,2947,2583,2451,2690,3450,3078,2703,2563,2508,3024,2722,2235,2245,2042,-2609,-11570,7179,29147,-24741,-226,-18969,-953,-21286,29446,26417,5825,-190,2184,3755,5922,6521,6826,4930,2805,-362,-1540,120,3069
2698,2674,2643,2624,2568,2624,2729,2740,2762,2734,2649,2682,2548,2065,629,-1627,-1350,-565,241,9898,24510,-28146,-19840,-4704,-6657,-17285,-30043,23630,4621,-1125,3735,4387,7966,6357,2495,14,-1398,-348,2361,3541
2724,3024,2747,2472,2545,2891,2860,2496,1736,-878,-4963,2361,366,7191,31971,-24741,-23646,2023,-3850,-11984,20025,-30528,9135,970,4634,4328,9327,7508,6579,1792,-1887,-2435,1895,4490,3746,2524,3113,3042,2925,3119
2874,2880,2817,2733,2855,2874,3102,2971,3073,2761,2305,-93,-2719,-2052,-1034,2694,19692,-24741,11595,-27713,-576,-19208,25095,31966,6338,1632,4911,2768,4743,5632,4111,5411,5449,3692,3712,4018,4411,6103,5146,2526
1384,550,-1076,-340,111,7672,-24741,17005,31857,-5607,-19437,28443,23414,8715,735,4477,2886,5543,10707,10274,3522,-1300,-2720,530,3092,3916,3069,2660,3098,3117,2728,2633,2829,2996,2842,2903,2759,2916,3201,2679
2583,2995,2817,2720,2731,2968,2835,2733,3007,2756,2735,2413,-994,-3633,-1098,3054,4945,-24741,28191,-28550,-2179,-13451,32759,18689,6407,2672,2667,7124,5063,9418,6327,1714,-1191,-1590,1354,2715,2427,2392,3154,2788
2565,2314,2943,3020,2780,2775,2757,2697,2822,2433,2090,1014,-1675,211,1809,3997,9518,-24741,24134,-19287,-5458,-3232,-24741,16284,7694,8752,10203,7255,-577,-4056,-1720,2975,4634,3242,2820,2660,2737,2692,2805,2917
2914,3052,2631,3266,3024,2482,2818,3230,3068,3019,3166,3170,3025,3229,3114,2901,2950,3271,3170,3180,3120,3196,3262,3257,2982,2952,2467,2757,2435,2405,-334,-6206,-1004,13465,-24946,9913,-25686,-6502,360,-31052
2664,2600,2750,2615,2671,2785,2768,2642,2349,1856,680,-782,-544,911,-24741,22285,-12420,-14004,-6940,-30555,19919,8708,424,7433,9220,6606,1704,-301,-855,759,3654,4097,3292,3145,2866,3283,2945,3202,3257,2999
3102,2898,2727,3382,2951,2789,2082,1198,85,-858,-1811,9509,-26282,12403,-26669,-10069,20154,23320,8731,3603,7045,10749,7216,1177,-1993,-1690,2180,4140,3971,3239,3323,3503,3327,2973,3137,3268,3148,3110,3271,3211
3188,3326,3147,3229,3224,3546,3377,2127,-5746,-2330,1371,3572,25388,-24741,-6396,-26317,-4718,32646,10928,7733,2357,6947,6965,9594,5702,777,-602,-217,2552,4012,3484,2917,2769,2627,2476,2672,2592,2368,1686,3202
4457,3075,2567,3038,3025,2853,2743,2595,984,-314,-856,301,4992,31788,-29976,-2536,-20720,-3788,31880,18288,4803,4074,5680,7020,7524,5719,2670,-219,-1620,1151,3530,3328,2921,2909,3194,2911,2581,2781,3010,3030
2551,2237,3267,3591,4020,3255,2829,2685,2749,2788,2848,2877,2987,2957,1947,-836,-2469,-2369,30493,-24741,-4911,-10044,-9806,18708,30233,7966,2700,6281,12600,10745,3067,-3923,-4566,524,2926,3156,1917,2696,2884,2820
3289,3364,3320,3351,3125,3052,3205,3368,3032,2026,2243,1639,3755,4240,4122,3536,3905,4228,3613,3417,3260,3390,3374,3831,4104,3618,3521,2050,2265,-1775,-26841,-24741,6399,-358,3116,-13033,7426,-27131,12869,7984
11234,8763,5120,2064,-1397,-2294,946,2379,3023,2560,2332,2299,2218,1754,1228,1689,2398,3690,3025,3386,3583,3699,4897,4733,4099,3721,3591,4282,4421,4283,3304,14270,-24741,1809,-11922,5448,-9608,-5872,29648,25714
8855,4458,8211,10152,6622,4380,356,1797,2642,2694,2208,2701,2513,1840,1769,2455,2081,-3007,64,4275,4316,2905,4166,3311,2303,1455,-24741,-24741,-13032,1439,-4037,-16151,16388,-30525,8313,8482,6261,8619,6943,8213
2891,3539,2957,2852,2610,2712,1147,940,1960,1496,3262,4684,4986,3848,4064,4101,4116,3420,3050,3012,1121,32190,-27171,-9972,-9537,643,-19549,15574,-27864,7131,4753,8449,13275,8996,2379,-14,-187,138,2694,3454
3618,3001,2987,3096,2556,2339,2909,2996,2835,2801,2902,2920,2970,1640,-900,515,2418,1529,3442,3176,183,-1043,2071,4438,1848,-654,30774,-24741,-13821,2761,-6741,-13651,22103,32124,7805,3202,6107,7932,6690,1350
1780,2065,1708,1604,2149,1586,921,-1632,229,1604,590,2680,3071,3418,3963,3542,2759,2427,2023,22379,-24741,-8380,-7076,-10033,-4255,30586,14371,8946,4531,7316,10708,7872,2387,491,237,1394,1251,1098,1886,2111
2429,2355,2053,2263,2299,2467,2164,2100,2697,2216,1990,1893,892,-29,-1705,597,2812,4329,3934,3320,2391,1993,-28095,30904,-25046,6299,-3861,-10588,13464,-24741,9663,6467,6499,7241,10266,8112,3357,903,-359,-25
3241,3387,3245,3243,3098,3105,3210,3317,3138,3223,3498,3538,3415,3219,1141,820,2516,3126,4251,30805,-24741,-928,-9517,4440,-11871,9691,-28749,8859,9591,7688,6651,8403,10641,10241,5698,1160,-1830,-2401,848,4560
2236,2601,1538,1969,1110,1025,-212,-371,1926,1755,19249,-24741,9730,-17301,3122,-10547,298,30410,22540,7828,6439,7305,7452,7119,8441,9114,3921,7521,8069,4809,1152,-562,516,2701,4031,3492,3123,3583,3206,3261
3784,3620,3637,3642,3674,3636,3575,3668,3613,3606,2469,3357,3074,1836,1558,915,-26255,-6712,-9376,-10503,-4391,24419,9110,8162,5789,6479,6916,6958,6717,9694,9315,7231,1791,-2955,-1780,1474,4518,5249,3967,3116
3090,2981,3019,2909,2781,2872,2793,2713,1883,1341,1865,1289,2045,2107,3223,-28380,-24741,-17959,-4099,-19872,12367,26370,9431,6008,5620,7241,6870,9424,8052,3469,359,-1210,-536,942,3564,4006,4128,3723,3478,3463
3187,3533,3411,2660,3245,2834,3522,4043,2974,3362,3335,3341,3821,3327,3403,2896,1973,1244,1492,994,2537,4504,18365,-25812,-28207,2297,-12414,-12876,20724,23905,7383,5060,11643,8607,3882,248,-1815,-642,1538,3419
3256,3346,3360,3356,3008,3196,3386,3243,3176,3238,3187,3081,3289,3340,3237,2816,2708,2594,2530,1185,3934,3584,3194,2909,2475,5345,-24741,4883,-16315,3036,-6226,-9452,24799,23638,7113,7511,7925,8168,7809,8412
3688,4165,3771,3128,3046,3369,2970,3137,3035,4355,3345,4015,-24741,25746,-29151,1732,-4317,-16812,10496,26590,7844,7268,7100,7792,9608,4316,5441,6760,8265,9346,6779,3054,-79,59,1486,3797,4654,4729,4089,3964
2227,1845,1344,1380,1481,1488,631,868,-43,2272,2801,3619,20797,32720,-15476,-8503,-7055,-16792,11623,29333,11187,5588,4227,5509,6469,6970,8546,8318,4149,-71,-1994,-1309,1294,3876,3955,2995,2374,2816,3614,3636
2015,2045,2492,2337,2210,2364,2138,2409,2105,1993,217,-38,28314,32012,-18354,-1880,-878,-6657,-7578,23545,22257,6599,7316,6079,8114,8510,7951,6268,4852,1881,334,705,1575,1429,3156,4733,5567,4646,3801,3277
3520,3812,4047,3869,3680,3602,3492,3321,3332,3131,2063,161,1930,4415,4253,2791,6461,31291,28622,-22516,2322,-2266,-12133,6752,-31602,13113,5139,7724,9359,10393,5589,532,-335,-449,500,1745,3571,3096,3008,2994
1085,3591,4103,3089,4058,4478,3977,3873,4052,3785,3848,4423,4866,4098,3606,4136,4396,3940,4178,4161,4152,4018,3819,4189,3940,4037,3881,3409,587,-2131,31,4908,6783,4016,17362,-27725,-8661,-14982,-8162,-6276
3607,3581,3382,3394,3583,2473,2169,2242,2187,1693,1391,2515,32188,7645,-15811,-7879,-8793,10434,20443,7970,8580,12097,7513,991,-2729,-80,4987,5786,3982,3672,3921,4514,4489,3534,3285,3427,3472,3719,4328,3591
4280,3845,3862,4409,4522,3982,3742,4299,4432,4184,4172,4296,4138,4085,4115,4109,4098,4098,4124,4111,4137,3139,2613,4194,3964,4816,5388,3613,1696,795,2352,28892,27796,-12521,-9266,-14873,8132,19269,10533,5842
3459,3402,3412,3302,3322,3377,3342,3061,2079,-388,1813,1317,6268,-30983,-32367,-16989,-12456,-14894,8757,18212,7097,9038,8802,11013,7885,2945,-321,-2167,-1171,-22,3366,6002,5824,4566,2373,2967,3660,3749,3399,3194
3420,3541,3418,3515,3629,3460,3366,3390,3363,3293,3241,3119,1820,-433,1074,6243,6493,5945,10866,24226,11465,-23231,-6164,-18511,3080,15805,9195,12788,11539,4452,-67,-435,-328,1506,2407,4931,4714,4192,3557,3199
3535,3394,3260,3387,3253,3050,2951,2883,2795,2308,2173,6,2721,-29631,1058,-13336,-7681,-11072,11922,12856,8362,10447,12638,6764,1481,-1383,-1288,933,3250,5051,5373,4821,3917,3980,3717,4657,5249,5055,4086,3700
3888,4056,4022,3668,3551,4064,4138,3916,3587,3488,2974,2186,1609,7053,-30789,-17068,-14705,-13031,-7794,26310,7144,8500,7750,10916,7340,2873,394,-1094,-1,2854,3995,5231,4809,3553,3093,3017,3188,3668,3673,3164
2899,3060,3283,3113,3292,3721,3667,3466,3281,3329,3098,2525,2296,1267,2027,2447,7749,-32154,24179,-20884,-7378,-18584,13418,15353,13080,13295,5319,-2751,-2565,145,3496,3899,3324,2385,3050,3123,3340,3113,3366,3595
3360,3746,3818,3752,3127,3036,3506,3046,2740,-2034,-5966,2325,-32279,-24958,-16631,-15537,-8166,17597,13945,10447,9952,8315,4291,-466,-1051,749,3139,3599,2117,2536,3322,3673,3260,3411,3198,3455,3509,3295,3409,3397
3391,3172,3593,3393,3476,3225,3232,1202,548,-2866,-4208,11562,-30095,-2779,-25441,-8013,16166,13970,7593,4644,6255,2118,5324,5364,4389,157,91,3588,5332,5111,3265,1875,2326,1657,1330,389,509,2360,9175,20359
18910,-6977,-13823,-15651,10702,24073,9303,12578,9385,6318,1192,-509,-395,1119,2685,3785,3311,2141,2380,2150,2848,1856,1174,1481,1470,2792,2258,659,345,2291,3407,2575,2820,2567,2862,2545,2555,2555,19775,-29108
-19555,-12363,-15546,15224,19337,6992,7012,7525,8528,10833,7192,2064,-92,-770,1008,1762,2710,1772,1269,1398,1085,1275,3451,3832,3298,3688,1941,6263,-29058,20318,-28375,-2888,-22200,7351,22806,5239,8728,10203,10600,4706
3035,4051,3971,1908,1575,2264,3314,3567,2771,1660,2163,913,1749,539,23176,22196,-22272,-2231,-14444,-2636,21680,8364,8901,11453,9867,2503,-2554,-2447,-515,2319,3782,3696,1905,1099,1939,3583,4644,4184,3328,2698
2655,3005,3194,3157,3225,3267,3187,3158,3052,3036,3117,2806,2801,3080,3348,3110,1180,358,1255,-548,4280,-27032,20903,-11854,-6396,-2220,15820,11643,10110,9122,12894,11188,3570,-949,-2457,1396,5199,4176,2449,3237
4475,3888,3862,3989,3912,3579,3227,2088,-2855,-2732,1971,6181,6049,5855,25035,16194,-16467,-10632,-19557,-2452,17104,6717,11159,11496,7905,656,-1371,-158,636,1455,2641,4076,3535,3889,3782,3748,3166,2961,3025,3226
3103,3132,3125,3225,3329,3281,3237,3273,3119,2404,-1275,-1355,708,21295,-27573,-7762,-20547,-19848,10087,16858,8264,8735,10645,7341,-182,-1894,-2030,-114,2565,5241,5591,4027,2879,2592,2944,3360,3557,3377,3382,3540
1875,1795,187,-2961,-716,19770,31811,902,-22959,-12651,10392,18218,9414,7733,7745,10134,8883,3533,-1890,-2682,-706,2005,3095,2125,3429,2701,3018,3617,4310,3298,2789,3502,3722,2864,3554,3752,3254,2907,3245,3306
3175,3115,3113,3278,3206,3183,3257,3273,3220,3261,2327,-817,-4514,1280,5532,15578,-30959,8934,-26272,-15131,12604,14924,7799,10580,11394,6798,121,-2188,-1933,-48,2446,3961,4900,3280,2537,2562,2769,2886,2874,2556
2478,2921,2829,2934,2951,2750,2837,3084,3001,2689,1852,-1075,-4045,1028,6026,8999,-32201,22619,-13743,-20901,-4253,23879,12413,12509,11534,4711,265,375,166,2735,3007,3170,3293,2877,2697,3260,3137,3125,3245,3251
2525,-168,1073,3952,4726,2058,-56,-304,4203,30288,20126,-9407,-11043,-12804,14617,15063,8318,8540,10823,10385,5295,821,-398,966,3204,2370,2028,2312,4452,3929,3394,3014,2375,1646,2220,2252,4101,4346,4049,3254
8324,31447,-4314,-14932,-5962,-9328,21863,13363,6923,7068,7310,10793,9334,3593,-1136,-2411,-70,2635,4347,3809,3212,2768,2777,3254,3022,2892,2491,2732,3102,2893,2862,3111,3086,2899,3255,2849,2775,2970,2647,-919
-3427,645,6986,8000,6351,7016,4446,2720,3529,4627,9179,25702,11232,-14890,-4123,-13180,12552,21301,8387,8025,8619,10014,7015,2439,-43,-738,1033,4058,4791,3747,3013,3529,3709,2832,2897,3180,2908,2813,2947,3116
3093,3345,3538,3303,3247,3269,3109,3180,3261,3041,3135,3059,3086,2964,888,-1250,-477,3482,4672,22820,-28852,-7094,-22484,-13788,10736,22715,8861,7310,6315,6672,8860,10214,7436,738,-3241,-3980,-423,1658,6290,5771
3056,2743,2370,2667,3566,3836,3075,2949,2573,1783,339,-3318,290,9961,-24741,6849,-24812,-10073,9311,19288,11247,8391,9733,6731,957,-1762,-1099,957,4409,5146,4627,3590,3163,2968,3072,3390,3189,3055,3038,2999
3008,3148,3260,3267,3259,3323,3239,3199,3269,3190,3166,2984,2392,-757,-5459,5146,30892,23285,-8118,-17114,-4967,25332,14446,7732,7012,10177,8692,4178,781,-866,-717,354,3121,4152,3763,3006,2729,2780,3503,3105
3024,3059,3110,2783,2984,3217,2964,2952,3085,3165,2570,3499,3441,2806,2828,3132,3426,3326,2974,366,-4817,-1898,3851,7025,31685,-29073,-23277,-1166,-14410,5768,13639,9023,5076,5088,7089,8424,7392,11016,9907,2428
2362,2351,2372,2741,2546,2692,2139,1373,636,988,2125,2597,3201,2133,2530,3904,4343,3466,24530,-28670,-6778,-16262,-9481,-5883,18787,13535,6782,7337,7738,8126,9266,10053,6753,2036,-603,-512,540,2295,2314,3114
2673,2422,2149,2348,2575,1808,1313,1993,1811,1312,419,-212,1627,605,1400,6828,18693,13215,-4144,-8262,-8090,-17290,6103,15815,8526,9148,11379,10362,6828,1876,407,874,2398,2099,1735,2278,3412,3607,1728,2685
3662,3323,2752,2915,2892,2834,2255,1993,2184,2747,2629,2369,1851,1982,-766,-761,1311,3062,7278,-30494,-31062,-10350,-10748,-14465,8665,19651,6284,6964,7702,10308,8895,2964,-1142,-1376,7,2385,4797,5100,3886,3435
3150,1957,1086,1390,2058,1556,1481,1607,1251,1198,1407,1133,-1167,-6051,1329,8364,8544,13023,28849,5112,-14517,-3992,-11236,1519,30118,8239,12147,10899,9473,7741,3366,2393,3927,5715,5913,4818,5504,5811,5659,4518
5355,5132,4398,6055,4658,5476,5368,3321,3974,3528,3469,2797,-571,532,2199,4622,32641,-24741,-6279,-6352,-8345,-2928,19824,9013,7537,8939,11437,7183,2156,-2275,-1382,2567,4530,5132,4541,3878,3382,3447,3302,2655
2057,2058,1913,1725,1634,518,-2186,-1064,3461,5095,2418,25939,-26846,-9916,-6001,1737,-15992,578,20030,13131,9099,6255,9007,10217,7399,2696,-54,-1043,1541,4349,4622,4010,3304,3053,3283,2478,2118,2490,2805,2818
2804,2258,2064,2373,2297,1567,1213,-73,-1525,617,6193,-26825,-28356,-19646,2257,1021,-13927,2295,20290,10579,8322,8077,8792,11987,7844,5126,954,-1104,-281,2333,3380,4116,3650,3053,2551,2879,2928,2324,2386,2698
2513,2688,2735,2775,2601,2708,3241,2222,3007,2545,2490,2174,2203,1926,7622,-24741,16035,-29594,-141,-18107,11683,24489,2805,8353,7530,9875,10477,7958,4804,1197,992,1061,1906,2722,4407,5671,5164,4302,3328,3182
3414,3710,3510,3555,3456,3535,3620,3595,2880,2239,3196,3350,2644,1973,2241,3278,3091,3079,2762,2731,3105,2959,2471,3199,10369,19690,-31186,-18547,-14762,3169,-26506,8662,30080,303,9305,7421,5874,6695,7152,7501
7162,8489,11430,9205,2418,-2964,-3119,374,4630,5684,3509,1346,1737,3289,4352,3072,2048,1781,3721,4257,4909,3804,7103,-24741,29249,9099,5270,-4769,-6327,18089,-28275,7276,7038,7277,8764,5753,5994,7167,8928,9657
8277,5178,268,-2168,-965,1083,2743,4318,5382,4763,3809,2139,1698,426,-627,4737,6171,4587,20832,-24741,-3954,-13991,7051,-503,-17390,236,19179,21259,5624,9099,8313,7137,7057,5952,4739,4325,2003,-887,-35,1986
3183,3371,3253,2874,3107,3268,3108,3172,3170,3249,3072,1791,-108,-2461,-1010,2842,8605,-27257,27189,-22683,-682,8166,1780,-10077,13078,30562,3248,13301,8813,6097,7508,7541,10308,7228,2020,-1549,-1547,1111,4384,4002
1570,1712,1602,1571,1542,1331,1434,1662,1693,1603,1519,1598,1626,1456,1354,1536,852,1397,2259,1892,1329,1844,-5826,-6385,16019,10902,9069,15111,32328,4483,-18177,5746,-828,-11759,-560,23766,23204,6342,7970,7842
29827,-18013,-4275,-11101,6949,24681,7967,8916,7244,5107,6073,5917,7772,8710,5755,2247,-1748,-3083,-2138,-1419,899,2662,3129,2020,1717,882,278,767,336,110,505,528,366,467,231,436,370,208,875,675
241,390,412,414,201,335,180,-102,-139,-518,959,1257,777,26,-849,-135,-1748,-1188,18324,-30669,2689,-20873,-7193,-9129,16163,19372,5630,10138,7026,10834,9590,4123,-846,-1862,-483,1087,585,1441,1595,649
417,1014,979,1422,1340,1567,994,858,-3444,-4240,782,2376,4675,4300,10100,29209,9373,-23505,-2751,-14058,16336,27001,2712,11532,8710,11306,8183,3329,-11,-564,-862,-813,1273,2373,1007,1013,1062,1605,1639,1517
1762,1409,1435,1279,1268,1413,885,144,-1939,-3278,-516,2592,3697,3911,7284,-26440,26745,-23656,5360,-761,-14133,2482,27305,19670,667,9504,9638,9563,4915,244,-2411,-2222,-205,2326,3640,3679,2200,2032,2548,3359
7808,8095,7591,4999,820,-2011,-1282,2088,4186,3948,321,256,746,3724,4620,5972,23433,24361,-29439,-4670,6967,2755,-6020,-1852,20892,25033,11183,2673,5282,6754,9745,9183,4055,-1365,-2179,-1755,913,3760,2914,2376
2519,3186,3394,3035,2734,2417,2423,2540,2451,2230,1909,1520,-371,-2967,1773,4791,3803,4204,24867,-26832,-5343,-14272,-5690,-13670,23690,-28481,-1452,6239,7901,11460,10141,3158,-2478,-3824,-1110,2472,6371,4414,2471,2283
2955,3630,3600,3412,3221,3459,2706,1632,1643,2891,2115,-249,-3239,1403,6838,5716,6432,24781,26547,-31223,5094,917,-12215,2526,31897,23457,2774,9062,7074,11367,8331,-196,-3534,-1750,1055,2795,620,-261,1145,3111
2757,1475,854,107,-242,326,223,-612,-717,-958,-2607,-3190,-1663,2616,21778,-26599,12888,-16573,-1686,-8956,-17126,19363,31695,3475,7480,7934,10450,7713,1689,-1854,-2741,-794,1174,2826,3386,-381,3236,3573,2234,115
29,-389,-602,-1167,-492,-1538,-1128,-1106,-310,-1423,-135,1355,8235,-24741,28343,-7444,-6516,-35,-15793,-10471,8247,22386,12536,6160,2804,1857,4935,9106,5254,479,-869,-1001,661,1157,1700,3000,2433,2168,1645,1862
2647,2983,2409,1629,1683,1729,1620,1007,284,-850,287,775,521,794,372,18640,-30293,3528,-8781,5099,-1125,-16017,-8295,15225,31859,3306,8631,4938,5038,4689,4347,5753,9759,10298,6039,1140,-1804,-410,2343,3816
3772,3844,3778,3450,3145,3226,3129,2665,1467,954,1547,1886,4785,4403,1902,-269,302,1095,6087,-26321,-27769,-9297,-4469,-6133,-19589,11236,24788,11201,6230,4580,3666,5101,6373,7827,2362,219,2826,5625,5300,4184
2819,1908,1044,1073,1532,2156,3001,1747,-219,-795,861,1398,2783,7014,16607,-32157,24342,-4483,3735,-2,1151,1676,2413,-912,-11387,-14132,9614,20793,14048,5642,4402,5467,9035,7347,4638,740,-1049,-736,1795,4698
1850,1310,2390,3303,3188,2988,2534,2118,-97,177,-2476,2012,5986,10294,-24741,27326,-10793,-9880,-7724,-13071,12155,28016,14821,4097,6078,3273,3034,6221,8781,6217,1839,-2537,-2455,838,3532,5142,1811,2035,2955,3771
3547,3131,2708,2518,2447,2603,2267,2659,1639,1577,-884,-2674,7250,-27667,-30497,-6377,-10171,6437,-3719,-18232,5503,19759,11760,8875,6707,7982,7002,1195,-2258,-1587,1101,4186,3854,642,560,2279,3362,3429,3114,2473
2381,2483,2762,2713,2562,2417,2528,2412,1925,369,-1501,-502,2440,4687,5545,13835,-32411,20878,-10744,-2635,-489,-18398,-11978,12416,22366,9745,6038,4635,6379,4037,-702,1386,5564,6148,5051,5170,2409,2047,1291,724
1986,3284,4056,3188,2525,2920,3239,3356,3120,3019,2324,1743,2506,514,1368,2612,3190,3466,9334,22609,19866,-1015,-5275,-9941,-11319,12032,23749,9248,1828,1167,767,1501,3341,5184,6388,794,-3447,-1759,2255,4875
2399,2336,2370,2415,2355,2281,2139,2137,2406,2164,1868,1789,1392,-2289,-2848,722,7919,31192,-28355,-541,-2656,-681,-18736,11171,29176,11379,3491,3040,2434,2485,3101,6326,9628,7082,1313,-2939,-2070,813,3662,4726
3575,3181,3042,3420,2931,2683,3314,2776,2388,2686,2763,3389,2785,2672,3016,3237,3068,3002,3017,2943,2866,2810,2728,2708,2048,818,-3025,-3757,1774,14542,-29569,23563,-14697,-12394,-11095,13795,20678,6487,3378,3028
2459,6737,10402,5113,-1911,-4223,-1826,2220,4003,1878,2331,1494,-72,-2378,-1999,1414,1440,5349,7062,24960,-29519,-1110,-19482,-9219,-1101,20764,18209,3148,2605,2852,3514,6712,7932,5436,1245,-2224,-3024,-714,2597,3910
1909,1523,1838,2357,1960,1514,228,-672,-1967,-4603,-3523,10901,30477,32190,-4210,-15981,-9692,2477,-32016,9827,1177,2581,2211,4225,5615,5774,3038,87,-2801,-2120,712,2515,1876,1858,2322,2640,2349,2022,1991,1932
1165,1417,1403,1640,1743,1173,-2520,-4103,1505,3587,14424,-30287,21571,-17727,-10766,-4684,22586,23040,4255,5191,1590,3011,7336,7551,3731,-562,-2633,-420,2799,4051,2374,3249,3907,3698,3548,3608,3470,3482,3219,3132
3499,2791,1058,-2944,-2769,-1204,1093,8237,7529,11205,26564,23190,-12021,-19206,-8778,20700,20370,6262,3153,698,5960,7823,5219,1294,-1440,-971,1201,2598,2624,1492,1944,3071,3465,3192,2858,2673,3036,2929,2888,2700
2842,2799,2834,2895,2842,2813,2867,2831,2795,2964,2793,2668,1039,1329,958,-1506,-3409,-757,8228,24510,-29089,8181,-21912,-10353,1762,31441,17529,2434,2526,2757,5490,8856,6703,1510,-1729,-907,217,1790,2726,2374
1810,2733,4036,13551,-24741,14732,-27603,-14453,-2897,26784,18726,1862,4275,10178,7301,-469,-3907,-3391,-426,3584,4082,2093,807,1324,2284,2533,2141,1802,1775,1836,2050,1658,1658,1914,1923,1844,1731,1762,1748,1762
-2333,2817,6008,6055,4326,6797,-27354,22490,-23389,-12503,3646,29049,15091,3742,2750,2579,6839,8358,5252,711,-2332,-2961,-803,2390,2831,1797,1340,1816,2666,2774,2686,2390,2506,2496,2416,2191,2208,2203,2337,2326
2271,2277,2294,2393,2315,2352,2309,2267,1881,843,28,-2003,-3880,4164,6016,3475,3111,4832,7955,-31647,29250,-18716,1616,-3899,-14123,14969,32505,7600,4131,6664,4237,3431,4170,4460,5810,6851,10933,9948,3192,-4814
2843,2792,2740,2837,2846,2777,3059,2828,2506,2630,2700,2650,2290,2647,2811,2421,778,-2343,12,1750,1598,5571,26145,-24741,-272,-14864,-8514,-7595,25401,25579,1725,4008,3854,3927,4337,4642,8180,8098,3794,-819
5439,12558,-28115,21876,-27345,-5433,-15992,9491,21377,10231,-205,4998,4025,3164,6616,9352,9627,3577,-1633,-4805,-2835,2279,4311,2512,2178,2404,2876,3153,3042,2574,2406,2598,2440,2360,2355,2478,2671,2623,2567,2509
1291,1200,1233,1165,1167,1191,1177,1257,1244,1251,1309,1301,1095,924,317,-3679,-11242,1091,7274,11843,30580,27167,-22636,-1286,-12559,1019,-24741,20284,-2477,-1508,5010,7039,7159,4026,467,-1315,-2586,-742,2971,3450
