9343,9403,9392,9329,9266,9308,9281,9351,9418,9476,9458,9405,9366,9327,9281,9121,9184,9041,9558,10117,11968,18072,25583,29158,31511,30873,22044,6058,-4422,-9677,-8202,-4526,597,4028,9610,15119,17537,18415,16375,12684
11435,11285,10564,9591,9993,9661,10016,9916,9713,9759,9636,9619,9648,9648,9595,9556,9605,9617,9634,9598,9566,9581,9484,9496,9157,9218,10709,10815,12733,15741,18406,23614,27751,29137,15620,4388,-317,-4090,-4344,-1859
1741,5347,8105,11148,12782,13545,14156,12048,10101,9283,9265,9314,9528,9374,9441,9069,8585,7486,8834,10486,15054,21893,22225,22788,28686,-30441,21551,8525,3181,-3184,1273,2545,9745,16785,16845,17675,15480,13524,11552,10131
28269,16867,12654,11036,10518,10878,10277,9515,9591,9528,9639,9569,9746,9716,9859,9249,10302,13269,16759,18679,22349,24697,22468,13430,3116,-3044,-5382,-6467,-6447,-2353,-186,7584,13241,25968,24440,17247,14444,11975,11186,10420
10055,9676,9185,9051,9254,9259,9145,9291,9388,9343,9398,9410,9442,9415,9695,9502,9636,10330,12234,17889,23882,23854,23284,21871,18994,12990,4082,56,-4905,-8445,-7524,-5427,-1393,7621,14530,23914,31415,27781,16235,12214
10199,10503,10207,9509,9279,9342,9431,9215,9545,9575,9403,8700,9281,12135,19492,23178,31547,-27584,28621,6780,-3432,-7205,-6786,-4793,-2698,-1970,-167,-87,1575,2767,3807,5403,7141,8246,9645,10518,9950,9458,9180,9057
9234,9245,9214,8990,8741,8779,8871,8840,9622,12494,18599,19856,20452,23720,24756,24248,13079,-35,837,1476,7906,8166,17159,21016,23274,16636,13618,10633,10207,9877,9618,9376,9369,9273,9215,9299,9374,9364,9346,9369
9436,9418,9351,9406,9381,9352,9380,9349,9409,9331,9361,9329,10450,12137,16948,20745,21079,19657,20305,18737,-647,-6585,-7055,-6200,-4410,-2996,-202,275,5115,6030,13433,17478,16036,10682,9223,8710,8844,8862,8635,8498
8610,8511,8505,8609,8583,8507,8570,8653,8159,8050,8173,8494,8289,6819,4456,4623,6618,15304,27777,27109,22110,17118,13746,5389,-1595,-6275,-8827,-6575,-3361,785,3890,11602,14622,19077,21819,18424,11286,10617,9356,9485
9708,9543,9398,9495,9448,9307,9302,9198,9293,9247,9272,9387,9209,9238,9433,9145,9417,9576,10850,12395,14873,18012,21454,19557,9570,-93,-6678,-10405,-10290,-8717,-7829,-6876,-6660,-6391,-5765,-4983,-3907,-2832,-1186,-41
1091,2383,3016,4011,4997,5796,7551,9126,8529,9125,9165,9325,9251,9324,8912,8950,8147,8783,10471,12081,14975,17025,19546,21837,22090,17141,5821,-2804,-9848,-11119,-8896,-6702,-5579,-4776,-4187,-3584,-3049,-2234,-1145,-283
9002,9010,8997,8991,8935,8943,9085,9080,9090,9015,9018,9045,9027,9017,9342,9789,9430,7218,6658,7469,12191,19883,23627,23791,26801,26228,14027,2215,-2942,-7574,-10432,-9180,-7888,-6824,-4689,-3683,-1748,-928,992,5401
4531,5487,11422,20296,18684,9915,8084,8492,8629,9173,8876,8807,8773,8711,8836,8893,9485,10377,12179,11755,12688,14179,16667,18626,17246,6220,-689,-5772,-6190,-1620,1587,3388,4718,5270,10969,11149,11427,9635,8604,8547
8075,7912,8098,8303,8388,8354,8356,8310,8421,8414,8492,8500,8538,8475,8518,8452,8468,8347,8283,8298,7807,11871,15761,17384,17264,15473,13582,11978,14416,14988,7623,2039,-2650,-5792,-8437,-7564,-3604,-524,1209,5099
5947,8967,15496,17476,14213,10611,9707,9193,9275,9261,8935,8902,8669,8625,8690,8652,8536,8483,8027,7502,7603,11522,15266,21224,24072,23536,24193,25696,13351,2133,-4739,-5442,-3394,766,3964,5272,6690,10034,10262,14717
16634,12794,11004,10126,9813,9515,9329,9137,8955,8987,9251,8947,10820,13584,15956,15923,15688,15711,16068,15255,14742,9111,-3066,-8924,-9709,-8809,-5935,-2564,41,3633,9451,11807,13019,10492,9399,8967,9813,10678,10002,9387
9160,9175,9047,8905,8694,8622,8723,8412,10174,11875,19615,23795,20964,18515,18140,20002,15729,4756,-6936,-6846,-5986,-2652,222,2466,5938,9999,12579,11038,9996,11608,12027,10662,9176,9388,9209,9123,8910,8865,8785,8704
8633,8796,8763,8714,8805,8657,8762,9579,11295,17209,22710,21938,22516,18951,18569,17065,11641,-288,-2086,-4912,-1589,-773,4094,9039,12142,13099,11871,9770,9592,9166,9127,8844,8631,8580,8406,8459,8131,8210,8101,8227
8258,8335,8242,8230,8349,8598,8778,9344,9434,9229,9235,8762,9027,9076,8542,8451,6932,5682,5282,4862,5033,6540,12986,25066,-26311,-26311,-26311,-26311,13184,2103,-5312,-5363,-3724,-2161,-2076,-1485,134,1151,2428,3547
5485,7432,8092,8334,7535,8237,8570,8747,9230,8871,8857,8693,8528,8645,8578,8802,8785,8741,8565,8615,8635,8607,8398,8137,8069,6442,4298,6901,12937,26030,28865,30699,-26311,-31978,7430,-1250,-5343,-6159,-4489,-608
9315,9344,9277,9253,9350,9333,9398,9342,9408,9344,9325,9129,8769,8112,10111,15315,21580,24689,24699,26184,25406,19533,5431,-766,2206,9404,10795,6485,8000,8088,10023,11860,9026,8888,9127,9287,9491,9434,9533,9376
9271,9372,9289,9327,9236,9199,9279,9337,9297,9232,9285,9202,9434,11996,14371,18464,21886,25305,27763,19977,1926,-3017,-3875,-5869,-9414,-10809,-8658,-6540,-1375,5929,14194,25178,-31728,22837,14381,10381,10041,10067,9718,9423
9408,9216,9382,9334,9332,9495,9342,9408,9336,9360,9470,9441,9342,9478,9095,8852,9861,11195,15211,21051,24474,23981,26695,27177,22731,8910,-1471,-2742,-1047,2527,4710,6350,10219,10876,11311,10017,9391,8899,8826,8638
8827,8802,8980,8947,8926,9046,8998,9051,9040,9048,9023,8985,8974,9357,8950,13388,17812,24477,28180,-31497,-26311,30971,4649,-3309,-3332,-2914,-938,703,4542,5692,8416,9056,8596,8090,8130,9148,9730,9542,9252,8948
8805,8907,8938,8925,8998,8916,8972,8870,8785,8795,9722,12571,20244,27138,26275,29880,19861,6205,93,-1710,-1015,1574,6129,10041,13810,14390,14383,13059,11444,10529,9867,9525,9291,9727,9633,9641,9648,9575,9570,9514
9459,9562,9504,9464,9493,9493,9556,9540,9417,9434,9186,9501,15152,24811,23986,22710,25911,26424,23467,5870,1860,3809,5570,9685,13806,16698,13905,10536,9048,9088,8795,8774,8894,8726,8797,8730,8823,8755,8862,8911
9417,9217,9338,9204,9309,9370,9300,9307,9379,9332,9343,9373,9283,9223,9381,9386,9387,9282,8962,9252,10534,13625,15709,17153,19721,22716,21744,14788,4406,-1921,-214,830,6546,9920,22073,26010,20778,14468,11708,10522
13535,13152,20743,-31648,29047,12837,4928,4805,7018,7922,9272,9945,9536,9035,7650,7580,7724,8115,8348,8371,8356,8546,8602,8588,8656,8592,8588,8632,8639,8665,8641,8674,8664,8639,8605,8659,8631,8720,8713,8652
8714,8669,8690,8726,8705,8689,8657,8717,8747,8731,8684,8658,8686,8692,8717,8623,8273,8178,8259,12831,20350,24963,25497,26909,27577,21575,5718,-3688,-6681,-7739,-5564,-3755,-1364,-1971,-1371,-1340,1180,1759,4420,5898
7475,8076,8505,8777,8396,8262,8209,9103,9513,9272,9223,9145,8938,8884,9018,9536,11814,15124,16338,17902,27653,31714,25400,6357,-4617,-5005,-4824,-3069,-1866,-40,1789,3089,6058,7471,7970,9147,9334,8433,8270,8204
8380,9047,8306,8534,9995,10283,9442,8368,8882,10025,9536,9084,9489,9636,9173,8914,9047,7886,7125,12777,23827,27832,-28429,-26311,30328,5542,-3585,-5232,-2664,2499,8192,9670,13497,13396,10558,9957,9800,10654,10664,10249
10012,9593,9563,9479,9623,9574,9453,9443,9364,9441,9394,9334,9296,9318,9297,9497,9185,9218,9236,8995,10656,17517,24109,26616,28297,26636,18977,5328,-3183,-4958,-5045,-4994,-6058,-5762,-5832,-4857,-4042,-2336,-779,377
2731,3766,5546,6309,7219,7770,8926,9318,9119,9466,9414,9597,11834,13945,8763,2586,2328,6326,11723,16310,20219,20981,29251,-31744,21549,1011,-6861,-7551,-7034,-5815,-5093,-4600,-4447,-3122,-1352,233,2193,3586,5588,6397
7524,8179,8756,8311,8352,8232,8245,8222,8379,8373,8528,8412,8380,8293,8237,8335,8382,8568,8638,7996,7864,8070,8056,8712,8984,8305,8015,8494,8420,7972,7779,6688,5218,9020,20671,28115,28552,-26559,-28903,17104
9236,9320,9305,9222,9186,9045,9131,9248,9306,9306,9124,8842,8599,8987,12891,21314,25875,27243,24037,27091,22444,10219,-565,71,1648,1837,3895,2464,1816,5040,6441,9816,12269,13940,12825,12106,10809,10781,10395,10046
9753,9879,9241,9430,9197,9306,9269,9344,9294,8932,9238,11716,18452,21477,20451,24463,29560,25438,6786,470,6521,10372,11540,13026,11847,10376,10269,9379,10195,10589,10578,9483,9688,9490,9722,9580,9572,9501,9372,9566
8328,8620,9084,9279,9228,9100,9159,8960,8803,9001,9149,10641,14534,16569,17185,19305,22750,21083,11985,1169,-3962,-1126,1976,4993,7149,10627,17642,22773,18270,12113,11063,10304,10387,9983,9610,9810,9580,9629,9575,9525
9537,9406,9490,9504,9524,9441,9484,9589,9975,10305,9291,8455,8202,11847,14838,21805,28227,32072,31295,32512,30718,18788,10149,11314,8164,9974,14802,16139,11445,8437,7345,7893,8542,8863,9160,9453,9569,9567,9578,9527
9631,9619,9648,9633,9461,9271,9333,9261,9074,9412,11980,19847,25826,17986,16048,16227,15404,10139,-486,-5444,-5533,-1194,4343,5425,7882,12394,13243,14003,12117,10985,9679,9493,9224,9725,9485,9914,9636,9531,9701,9542
9713,9554,9550,9297,9355,9384,9419,9501,9452,9375,9336,9135,12363,17268,20939,20421,19439,20041,20193,8313,-3253,-4527,-1918,1862,4053,6057,8315,10226,14979,15008,14450,13725,12039,11383,10582,9979,9864,9787,9819,9781
9864,9752,9660,9657,9524,9641,9531,9408,9006,9848,10576,10557,16124,18743,16481,13916,13637,16650,15411,10342,673,-3901,-8541,-7775,196,5346,12583,15636,20632,21420,18079,14009,11723,10788,10056,9752,9429,9321,9473,9373
9391,9463,9740,10848,13949,16537,18853,18695,24649,27468,20985,10004,-456,2013,4844,12680,18389,25854,-26311,25365,13570,10593,10386,10943,10314,10036,9938,9715,9599,9408,9548,9532,9414,9479,9466,9519,9575,9542,9501,9631
9536,9537,9251,9258,9405,9512,9417,9455,9434,9566,9196,9467,9830,11075,12993,14271,13020,7559,4425,4271,7748,10880,11325,2771,-10702,-12980,-9896,-7677,-4525,-594,6813,13803,22665,-27755,-26311,18873,13141,10259,9738,10582
9819,9035,9363,9555,9301,9196,9278,9248,9193,9246,9386,9133,9126,9033,9995,12114,16079,20251,18522,18395,17314,17387,13108,7036,333,3694,7287,10661,12374,12370,14445,17280,15975,11827,10617,10014,9636,9636,9515,9338
9188,9334,9148,9288,9327,9378,9387,9414,9437,9412,9448,9197,9010,9197,9617,10296,12787,16488,20227,22711,19929,18861,16752,14456,10201,4341,263,2147,3069,8459,13214,16818,18898,15834,11614,10506,11288,10995,10633,10743
10334,9923,9876,9722,9526,9476,9403,9344,9465,9488,9628,9680,9618,8986,8350,8741,10714,14993,20954,21702,20767,21428,22335,21657,14271,2813,1710,1031,3775,6530,8850,12059,12135,12240,11896,11469,11000,10854,10714,10341
9273,9308,9425,9421,9368,9367,9375,9311,9649,11207,13262,16864,16620,16780,17427,16491,15331,10005,1599,231,2311,5676,9900,14695,22908,24474,17567,12680,11074,10275,9968,10008,9862,9657,9451,9454,9427,9379,9382,9435
9442,9446,9530,9554,9556,9514,9508,9447,10111,13024,18644,20830,19966,22618,26865,24327,10893,313,-4592,-4076,-47,758,5884,10431,14470,17031,14251,12619,10697,10058,9613,9616,9382,9269,9198,9012,9009,9077,9048,9108
9109,8998,9174,9179,9150,9141,9091,9257,10248,13305,22256,19826,18328,16342,13634,9278,6858,143,-1697,-703,3052,2227,10901,26733,16837,9582,10506,8823,9283,9415,9329,9119,9284,9264,9107,9216,9273,9472,9427,9467
9414,9202,9332,9357,9149,9072,8735,8513,8711,8455,8547,7443,5057,3210,4604,6059,15485,22023,22531,21306,-28562,-31632,14799,2736,4473,11288,19960,23803,27104,17956,7605,8249,8384,8531,9014,9180,8644,8708,8813,8738
9532,9654,9694,9512,9586,9475,9556,9604,9545,9613,9548,9592,9563,9609,9613,9588,9578,9586,9578,9498,9457,9631,10216,10699,10149,9767,8632,14640,29765,-26311,-26311,-31580,26065,7553,-415,-9733,-10814,-8343,-7441,-8159
9333,9352,10712,12453,18638,-27411,-26311,-26311,-27988,15608,-2744,-11022,-10645,-8214,-8443,-9063,-9605,-9554,-9186,-9009,-9169,-9197,-9034,-8732,-7540,-7824,-6671,-5719,-4440,-3199,-1830,-760,2111,2991,5038,8134,8523,9518,9039,10658
8674,12579,21526,-26311,-26311,-26311,-26311,13235,-4003,-10770,-9969,-9372,-8880,-9010,-9391,-9403,-9228,-9109,-9276,-9543,-9617,-8880,-8343,-8465,-8356,-7116,-6331,-5330,-3925,-2904,-1819,-869,335,2112,3311,6791,7220,8258,8064,9038
10143,11317,11736,11469,10370,10271,9944,9846,9567,9460,9502,9708,9655,9549,9582,9579,9611,9568,9589,9631,9615,9666,9634,9979,10186,10309,10188,10913,11234,16245,-29081,-26311,-26311,-27889,14650,-532,-8067,-9618,-9686,-9279
9661,9670,9641,9611,9528,9635,10953,10419,10050,11352,15591,24762,-29584,-28569,-30471,30212,7520,-1640,-7527,-9704,-8687,-8993,-9288,-9103,-8756,-8857,-8962,-9102,-8947,-8475,-8402,-9117,-8936,-8107,-7572,-6603,-5838,-4976,-4217,-3023
9585,9543,9556,9804,10569,10742,10151,10947,13846,20397,-32343,-30342,29406,26461,11161,380,-7020,-9719,-9552,-8803,-8826,-9212,-9477,-9288,-9135,-9159,-9221,-8992,-8561,-7888,-8118,-7599,-6610,-5130,-3587,-2079,-1164,-3,980,2628
9615,9607,9641,9598,9634,9543,9576,9648,9695,9582,9537,9578,9634,9696,9657,9610,9607,9665,9830,11039,12169,15577,23066,-27292,-26821,-32605,25933,9897,-1349,-7443,-9350,-9580,-9360,-9042,-8991,-9078,-9220,-9287,-9254,-8388
9599,9662,9629,9487,10596,11434,10657,10293,11496,16481,29975,-29959,32273,27376,17659,3399,-5021,-8799,-8501,-8034,-8362,-8439,-8510,-7794,-7411,-7353,-7394,-6938,-6087,-4651,-3724,-2621,-1758,-79,1347,2567,4982,5163,8884,8827
9566,9574,9575,9593,9665,9537,9558,9622,9610,9570,9578,9540,9568,9616,9567,9686,9755,10128,10041,9478,10188,12676,19958,-31661,-26311,-28981,28128,14010,-232,-5303,-8598,-10178,-10122,-9761,-9412,-9495,-9490,-9595,-9570,-9580
9576,9628,9589,9554,9657,9622,9606,9627,9521,9342,9404,9515,9677,9641,9934,11307,12054,12089,14718,19907,30148,-31115,-32702,22558,5544,-4964,-7447,-9441,-9410,-9398,-9188,-9327,-9490,-9860,-9728,-9378,-8910,-8501,-8329,-7860
9591,9443,9429,9592,9640,9582,9538,9562,9532,9551,9550,9504,9487,9463,9275,9856,9473,9560,9914,10283,10969,10263,8835,8183,8959,9352,11064,16542,28012,-26734,-29057,24151,11987,-3,-7442,-10566,-10035,-9227,-8700,-8880
9419,9452,9467,9510,9491,9431,9460,9477,9540,9592,9685,9744,9510,9461,9897,9992,11106,11725,12728,18751,29440,-32595,29745,27116,15727,-3549,-7611,-7942,-9062,-9867,-9764,-8941,-9065,-8943,-8737,-7405,-6560,-5600,-4311,-2093
9556,9543,9550,9622,9747,9591,10134,11677,11428,9319,16104,29348,-26311,-30686,31437,18268,1663,-6265,-7419,-8846,-9059,-8986,-8932,-9502,-9458,-9107,-9234,-8874,-7700,-6439,-5861,-4250,-2728,-779,2120,3366,5538,9075,8804,10133
10664,11730,11966,11328,10459,10160,10374,10263,9992,9645,9430,9436,9595,9641,9610,9585,9599,9645,9611,9598,9545,9603,9606,9597,9544,9574,9639,9619,9673,10155,10521,10548,8688,17906,30362,-26311,-26311,-28286,27363,4654
9662,9458,9443,9469,9464,9564,9585,9600,9641,9765,10091,10336,10709,11086,11959,19640,28372,-28701,31000,15429,7283,287,-3743,-7733,-9355,-8840,-8939,-9155,-9187,-9188,-9227,-9356,-9340,-9251,-9337,-9327,-9475,-9406,-9354,-9387
9453,9575,9647,9707,9662,9520,9921,10905,11216,10315,12823,19425,-27004,-26311,-27617,-32748,4000,-238,-7366,-9455,-10026,-9141,-8917,-8686,-8676,-8639,-8283,-8062,-8443,-8465,-8080,-7088,-6093,-5061,-3969,-2955,-938,150,2227,3988
5260,8807,7969,9527,10007,11616,11797,11617,11253,10664,9898,9985,10155,9791,9487,9435,9527,9611,9489,9555,9537,9573,9549,9611,9690,9625,9877,9957,10060,11046,10275,10399,14337,20169,31373,-31291,-32506,-31609,9030,-4091
11178,10653,9952,9980,9739,9538,9433,9554,9532,9566,9520,9671,10423,11148,10298,10248,12344,14446,19608,30052,32547,26299,26489,7281,-5157,-9102,-7782,-8797,-9220,-9131,-8880,-8974,-8979,-9033,-8808,-8092,-8178,-8476,-8914,-8554
9469,9722,10193,10754,11395,12966,17944,29158,-29862,-30706,28586,18247,-1845,-8427,-9406,-8725,-9253,-9236,-9065,-8997,-9469,-9811,-9794,-9611,-9358,-9404,-9267,-9627,-9229,-9166,-8261,-7935,-7284,-6673,-5798,-5036,-4149,-3503,-1707,-530
1697,4401,4970,7740,9075,10933,10364,11025,13642,15142,12230,10256,10042,9884,9775,9436,9251,9309,9297,9354,9326,9427,9404,9351,9459,9558,9399,9354,9500,9508,9418,9762,11178,11414,11232,14578,21860,30561,31874,28291
14725,14915,12364,10662,10046,10001,9888,10097,10144,9637,8756,9739,9715,9973,9884,10534,11951,15715,20557,25550,26320,29458,-32693,6441,-6501,-9922,-8434,-9364,-9388,-8720,-8295,-8734,-9030,-9265,-9088,-9062,-9097,-8959,-8924,-8571
9618,9586,9562,9613,9526,9564,9597,9798,11249,10702,9733,9463,14802,22571,31154,32057,27279,19758,9287,-1291,-7626,-10485,-9902,-9588,-9619,-9615,-9563,-9466,-9597,-9728,-9585,-9473,-9478,-9319,-9437,-9452,-9142,-8785,-8489,-7678
14549,22942,32626,31646,26843,26245,7794,-6683,-11083,-9153,-9281,-9485,-8913,-8716,-9107,-9431,-9291,-9139,-8999,-8939,-8651,-7952,-7957,-7249,-7284,-6348,-4537,-2349,-804,1331,3323,3210,3875,4194,4766,6387,6924,7255,8361,7710
9491,9533,9482,9469,9530,9506,9521,9690,9987,10881,11476,11360,10743,16858,24825,-31085,32762,26674,23913,9161,-2322,-8793,-10204,-10564,-9633,-9167,-9074,-9312,-9732,-9787,-9490,-9126,-8877,-8234,-8683,-9321,-9514,-9027,-8441,-7751
9269,9190,9139,9187,9236,9221,9363,10231,11238,11054,10289,8252,10307,16712,28732,-26311,-30422,28658,22443,5420,-3685,-8637,-8989,-9557,-9338,-8992,-8973,-9170,-9342,-9311,-9324,-9425,-9283,-9220,-9338,-9297,-9388,-9338,-9131,-8518
9440,9435,9418,9380,9470,9513,9557,10019,11360,10599,8688,8078,15483,27309,-30782,30067,23259,19043,7071,-3772,-8813,-9258,-9758,-9756,-9418,-9337,-9484,-9580,-9472,-9315,-9291,-9406,-9518,-9124,-8809,-6915,-6533,-5837,-5099,-3454
-2788,-1756,59,871,3879,3799,6325,7240,8263,8325,9807,10570,12157,12369,11814,11364,10272,9659,9275,9312,9491,9684,9591,9472,9562,9623,9595,9885,10454,10245,9755,9591,10328,11681,11660,16502,27875,-29037,32717,-32655
10093,9750,9410,9387,9531,9680,9574,9463,9526,9579,9540,9501,9494,10013,10447,10676,9836,10556,14432,17741,25692,28315,27856,31229,15738,-1874,-8589,-8230,-9148,-9374,-9059,-8664,-8877,-8963,-9024,-8905,-8856,-8534,-8512,-8139
9399,9414,9412,9409,9429,9429,9408,9399,9431,9424,9412,9414,9418,9439,9361,9623,10344,9959,11609,13990,21794,-30810,-29355,29172,25160,13330,-1130,-7201,-9522,-9589,-9731,-9714,-9253,-9539,-9437,-9722,-9654,-9652,-9586,-9618
9512,9531,9592,9595,9490,9645,9618,9697,9721,9883,10672,9902,10490,13541,22245,31742,31028,24368,16877,11750,-1812,-7945,-10831,-10193,-9782,-9488,-9186,-9290,-9572,-9777,-9700,-9497,-9446,-9340,-9372,-9095,-8305,-9100,-8553,-8248
9437,9606,9630,9645,10125,9907,12186,14554,21375,-32410,-30240,31574,-27037,12374,-4224,-9913,-8626,-10105,-10084,-9174,-8646,-9036,-9397,-9370,-9170,-9144,-9368,-9560,-9689,-9586,-9323,-8508,-7897,-7787,-7445,-7119,-5989,-4984,-3332,-2521
-2013,-537,-466,1392,2510,3408,4789,5160,7121,7809,9299,8844,9615,10454,11651,10864,11013,10313,9800,9929,9702,9920,9572,9410,9720,9714,10749,12528,14034,17349,22692,26102,27311,26156,20787,-1136,-6285,-9095,-8769,-9929
9095,8918,9076,9291,9175,9108,9111,9150,9208,9200,9093,8932,9064,9094,9271,9238,9180,9279,9269,9216,9271,9229,9101,10347,12546,13431,17915,31860,-26311,-27118,28894,17542,2480,-2376,-7619,-10014,-10260,-9819,-9470,-9441
9481,9525,9525,9498,9461,9435,9472,9485,9473,9497,9495,9509,9595,9466,9451,9880,11040,10156,10486,12782,19153,-28844,-26311,-32323,24966,14349,-2322,-6159,-9842,-9831,-9836,-9434,-9586,-9610,-9557,-9440,-9437,-9493,-9478,-9773
9759,9645,9422,9447,9597,9611,9700,10089,11045,11043,10541,13360,22029,26361,26968,23373,18865,14822,729,-4527,-7855,-9890,-10806,-10419,-9862,-9588,-9583,-9665,-9718,-9691,-9342,-9230,-9583,-9673,-9825,-9733,-9530,-9022,-8529,-8167
9431,9392,9430,9417,9427,9427,9419,9417,9424,9433,9416,9396,9422,9454,9448,9460,9404,9872,11316,11760,12940,19371,29756,-31436,-32655,26732,17956,-2780,-6738,-9958,-9376,-9525,-9178,-9193,-8965,-9066,-9427,-9603,-9770,-9700
9508,9542,9494,9475,9518,9512,9519,9482,9493,9530,9515,9435,9477,9519,9415,10072,11785,13028,17743,29898,-27265,-31228,26015,21586,2829,-4702,-9866,-9004,-8684,-8775,-8914,-8864,-8899,-9151,-9100,-9060,-9006,-8852,-8641,-8720
9616,9668,9653,9633,9433,9520,9581,10047,10611,10838,10784,16382,27595,-30646,-32562,29570,26744,276,-5950,-8293,-7999,-9773,-9651,-9029,-8693,-9020,-9224,-9263,-9348,-9378,-9396,-9364,-9290,-9333,-9127,-9287,-9234,-9476,-9087,-9647
9600,9623,9622,9603,9591,9552,9542,9586,9609,9550,9742,10263,10939,11476,14428,25110,31138,28822,25457,21610,12097,-2910,-7674,-9085,-9605,-9841,-9639,-9531,-9534,-9537,-9569,-9539,-9605,-9495,-9422,-9372,-9209,-9308,-9400,-9507
9513,9533,9518,9507,9521,9555,9568,9467,11513,10784,10706,11137,17524,24317,28334,26327,22770,20163,9059,-2335,-6160,-7902,-9461,-9701,-9333,-9103,-9085,-9261,-9380,-9192,-9133,-9088,-9101,-9277,-9247,-9630,-9439,-9570,-9459,-9266
9563,9561,9536,9525,9611,9580,9624,9603,9558,9785,10660,10952,12775,15495,25532,-31920,32642,25103,20094,7389,-3144,-8483,-9779,-10006,-9726,-9376,-9340,-9330,-9483,-9564,-9373,-9330,-9337,-9445,-9433,-9406,-9264,-8957,-8158,-6801
10156,10359,10137,10267,11826,15273,23992,31656,28446,25215,20638,4672,-4169,-9448,-9768,-9661,-9634,-9607,-9406,-9180,-9235,-9484,-9357,-9350,-8615,-8906,-9114,-8688,-7987,-7159,-6183,-4805,-2686,-1563,1316,3172,4328,8760,8456,11840
9587,9622,9575,9549,9680,9554,9589,11007,11558,14514,17911,29689,-30675,29340,24766,17334,2365,-3861,-8263,-10206,-10491,-9830,-9297,-9063,-9156,-9469,-9431,-9361,-9349,-9399,-9574,-9443,-9255,-9117,-9642,-9750,-9840,-9372,-9063,-8796
9519,9554,9797,10092,10162,10356,10218,13174,17650,22522,26125,24422,25404,25586,7696,-8329,-9257,-10172,-9925,-9285,-8821,-9206,-9485,-9558,-9320,-9263,-9175,-9245,-9354,-9275,-9093,-8730,-8614,-8394,-8149,-7364,-6071,-4161,-2064,-616
1364,4145,4548,8532,8464,10372,9306,9564,8543,9503,10481,11238,11304,12053,10763,9916,9253,9097,9453,9551,9418,9305,9504,9457,9558,9454,9463,10046,10382,10028,9233,9678,9539,9776,10171,11953,15412,25643,-32256,30429
9181,9190,9209,9215,9170,9228,9218,9205,9194,9199,9185,9293,9460,9655,10180,10158,9655,9481,10787,12336,15185,17998,21100,19831,15500,11919,11385,5385,-2020,-6449,-9527,-10184,-9797,-9410,-9247,-9351,-9512,-9621,-9803,-9592
9521,9540,9582,9546,9508,9481,9526,9792,9721,9734,10290,9946,10694,13098,16593,22740,29512,30171,25623,20438,10174,-2286,-4681,-7274,-9249,-10383,-10208,-9564,-9356,-9446,-9591,-9496,-9487,-9458,-9447,-9527,-9512,-9696,-9651,-9657
9783,9659,9408,9160,9185,9266,9379,9307,9336,9381,9439,10016,11359,12587,14963,17193,20598,23664,21531,18704,13079,4450,-3268,-5883,-8312,-9709,-10453,-9935,-9442,-9227,-9277,-9552,-9660,-9733,-9442,-9478,-9418,-9498,-9489,-9726
9461,9452,9440,9443,9451,9451,9496,9594,9981,10220,10455,10046,9834,9712,11307,14759,19121,24639,27212,23863,17310,9641,2341,-5627,-7305,-8538,-9404,-9640,-9676,-9756,-9727,-9763,-9641,-9627,-9628,-9673,-9587,-9536,-9441,-9544
9528,9549,9569,9540,9483,9375,9734,10735,10842,10186,9891,10966,13290,15261,19353,23471,22155,21128,18637,7223,-4321,-7836,-9800,-10280,-10384,-9824,-9545,-9530,-9657,-9722,-9750,-9738,-9739,-9673,-9579,-9582,-9601,-9721,-9702,-9718
9913,9792,9271,9326,9414,9628,9792,9747,9624,9532,9539,9412,9205,9710,10072,10648,17504,21381,10081,1850,-621,270,3439,5899,8754,12976,13816,21935,7945,1022,-1705,-1577,-2352,-1977,-1289,-20,644,1748,2638,4028
9221,9176,9904,16891,22908,8073,-1103,331,4200,5645,8165,12908,18752,-26311,14396,2658,-814,-1838,-1750,-1192,494,4137,8203,11651,9661,5755,3335,18308,23913,18103,11954,8444,8288,9616,10043,9477,9123,9168,8972,9603
9485,9619,9690,9627,9595,9582,9570,9548,9581,9607,9472,9587,9625,9594,9531,9660,9332,10389,15886,10128,4865,7933,11311,7278,7094,15345,30320,14013,5139,201,202,211,3655,8839,12653,10250,9817,6477,4046,14307
9649,9731,9837,9645,9108,9585,9785,10032,9733,9569,9520,9725,9442,9573,9544,9463,10425,13761,16176,15789,4695,3055,6825,8048,9949,22419,-26311,19637,3958,307,2671,6087,10848,13286,10251,6556,18972,19007,16379,10724
9513,9396,9569,9708,9807,9728,9591,9524,9684,9788,9692,9618,9594,9643,9706,9817,9929,9574,9449,9566,9658,9715,9713,9629,9749,9528,9578,9485,9161,8573,11376,21304,16427,2885,1869,3412,1934,8186,20190,-26311
9398,9403,9680,9601,9672,9599,9576,9592,9701,9591,9689,9610,9564,9344,9103,10032,13430,13166,8242,7426,11572,8323,9170,14237,23635,16607,6812,1277,1544,6051,10828,12146,8286,7388,15648,16747,15455,14482,11286,9835
9702,9682,9469,9548,9455,9540,9561,9724,9813,9755,9715,9988,9430,9518,9441,9362,10947,17117,11257,7140,7624,3807,4784,12326,27265,18540,5328,913,1848,7038,12336,12073,6240,11311,15033,15749,14650,10970,8366,9266
10728,10345,10007,9967,9776,9612,9843,9567,9297,9493,9617,9519,9588,9615,9558,9606,9691,9725,9612,9585,9862,11817,16499,15344,7736,3811,-3391,2576,7392,25437,-26311,16026,1726,-899,378,3724,7635,9156,9173,6013
9534,9613,9548,9489,9282,9683,18058,18788,5295,985,811,1301,5346,12716,19559,-28607,9533,2255,146,2273,6105,9538,10860,8984,12710,16136,16399,17560,12184,9415,8434,8391,9988,10225,9379,9236,9223,9520,9498,9652
9465,9418,9452,9481,9441,9349,9493,9496,9433,9700,18544,23658,1991,-1835,475,3286,7727,12032,25784,-26589,8996,944,2452,7811,11353,9272,5005,12319,22287,23032,13869,10244,9570,8859,8826,9032,9519,9712,9670,9794
25093,6124,-3689,295,5718,5383,13345,23464,25033,8082,2019,1346,4297,11177,12884,8100,4601,12253,20715,20933,14055,9507,8464,9024,9612,9715,9785,9726,9291,9436,9595,9889,9694,9556,9583,9764,9761,9677,9525,9416
2583,6769,8243,14469,31256,-28489,11444,4580,10210,14008,4616,7230,27631,23797,18605,11584,9143,8694,9111,9485,9733,9625,9607,9507,9521,9399,9476,9613,9578,9516,9463,9452,9616,9585,9411,9454,9530,9526,9464,9518
9587,9510,9534,9508,9493,9526,9504,9503,9503,9525,9494,9792,10673,10251,7934,8317,9907,12270,27858,24922,-6491,-6442,3168,4981,10055,22831,-28592,16202,3647,2624,9296,12723,8165,4989,20764,28057,17043,9801,8226,9063
9538,9604,9621,9463,9771,9891,9677,9583,9546,9567,9670,9647,9578,9465,9508,9575,9659,9739,9756,9894,10046,10532,10137,9182,8717,8904,9245,9088,8608,12814,22481,20708,1447,-1903,-245,4094,3190,8523,19175,21145
9805,9846,9382,9385,9283,9330,9562,9597,9691,9752,9660,9434,9441,9394,9429,9598,9753,9718,9275,9173,9277,9680,9567,8985,9160,19256,25968,4394,-2201,-1132,1063,3780,9460,10638,15595,25914,9581,4033,3096,8561
4651,10328,9580,12897,20118,19960,17342,6198,3661,4606,7922,10012,10156,10742,16831,18345,16782,12113,9127,8769,8692,9834,10358,9737,9496,9508,9630,9615,9512,9466,9507,9522,9447,9516,9510,9465,9497,9597,9551,9500
9512,9585,9544,9433,9459,9569,9564,9503,9491,9501,9264,9249,9373,8920,11823,18371,17606,2421,1911,4770,4909,4765,11292,18648,-26311,14779,4465,1667,3926,7465,10062,9323,10002,16182,18167,16707,14809,11511,10170,9485
9618,9680,9653,9568,9576,9674,9661,9568,9647,9701,9607,9628,9642,9671,9586,9564,9646,9624,9635,9678,9637,9834,9651,9356,8801,9561,9551,10187,18444,17642,6317,2193,5831,3531,11117,17776,26393,15004,5446,1541
3707,7364,9325,9192,11107,17864,19689,15844,15370,10990,9227,8323,9586,10099,9676,9390,9550,9443,9597,9564,9387,9484,9745,9973,9891,9119,8975,9321,9550,9610,9696,9525,9524,9625,9597,9479,9519,9554,9588,9576
10295,9129,8605,8571,9386,9763,9412,12342,21747,12552,1729,3450,4327,8021,15782,21341,-28795,13231,3004,2424,7315,9591,9836,14227,19017,17329,18379,13140,9834,9026,8889,9971,9890,9566,9615,9611,9539,9665,9613,9504
2290,8412,18625,-26311,22629,2919,937,5916,7472,8682,8851,13037,13482,15728,15221,13451,10153,9232,8561,9441,9776,9272,9828,9862,10166,9594,9494,9297,9465,9381,9382,9587,9578,9494,9592,9502,9484,9552,9441,9481
9406,9594,9496,9465,9440,9461,9682,9433,9339,9321,9253,9569,9307,8870,12158,20092,12107,1285,4278,4317,5301,11950,17434,20475,-26311,19258,1886,-22,853,4186,6710,8354,8835,8816,14244,15853,12361,11311,12789,9968
10286,9703,9519,9661,9478,9531,9283,9649,10014,10058,9730,9404,9568,9595,9500,9609,9437,9094,8942,12744,21826,10299,3318,4345,5538,4832,8609,14170,20193,14816,14991,1932,3649,4590,7467,8834,10797,9536,10415,16546
9606,9580,9570,9600,9600,9546,9597,9537,9537,9457,9376,9440,9721,9874,9551,9355,9047,9046,19018,19182,5476,1045,2437,2468,7297,16057,25705,6211,6210,2353,4959,6854,7924,9343,12188,9842,10511,13341,15617,15150
9731,9671,9598,9696,9641,9722,9605,9598,9527,9623,9726,9970,9745,9303,12586,21146,18561,2404,-2859,-1709,3695,5370,15988,19481,2178,6210,1140,1837,4917,6179,7886,10374,10119,12883,13976,14360,14714,12220,10692,9849
8978,10008,10540,9653,9475,9050,10538,9625,9408,9349,9575,9955,9255,9112,11678,23050,22574,-4139,-1418,5094,10872,18824,-32634,-26311,11458,1256,4940,8232,9081,9045,10420,11932,19786,18058,13924,10125,9132,8846,8419,9344
16359,21630,11391,191,2941,4729,17246,31559,23330,1964,322,2050,4103,7429,9211,6901,11077,20398,19967,17488,14037,9981,9537,8890,8963,9296,9301,9451,9087,8993,8999,9120,9178,9229,9252,9124,9238,9182,9198,9147
9478,9283,9441,9755,9618,9402,9406,9589,9494,9410,9356,9378,9235,9135,12291,22946,9312,1120,2674,2929,4205,7040,12425,-26311,17217,-1285,-483,-1389,-1738,-800,1789,4315,6921,7538,9533,15029,17593,16278,13445,11842
9161,8937,9366,9689,9636,9561,9815,9653,9640,9922,9931,9473,9653,9454,9592,9399,9186,9160,9379,13237,27558,14508,-3037,1086,5908,6792,7433,9090,14694,-26311,16612,2054,3110,1246,1204,909,979,902,536,748
9633,9627,9672,9440,9491,9597,9604,9533,9601,9567,9502,9611,9589,9580,9482,9101,15483,23520,5050,1921,4727,6098,6579,17645,26567,15003,3078,3482,1474,3914,7551,8738,8845,8535,14395,17547,17842,16654,11291,10182
9544,9530,9544,9397,9187,9481,9264,9382,9449,9587,9756,9783,9074,8860,9479,9838,9657,9423,9485,9595,9465,9546,9470,9264,8712,13946,25430,12962,-1302,-2646,2440,15665,27653,27984,1455,2292,2110,4292,7068,8913
9667,9573,9606,9482,9458,9579,9599,9701,9679,9685,9674,9594,9660,9534,9475,9539,9542,9736,9554,9653,9504,9331,8921,16820,22258,7560,226,2021,4739,10741,27500,-26311,15113,2652,4337,4885,8127,9868,8204,4748
9824,9662,9579,9532,9645,9662,9686,9583,9597,9609,9579,9676,8858,10421,19822,27074,4680,-3658,-3257,1567,5091,17946,22750,3349,1887,2068,2626,7759,11130,12563,7034,5026,5240,11392,17817,15303,10415,8481,9787,10001
10013,10031,9737,9900,9172,8973,9872,9913,9718,9545,9436,9507,9418,9824,9861,9651,10688,17158,17189,7411,5085,6403,6507,4359,6724,17213,-26311,12528,4655,2813,5433,6503,8347,8110,7378,17879,18617,18355,16050,10341
8194,8487,10212,9847,9386,9260,9595,9662,9521,9406,9449,9566,9852,10059,9062,9233,14748,22671,7501,3663,3806,6199,4857,7096,16711,-26311,19591,2479,2387,5761,8030,9981,8303,6321,18644,22323,17515,12003,9582,9299
9554,9556,9582,9524,9586,9526,9595,9579,9575,9522,9530,9501,9552,9585,9471,9308,9449,9635,9871,9418,8987,9260,16330,23432,10166,-238,839,1759,6690,13813,23096,16950,4067,1793,2145,1974,5130,8015,10454,8158
9673,9713,9671,9703,9751,9616,9631,9659,9648,9739,9798,9531,9124,9578,9453,9192,9514,9709,11486,22080,20683,179,-2209,2335,6666,14823,-26311,20377,1824,2109,2108,4469,7207,8932,9716,11438,15592,12932,15005,17439
9610,9473,9512,9459,9473,9470,9434,9495,9435,9319,9411,8842,8024,16632,23518,11097,725,3961,11693,20780,16175,5230,1310,2381,2752,6121,8552,8128,9800,17566,16803,14627,15705,12635,10216,9015,8735,9640,9543,9667
9543,9552,9514,9516,9531,9604,9815,9789,9326,9017,9162,9639,9399,9700,9473,9580,8969,9319,10286,19893,23520,2359,112,1954,3677,9958,15437,31417,15005,2387,2272,3282,4942,6973,8513,8395,10939,15102,15871,13982
31749,108,-4089,-1875,2092,3372,12065,-26311,26941,4266,3503,4018,5533,7344,9489,8171,8275,15648,17009,15114,11915,9366,9204,9350,10169,9945,9382,9428,9862,9746,9659,9824,9718,9586,9556,9475,9573,9794,9761,9600
9497,9593,9759,9858,9611,9522,9677,9609,9436,9607,9728,9793,9637,9465,9205,9515,9721,9757,9459,9277,10004,9739,8979,12868,25708,11183,439,652,2778,3867,9127,19689,-26311,15743,4276,4656,7474,8819,10581,7869
9477,12059,13249,9637,6282,6282,5876,10417,13581,13169,13095,10849,10043,9254,9403,9555,9797,9592,9360,9266,9745,9876,9769,9812,9607,8285,7547,11953,24481,22780,-3471,-2296,2370,7432,10273,12641,16657,14050,7674,1669
9562,9612,9574,9701,9645,9674,9409,9447,9495,9531,9403,9475,9362,9141,10199,17332,19958,7715,2280,5981,5987,9099,9397,14152,-26311,16657,608,1650,1786,2600,4627,7061,8122,8828,9745,13384,13505,13741,11654,10217
9397,9398,9549,9621,9583,9621,9489,9534,9451,9470,9400,9500,9521,9210,9215,9666,9509,14454,21241,11104,1188,2194,5209,7491,10481,23791,26277,3008,3173,284,1447,2993,6318,7643,9992,7880,12612,13218,15664,13396
9671,9594,9550,9588,9598,9551,9524,9482,9487,9507,9382,9191,8913,10062,17143,21495,9601,301,1126,3527,6476,11990,20930,21747,1382,2440,812,2224,4268,5997,8076,8307,12474,12916,13438,13713,12793,11589,10524,9968
9603,9624,9439,9350,9716,9342,9498,9616,9798,9619,9519,9471,9524,9375,9481,9282,8999,10091,19777,13212,5913,6477,6465,5943,8206,19011,22245,4404,2965,932,1447,3289,4560,7181,9548,9334,4232,3679,25625,23728
9447,9706,9742,9952,9830,9690,9598,9419,9318,9478,9360,9797,17195,17347,4727,5179,6630,8207,16425,32714,15744,4244,3454,5091,6724,7059,4535,4587,24999,25743,18180,11043,8372,8718,9543,10554,10359,9562,9083,8900
9524,9625,9540,9435,9540,9314,9598,9566,9624,9370,9528,9375,12424,18426,11969,3446,7128,9576,10034,16423,-26311,18561,2892,2692,960,3354,5834,6860,7807,7229,19574,23493,17017,11470,9406,9382,10176,9904,9573,9222
9618,9655,9531,9701,9539,9599,9483,9555,9612,9385,8730,16036,19959,9937,3906,3796,3507,7331,16008,-26311,13010,2331,2136,2929,5991,8748,9011,13244,17357,15629,14505,13541,12320,11212,10168,9710,9827,9795,9525,9508
9759,9706,9661,9728,9624,9664,9645,9637,9613,9616,9561,9643,9522,9838,16601,18330,6770,2197,5117,8088,9745,10994,12606,17873,21187,-31287,12976,1555,1072,-602,-1060,-1661,-1887,-1735,-1692,-1565,-1520,-1204,-1189,-1078
-3022,-3015,-3207,-3287,-3448,-3703,-3983,-4036,-4125,-4016,-4072,-4043,-4107,-4098,-4223,-4167,-4112,-4247,-4253,-4637,-3088,-2512,2219,7151,13500,17792,24746,-29537,19664,7319,2973,2147,1489,908,520,-39,-531,-529,-329,-488
603,2041,7347,17041,29536,-26311,26710,8386,3819,2409,1215,910,575,401,235,159,-23,51,187,-741,-1555,-1555,-1867,-1297,-1095,-975,-957,-1218,-1529,-1151,-823,-853,-1290,-1473,-1268,-754,-451,-293,268,900
-6667,-7422,-7577,-7358,-6569,-5614,-4807,-3861,-3263,-2358,-1491,-786,-757,-1199,-1452,-1428,-1272,-1575,-1309,-1717,-718,-645,1531,6908,12042,15594,22578,30244,18298,7681,3830,2981,2027,1192,597,362,369,435,887,1136
-3537,-3733,-3906,-4052,-4091,-4010,-4009,-4065,-4113,-4307,-4337,-4724,-3630,-2424,1217,12764,23315,32345,-31248,13554,2883,280,235,-314,-412,-402,-401,-950,-1162,-1403,-1368,-1491,-1596,-1583,-1673,-1476,-1380,-1703,-2082,-2348
-6167,-5377,-4831,-4444,-3977,-3991,-3866,-4277,-4558,-4865,-4734,-4508,-4223,-4070,-4207,-4113,-4001,-3883,-2552,-439,3794,10837,16116,21337,23384,9982,3055,-1669,-1788,-695,-398,-283,-723,-1049,-908,-1192,-1318,-1429,-1598,-1970
12164,11349,9259,6643,4039,2218,308,-1212,-2691,-4035,-5183,-6047,-6894,-6927,-6725,-5870,-5216,-4449,-4054,-3872,-4280,-4748,-4912,-4679,-4229,-3949,-3866,-3970,-3784,-3101,-2535,-610,3991,10906,22451,-28118,-26475,14415,5631,3521
-4752,-4491,-4207,-3478,-2841,-2895,-2573,-2711,-1775,-661,-217,227,2644,8989,18412,-29451,-26311,21508,7846,2905,1957,1775,574,-344,-808,-1262,-1022,-1392,-1720,-2377,-2267,-2622,-2540,-2683,-2335,-2681,-2809,-2856,-2837,-2758
6236,3983,1528,-368,-1657,-2701,-3444,-3924,-3873,-3727,-2790,-2958,-2630,-2437,-2038,-1290,-1370,-1450,-1528,-313,454,1458,6327,17156,24327,-31908,-26311,24200,11432,5601,4210,2486,1678,577,223,-129,-645,-829,-956,-997
9481,9497,9494,9521,9442,9495,9521,9516,9651,9870,10271,10949,11263,12753,13940,14692,14890,14488,13306,11465,8965,6637,4138,1786,-372,-2315,-3326,-3977,-3500,-3254,-2434,-968,-180,-1132,-3550,-4759,-2549,-951,975,5841
11741,19760,25639,32164,14642,3582,781,175,326,-314,-708,-1101,-1346,-1482,-2122,-2088,-2622,-1556,-772,-978,-775,185,317,616,691,1313,1666,1349,1891,1807,2515,2267,3202,3775,6008,7528,8724,10301,11194,11611
9494,9400,9329,9422,9589,9701,9593,9657,9720,9785,9708,9502,9378,9094,8407,9805,13202,19541,24788,28167,28238,26404,23045,20280,16480,11920,8002,5345,2981,798,-2683,-5582,-3473,-418,7819,15868,22476,-31856,-30491,13400
-2695,-2370,-2364,-1703,-1473,-2574,-3369,-3420,-1994,-468,1331,4765,10799,17579,25213,-31298,26355,8470,2069,1283,459,386,393,-68,-414,-290,-469,-642,-154,197,1393,1054,1970,3131,3864,5662,6461,6849,6540,6204
-3877,-3875,-3447,-3970,-3758,-4132,-3788,-4013,-3934,-3898,-3982,-3520,-3147,-2675,-1650,-131,2773,9053,21132,-27722,-26311,-28207,13511,6171,2913,2879,1400,790,578,424,324,359,-117,-39,2074,1707,2965,2179,2476,3904
314,839,135,-1210,-2407,-706,1462,5391,9713,14553,23750,30420,31804,15646,5934,2815,1883,2278,754,412,231,4,-228,-196,-357,-508,-326,-592,-450,-417,-379,-362,-756,-524,-565,-398,288,-44,-118,592
-1010,-1021,-1977,-2776,-4817,-4326,-1527,696,2618,6957,9865,16118,25038,31049,24819,7281,2098,620,1034,920,150,-89,-636,-919,-1101,-1191,-958,-1017,-825,-955,-778,-1119,-2035,-1859,-1136,62,-129,-1167,-1699,-1984
114,1223,2759,4232,7724,13026,20689,-32440,-26554,17445,8394,4410,3123,2646,2105,1543,1368,907,699,618,566,307,323,164,184,87,113,-58,136,-161,226,-234,46,599,720,-661,-2139,-2258,-2431,-2324
3600,8953,13309,17383,26618,29199,13977,4850,502,-56,-159,-160,-527,-624,-421,-557,-478,-470,-493,-477,-616,-409,-541,-1297,-1266,-302,-536,-408,-520,825,-798,-1094,-1547,-1154,-1701,-1653,-903,478,2705,6239
9490,9498,9522,9495,9531,9536,9482,9534,9521,9507,9479,9537,9938,11178,11756,12990,14559,16364,17203,17541,15971,13423,10268,7730,4975,3822,2677,1985,2103,2145,2094,1279,-1550,-3302,-3596,-268,2890,11128,18270,22619
29575,29443,16299,10621,6481,4502,2620,1327,746,878,848,800,527,481,509,626,682,2682,2460,2827,1752,998,4213,6386,9888,11390,12508,13624,12935,12716,12727,11373,10218,9063,8971,9509,9551,9770,9701,9515
9430,9369,9501,9521,9582,9582,9514,9509,9522,9538,9488,9503,9546,9615,9844,9761,9629,9746,10633,13393,15798,16977,16480,16650,17039,15585,14876,12940,12521,10430,7256,3648,725,-495,-1496,-1572,-2094,-2219,-1742,-1798
1671,8583,16525,24398,-29657,31548,7607,3791,869,-296,-280,-342,-656,-575,-745,-827,-1074,-913,-1203,-1083,-1405,-1238,-65,1692,1989,1701,1699,1860,2772,2780,3430,3408,3642,4218,6009,7668,9398,10356,11192,11646
9525,9518,9504,9526,9533,9497,9521,9546,9521,9500,9493,9543,9526,9528,9890,10609,11901,12904,17015,21971,23726,24867,25157,24091,21215,17372,12008,6366,2893,343,-3260,-4696,-3337,857,7182,13163,21066,28859,16778,5765
-4509,-5607,-6282,-6689,-6803,-6349,-5585,-5167,-4094,-3197,-2473,-2574,-2032,-2610,-3301,-3102,-2759,-2815,-2379,-2353,-2723,-4276,-5385,-5288,-4660,-3915,-3551,-3598,-2992,-3349,-111,8425,15423,29987,-26311,30832,13594,7146,3980,3551
12972,12672,12270,10484,8429,6991,4334,2121,10,-2275,-3555,-4086,-4179,-3070,-3628,-2932,-3256,-4525,-6186,-5136,-3028,-984,3849,11692,25225,-26311,-26311,22895,9867,6184,4758,3074,1966,1501,1173,987,973,-411,-1086,-1793
-3351,-2503,-2280,-1768,-1837,-1261,851,4097,10211,15320,20436,31326,-26408,22956,10851,5886,4805,4089,2050,2102,1399,1182,913,908,1035,201,-725,-907,-1362,-1042,-1327,-1007,-1149,-1085,-1171,-1289,-1309,-1347,-1292,-1312
-191,-76,-317,-861,-651,694,1422,3854,8134,15357,29223,-26311,32442,15304,9302,6989,5392,3391,3020,2313,1345,926,366,399,174,122,-241,-159,-577,-575,-417,-519,-520,-514,-450,-456,-520,-553,-525,-497
4062,13198,21914,-31575,-26311,-26863,18681,10448,6797,5947,4237,3423,3104,2639,2311,2060,2117,1519,872,879,870,584,205,-289,-1270,-2426,-2788,-2529,-2116,-1668,-1468,-1394,-1249,-1164,-1180,-1151,-1115,-1138,-1210,-1248
-8585,-8570,-8778,-8645,-8815,-8741,-8773,-8045,-7457,-6390,-4344,-2741,-349,3071,1315,700,3102,4155,8717,17442,27107,-26311,-26311,20135,11671,7229,5967,4122,3134,2949,2908,2504,2093,2018,2002,1940,1760,1665,1649,1765
729,1122,855,477,404,338,719,1012,2381,1897,2626,3659,5977,10102,19978,-26311,-26311,-26311,25289,16746,13546,9975,6291,4526,4082,2914,1968,2007,2085,1684,1434,584,679,756,629,699,571,499,605,609
-1301,-1787,-2325,-2126,-1053,310,513,-456,-179,-308,1464,1437,3161,7249,16967,-26620,-26311,28310,14666,10504,7846,6666,4869,3185,3015,2682,2043,2074,1374,1499,1341,1387,1376,1179,889,1070,809,800,577,629
-4216,-3247,-3161,-2529,-2796,-2895,-3282,-3151,-2938,-2415,-1917,-602,3784,2045,3244,4859,10286,21630,31518,-26311,24253,12565,8079,6393,6311,4724,3372,2980,2480,2215,2189,2284,2171,2080,2195,2237,2136,2165,2142,2099
-4744,-4698,-4645,-4693,-4660,-4786,-4957,-4808,-4746,-4572,-4042,-3080,31,5872,16936,27935,-27976,-26955,18428,10128,6816,5924,4143,3333,2546,2570,1684,1577,1022,610,220,-3,-295,-450,-572,-690,-860,-896,-1080,-1353
-8115,-8015,-7674,-6417,-6119,-6166,-5798,-5425,-5015,-4529,-3969,-3691,-3466,-2955,-3128,-3525,-3454,-3058,-2591,-2239,-1873,-1012,209,2372,3270,7147,15892,25051,-26311,-26311,18103,10861,6998,5953,4074,3670,2754,2780,2376,2197
-5938,-6532,-7144,-7823,-8118,-8637,-8899,-9099,-9010,-8834,-8688,-8342,-7091,-6119,-5647,-3204,-2069,-1058,-566,-688,-360,1376,1101,2387,986,2400,3773,7439,14725,24848,-26311,-26311,-29159,17555,12240,7448,6774,4608,3470,3333
-175,-101,-34,110,193,266,453,544,1339,1571,1080,-148,-1383,-2547,-4004,-5146,-6038,-6411,-7074,-7501,-7493,-7375,-6706,-6998,-5415,-5756,-4874,-2515,-853,-906,-1728,47,991,4867,7080,12993,24608,-26311,-26311,-26311
10431,24448,-26311,-26311,-26311,26844,17792,11741,9783,7117,5252,4732,4985,3602,1886,1940,1264,748,189,-11,308,227,474,527,514,551,495,505,392,335,405,548,587,553,541,521,507,435,470,460
-7186,-7600,-8073,-8079,-7970,-7337,-7742,-6979,-6496,-4928,-3769,-2139,259,1660,1198,2743,3673,5655,13139,27868,-26311,-26311,25594,15003,8699,6566,6285,4824,4170,4162,3888,3568,3150,2856,2594,2474,2535,2458,2352,2328
-1473,-1647,-1561,-1778,-1814,-2358,-2676,-3168,-3711,-4150,-4655,-5023,-5780,-6145,-6363,-6417,-6513,-6083,-5602,-4622,-3930,-2246,-691,1778,3859,3846,1486,3787,3566,10314,20155,-26311,-26311,-26311,21442,14439,8965,7548,6013,5657
781,871,834,888,805,834,786,887,975,1092,1106,1219,1291,1491,1175,841,202,-153,-937,-764,-843,-560,-919,-1007,-1198,-586,2529,6196,4764,9524,9682,4551,8207,13332,29294,-26311,-26311,30729,14471,11039
-460,-462,-544,-610,-434,-235,2,-105,-533,-416,45,-319,-1323,-2019,-2645,-2620,-2706,-3092,-3493,-3451,-3535,-3955,-4964,-6127,-7265,-7619,-7465,-6762,-5359,-4307,-3596,-2288,94,4559,2900,5178,4326,10109,20239,-26667
-26311,-28090,18003,10581,9008,7745,5457,4754,2596,1277,573,156,-3,-112,165,75,155,93,183,349,274,367,307,335,459,428,596,544,793,1009,992,1209,1362,1766,1613,1193,283,-367,-265,-313
-398,-399,-1448,-2922,-3860,-3882,-4811,-5521,-5819,-5861,-5133,-4557,-4309,-4199,-4343,-4004,-4083,-4033,-3135,-3640,-3629,-3234,-2873,-2117,-1640,3211,9662,22069,-26311,-26311,26275,13114,9271,9683,8291,6351,5446,4918,4993,4206
1570,1668,1820,1572,1265,878,517,502,55,-130,-562,-1051,-1814,-2912,-4220,-5212,-6155,-7509,-6979,-6194,-6169,-5888,-5580,-2414,-5021,-1492,95,878,3168,8116,20106,-26311,-26311,32611,16784,10642,10564,8324,5895,4904
-4358,-4313,-4259,-4271,-4059,-4108,-4183,-4152,-3908,-3897,-4088,-4270,-4176,-3651,-3169,-2622,-4912,-2146,-4361,-3070,-1577,3440,14469,30639,-26311,30736,16938,12368,8511,7739,5855,4666,4344,4410,4429,3634,3069,2037,1726,1405
-7369,-7461,-6883,-6890,-6142,-5857,-5589,-4742,-4267,-3890,-3568,-3433,-3357,-3441,-3556,-3509,-3263,-3096,-3089,-3223,-3221,-3406,-3660,-3864,-4047,-4151,-3485,-3339,-3596,-3573,-4029,-2861,-1513,1776,4495,9588,26135,-26311,-26311,23315
2288,2518,2832,2780,2723,2105,1264,644,521,1,-796,-1350,-2067,-2498,-2193,-1183,-1696,-3531,-812,-2457,-2482,-1173,9806,28886,-26311,-26311,23845,12545,7923,7273,5598,3711,3142,2657,2245,1881,1787,1713,1493,1672
-6454,-5239,-4378,-4356,-4623,-4898,-4832,-4823,-5139,-4983,-3991,-4214,-3354,-3422,-4007,-1218,3864,7929,19420,-26311,-26311,22604,12755,6987,7234,5650,4570,2984,2614,1845,1686,1950,1975,1903,1906,1856,1932,1984,2001,1928
-4880,-4374,-4035,-3981,-4511,-4554,-4790,-4927,-4936,-4849,-4890,-4910,-5436,-5042,-3307,372,1794,2525,6854,15533,30892,-26311,-31340,16552,10667,8084,7551,5819,4724,4638,4531,2001,1182,560,508,456,1349,1636,1394,1332
-3973,-3646,-3045,-2559,-2851,-2999,-3369,-4078,-4199,-3124,-2189,1021,3167,2359,4902,9803,22730,-26311,-26311,20560,11379,6519,6938,5746,4438,3991,3937,3652,3264,3378,3229,3283,3332,3292,3306,3274,3302,3066,2987,3015
-7600,-7260,-6877,-6287,-5388,-4807,-4799,-4830,-5195,-5293,-5014,-4203,-2981,-2395,-444,2743,2390,3636,17293,-31140,-26311,29045,15606,10359,7165,6406,5165,3894,3740,3616,3347,2700,2042,1974,1150,1040,718,551,509,227
9677,9677,9793,9707,9757,9690,9643,9746,9744,9680,9604,9576,9721,9769,12971,11033,11817,7782,5216,20683,26733,16852,12688,17887,7855,5803,-28697,-26311,21189,7746,12014,8665,9212,9791,10342,9934,9877,9111,9121,9570
9673,9652,9641,9640,9657,9595,9647,9720,9756,9655,9923,9977,10279,11251,15640,1562,16803,31676,18782,10522,25189,-28250,8197,7624,12265,9633,8933,9599,10599,11067,11113,10755,9853,9549,9412,9471,9627,9880,9868,9454
9606,9530,9575,9682,9630,9677,9708,9628,9576,9655,9767,9607,9570,9643,9631,9793,10433,13552,14658,4416,20774,-29112,32008,11769,29295,28258,6197,8394,10739,9688,8440,7776,7111,8307,9437,11592,11010,10885,10398,9635
9562,9442,9569,9672,9678,9759,9647,9700,9646,9670,9672,9634,9619,9714,9982,10922,10897,11526,9803,9585,1388,18995,-26311,19098,16783,-30827,28905,9510,7736,9574,8250,6944,7153,9834,11751,11313,11004,10748,9931,9397
9356,9334,9633,9785,9573,9503,9519,9671,9926,11197,13010,10423,10685,10238,2428,25432,-26311,14549,14135,28031,-26311,9994,8303,10152,8414,7789,6507,7274,11447,12612,12278,11414,9995,9142,9319,9747,9600,9595,9702,9605
9676,9703,9660,9657,9625,9570,9594,9562,9601,9635,9738,10415,12169,12503,14835,9793,5688,8723,-29096,-26311,14935,-32542,-26311,8795,6511,7813,6927,7667,7001,7663,7715,7879,7583,7223,9057,8755,8921,8645,9387,9910
8969,9005,9537,9961,9145,9684,2195,30661,-26311,19450,-28343,31828,8202,6991,8050,6969,7025,5872,6557,10388,12674,11666,11397,10813,9569,9118,9398,9718,9372,9324,9545,9652,9616,9690,9581,9538,9531,9506,9485,9619
9662,9566,9634,9599,9627,9522,9618,9627,9588,9628,9667,9719,11168,12764,13526,10648,11214,-3189,-29731,-26311,20007,29000,13178,6916,7284,8513,7935,6962,6749,8255,11238,12119,10843,10535,10295,9527,9390,9516,9370,9512
9611,9568,9290,9348,9621,9555,9449,9536,9556,9609,9605,10313,11455,10633,9640,9014,9451,6027,-30584,-26311,20666,-30151,14780,7059,6839,6410,7275,13014,13624,13049,11640,9720,8917,9020,9491,9677,9574,9569,9533,9437
9362,9386,9630,9684,9064,9327,9987,9540,9212,9573,9545,9695,9642,9461,9504,9653,9537,9405,9481,9446,9506,9509,9498,9460,9582,9524,9761,9542,9671,9598,10406,12838,15069,4531,4327,-31382,-26311,22396,-28299,7773
9640,9580,9640,9629,9601,9551,9598,9651,9516,9834,10394,10761,10540,11283,2899,16612,-29792,30097,-31254,22445,7125,6949,9374,5644,6330,11166,12040,12088,11095,10064,9222,9270,9442,9688,9718,9534,9710,9592,9532,9605
9585,9599,9682,9591,9599,9671,9866,10012,10623,10722,11729,14847,1182,25287,-26311,30723,25717,5195,6227,7346,5578,6916,10903,12622,11864,11763,10236,9021,9233,9384,9447,9391,9422,9488,9580,9568,9469,9519,9454,9567
9603,9514,9572,9552,9557,9372,9421,10316,13133,12161,12622,10648,3985,27097,-26311,-26311,-32707,10837,6154,6596,8574,6509,5382,6684,10949,12162,10521,10417,9718,9089,9334,9682,9701,9704,9878,9683,9623,9783,9998,9434
9051,9342,9616,9625,9487,9552,9578,9643,10059,10527,11103,12507,9651,1449,16790,31314,-31115,-30748,16124,4732,8070,8406,6677,6290,7730,10034,11504,11628,11372,10296,9482,9421,9315,9603,10024,9639,9331,9369,9787,9879
9551,9561,9574,9375,9100,9096,9416,9459,9408,9441,9457,9329,9378,9459,9697,10455,11585,12223,3314,16444,-27533,29467,28037,-30481,6907,6227,8183,6665,4428,10723,15312,14239,13417,11206,9546,9300,10010,9890,9688,9714
8995,8872,9039,9130,8987,9023,9040,8905,8999,9124,9223,9495,8449,8227,7894,7758,7844,7787,7809,7898,7837,7935,7742,7653,7554,7730,7679,8421,8549,10332,2958,-27306,-26311,25465,11007,27087,-26311,21722,8171,8226
5084,9047,10269,11314,11611,11104,10383,9627,8744,8783,8482,8762,8741,8512,8743,8295,7630,7232,7417,7438,7252,6926,7186,6940,7174,7161,7319,7038,6944,6873,7428,3949,21382,-26311,28941,10532,19530,-26311,-32383,7668
9091,7534,5859,6093,8324,8588,9939,8768,8311,8823,8857,8633,9001,9425,9578,9242,9384,11186,10398,8938,6576,7474,6994,7267,7542,7927,7281,-26311,-29760,17799,14701,-29627,-29985,6749,8543,6350,7333,6635,6890,7581
9101,9101,9732,9422,9409,9291,9540,9844,9635,9475,8313,7708,7190,7471,7451,7412,7485,7344,7254,6987,7508,5,-31766,-26311,25409,12188,-31862,-28355,8410,9471,8307,6767,6239,10979,11275,11999,11749,10526,9688,9244
9232,9642,9619,9544,9558,9903,9755,9531,9587,9799,9688,9588,9601,10042,10805,10491,9891,9131,8136,7874,8582,9209,8458,7756,7620,7744,2946,-29832,-26311,13851,17056,-26311,-26956,8647,9498,9121,7357,5147,9959,11616
9466,9384,9570,9493,9342,9563,9658,10287,9939,9607,9428,8446,8195,7572,7418,7486,7946,7955,8178,4285,30571,-26311,26707,17435,-26311,27740,8652,8491,7967,6388,5826,11111,10599,11942,10453,9666,9771,9909,9830,9646
9504,9713,9807,9660,9622,9676,9758,9773,9543,9595,9794,9708,9985,10193,11310,10630,9222,7844,7480,7593,7481,8081,4164,-26311,-26311,10867,15364,27371,-26517,11397,9458,7673,7493,6410,6347,8773,11476,10965,10550,10614
9103,9065,8864,8765,8954,9151,9022,8955,9096,8907,8932,8864,8789,8814,9569,9877,8856,8474,8556,2874,-32151,-26311,28972,9594,24135,31194,5426,8064,7080,8497,7841,6538,5258,8493,11479,12260,12133,11325,10042,8987
9306,9136,9118,9077,9205,9001,9283,9366,9239,9197,5883,21096,-26311,-32523,9534,22748,-27981,16448,8018,10715,8875,7053,7219,7732,7370,6768,8796,7450,7671,9118,10748,11331,10941,10231,9440,9500,9607,9645,9545,9454
9034,9100,9093,9095,9038,9056,9018,8990,9066,9091,9412,9115,9047,9227,9726,10207,22301,-27019,25102,20134,29427,3275,10733,9117,8926,7341,6952,7478,8198,6888,6435,9300,11899,12702,12858,10517,9295,9033,9417,9615
9375,9453,9449,9570,9595,9599,9613,9598,9823,9880,9894,10206,9962,9758,9530,3671,-26650,-26311,22272,24128,19252,2492,7766,9630,8755,7062,6053,6354,9311,11421,11847,11334,10721,10301,9363,9348,9126,9296,9416,9396
9473,9506,9434,9595,9434,9532,9324,9216,9527,9506,9418,9417,9264,9396,9346,9628,9847,9964,9933,10126,9873,8350,5609,26594,-26311,10650,18410,-27131,28099,7098,9168,8684,5084,7042,11267,12494,11489,9890,9572,9645
9333,9355,9563,9682,9360,9251,9185,9255,9543,9651,9346,9170,9131,9188,9163,9233,9115,9297,9573,9496,8503,8329,8061,8258,8689,8558,12169,-26311,29380,7469,17123,-31930,21612,6903,9320,8294,7017,6351,6733,7248
8119,7943,8001,7903,8008,7997,8231,8153,8261,7911,7671,7243,6271,-26311,-26311,10166,15522,30816,28225,4528,7453,7775,7316,6591,5653,8079,8076,6714,5953,7155,8813,10641,11407,11769,10469,9607,9186,9018,9184,9394
9080,8921,8984,8848,8580,8339,8560,8291,8807,8446,7785,7352,6123,24824,-26311,21252,11579,25753,-29418,7117,6379,6830,7584,7582,6813,6443,5232,8634,11931,11476,12170,11322,10303,9612,9333,9700,9953,9761,9551,9530
8305,8294,8125,8298,8177,8195,8343,8313,8438,8508,8937,9306,4526,25129,-30202,18188,10053,16790,28908,22226,6581,8862,8128,7496,5554,5946,6989,8632,11160,11067,10595,10769,10609,10174,9956,9147,8779,8944,9344,9548
9508,9294,9153,9331,9282,9317,9436,9277,9295,9381,9767,10692,10290,8787,7430,7826,8491,10958,-26311,26309,15993,9143,23162,32411,5607,6766,8746,7345,4881,6969,10937,11495,11717,11465,10307,9903,9451,9479,9640,9670
10599,9199,9518,9356,9417,9050,9337,9325,9437,9415,9397,8869,9346,9373,9595,9290,9346,9390,9458,9288,9245,9425,9446,9203,9402,9227,9287,9497,10393,12415,11827,10409,7862,7499,6439,23026,-26311,30148,16664,27462
9473,9440,9461,9446,9446,9865,9752,9786,9667,9780,9974,10919,4770,23095,-30955,22450,20096,3870,1622,9488,7732,3875,8268,12606,13272,12958,8662,8614,9085,9355,9494,9394,9416,9564,9867,9849,9690,9496,9404,9580
9278,9348,9513,9324,9060,9338,9419,9244,9261,9350,9366,9269,9265,9342,9246,9258,9276,9251,9266,9290,9284,9907,9829,9408,9373,9027,8591,8959,9167,9320,9557,3815,23165,31476,22889,20909,14404,-646,8319,10068
9361,9422,9388,9384,9469,9431,9396,9527,9797,10770,10497,10591,10613,2614,32592,-26311,29824,19712,7433,-2354,8572,7583,5960,5543,8810,11444,10627,11938,11323,10261,9475,8704,8634,9240,9988,9710,9441,9364,9417,9556
9550,9482,9490,9465,9454,9551,9604,9555,9544,9472,9414,9645,10333,11549,11571,9634,6988,6805,6040,9458,21247,26250,20452,31464,15292,4989,7141,4462,6206,9882,10845,12459,10815,10612,9901,9093,8523,8870,9598,9390
9545,9464,9238,9109,8983,9182,9240,9224,9150,9381,9167,10386,9311,4424,22304,24193,20866,25702,6415,4134,7360,5377,5523,9068,11298,12200,12661,10565,9752,9392,8704,8880,8890,8890,8311,8737,9768,9326,8208,8459
9167,9375,8992,8388,8049,8397,8888,9686,9788,9781,9449,9381,10146,8157,5424,18363,21333,24717,26323,1804,9973,7842,7041,6017,8593,10346,11713,12100,10588,9003,8931,9247,9653,9891,9610,9369,9151,9509,9791,9613
9564,9944,10171,9709,9403,9762,9749,9607,9701,9621,9396,9439,9957,10080,9301,8688,8300,7746,24341,21273,24547,30219,11299,6065,4371,5294,10394,12281,13547,11446,9587,9248,9821,9781,9816,9619,9673,9578,9617,9539
9642,9448,9409,9392,9726,9682,9581,9647,9827,11953,12743,13437,3041,25900,-31029,-32560,25874,9753,5591,5679,5297,7505,10486,11628,11997,11384,9534,9501,9698,10121,9599,9319,9657,9633,9619,9554,9476,9588,9509,9536
9533,9591,9549,9539,9591,9609,9630,10141,10827,12783,14622,11543,5742,30746,-26311,22032,12865,4234,7927,8468,6077,7863,7564,7277,8674,10448,11031,9471,8177,8293,9811,10188,10147,10133,10261,10562,10310,10019,8069,5135
12479,19677,23046,28457,20564,2858,8021,5742,6117,9336,10292,11495,11789,10599,9358,9170,9744,9944,9799,9776,9506,9822,10200,9884,9671,9461,9643,9847,9694,9097,8791,8493,8280,8518,8214,8361,8192,8632,5239,22597
31071,27087,24010,14724,4134,7411,8269,7592,5691,6202,8848,11287,11880,11360,10801,10289,9677,10114,10066,9925,9964,9860,8400,8008,8397,7947,8813,7945,5665,31985,-26311,14348,26833,18693,5772,9361,7354,5477,6965,10565
10496,9421,9239,10093,10249,10022,9427,9206,9586,9691,9883,9297,9406,9882,4515,13742,26554,15409,20770,25390,1516,8955,7327,5804,6831,10627,10935,12623,12154,8914,9120,9734,10366,10498,9993,9472,9308,9409,9552,9698
9762,9514,9376,9403,9457,9388,9449,9575,9570,9640,9641,9713,9680,9648,9558,9612,10151,10675,11074,11549,10372,3336,31905,-26311,29384,14401,-1656,4662,5905,6819,6102,7522,9706,11666,12814,11534,10030,9507,10353,9694
9194,9301,9597,9441,9363,9579,9624,9902,12328,13044,12006,9424,7502,6333,4371,15731,22373,21461,20408,14393,-3746,7760,6660,4322,8134,10638,10632,11979,11477,9777,9527,9842,9848,9572,9379,9424,9564,9578,9493,9556
9586,9634,9598,9582,9545,9554,9580,9576,9595,10036,11592,11407,9856,6975,17507,28856,-30232,32100,15868,3636,6348,6962,5560,9311,10779,12087,12799,10243,9363,8763,9157,9540,9969,10093,9927,9695,9619,9388,9412,9402
9850,9678,9870,11306,11546,5832,10862,26927,-26311,-31615,16673,4035,5783,6915,7618,6635,8486,11285,11156,12144,11682,10183,9769,9673,9392,9629,9309,9279,10399,9682,8908,9402,9892,9166,9244,9558,9593,9545,9598,9629
9676,9665,9664,9586,9623,9598,9630,9552,9531,9539,9827,11784,15259,12285,7837,5164,14277,-26311,-29549,29090,9545,4940,8289,6763,5639,9825,10812,11374,12445,10684,9272,9296,9011,9412,9774,9777,9821,9538,9779,9953
9958,9683,9615,9578,9467,9689,9507,9451,9489,9484,9806,11271,12750,11280,8695,6514,1205,29911,-29336,-30720,-32184,8810,6798,3259,7436,11931,11384,11662,10340,10129,10137,9593,9563,9587,9727,9561,9367,9504,9554,9633
9749,10550,10380,9498,8918,9476,10084,10742,8838,4334,16545,28359,26545,26534,11528,5973,7216,6879,6068,6740,9865,11273,11538,10747,9989,9813,10172,9870,9258,9244,9423,9781,9994,9939,9424,9561,8470,8159,7697,7702
7078,7817,22588,25684,21288,31244,13804,7436,6876,7923,7973,5934,8250,11352,11394,12084,12139,10554,8981,9241,9625,9764,9793,9597,9668,9703,9801,9639,9625,9592,9651,9576,9526,9654,9498,9639,9708,9600,9850,11026
12059,11850,9747,6822,6393,6789,8052,8963,6992,6253,4655,8242,21345,24791,16286,27899,26385,6558,7669,7829,7125,6994,9265,10710,11074,11106,10454,9640,9108,9334,9612,9520,9599,9659,9661,9653,9676,9738,9764,9570
9540,9522,9443,9490,9526,9504,9563,9562,9569,9572,9597,9597,9662,9600,10541,11936,13505,8974,7790,2495,20505,29816,-30240,27244,19311,5317,6500,7906,8863,8293,6241,6513,9860,11177,10554,12804,11340,9481,8884,8893
9415,9628,9882,9889,9613,9297,9302,9628,9828,9979,10597,11317,10881,10152,8839,27447,-26311,26246,12776,1969,5600,8088,7592,10083,10427,10654,11340,10121,8870,8579,9002,9518,9941,9945,9749,9548,9557,9635,9692,9682
9610,9560,9513,9504,9552,9536,9554,9570,9576,9521,9592,9519,9774,11429,13582,10298,3787,18040,25631,30601,29797,8049,6622,7398,6283,6094,7812,11355,11135,11457,12300,10890,9613,9396,9303,9744,9832,9654,9533,9619
9609,9611,9610,9652,9624,9545,9550,9677,9647,9689,9906,9235,9445,9891,9830,9578,9338,9278,9543,10449,12267,12777,11945,8415,5272,31584,-26311,19991,19320,19146,5204,7292,7818,8568,7639,7279,7615,4589,8380,12198
9861,9715,9716,9686,9743,9666,9813,10018,10384,10247,9799,9088,8822,8841,8420,8022,7905,8161,4661,22989,24036,26294,22323,27417,2171,8233,7667,8189,7787,7122,6235,5948,9376,10411,11003,12088,10796,10145,9598,9555
9629,9507,9472,9397,9384,9612,9812,9643,9762,9985,10296,10321,9108,9132,9148,7779,7015,10427,12531,17201,19474,-32015,9528,5596,6939,7077,6046,5430,9354,9892,10669,9934,9904,9971,10336,10127,9301,9524,9908,10147
9352,9139,9135,9297,9694,10447,10146,9677,8947,9312,9909,9982,9935,10108,10723,10848,10287,8968,8171,4948,30565,25465,25718,22647,12119,4503,9154,7963,8297,6048,7250,10653,11705,11581,11540,10447,10536,8784,8279,8950
9500,9283,9485,9513,9472,9257,9319,9234,9074,9175,9042,9247,10378,12807,10788,7838,4831,3647,8242,21419,24605,16546,21894,26293,3314,8814,5468,6248,6397,8512,8306,8972,7613,7218,6501,6611,7406,7772,7688,8339
8148,8656,8412,9398,7562,8322,8273,8656,9566,9154,7693,8280,10900,11786,8989,8661,4396,-28353,-26311,25157,20563,25155,5928,7501,6886,6035,5985,9606,12051,11865,11866,9487,8689,8334,8129,8815,9439,9507,9344,9308
8956,9081,9036,9172,9361,9378,10116,9860,9030,7758,7563,5598,28421,-26311,23819,11264,23700,-32710,8404,6995,9329,8145,6786,6283,9592,10771,10840,10524,10181,9160,8634,8708,9204,9325,9287,9448,9658,9488,9349,9301
9332,8902,8963,9107,9173,9222,9303,9003,9979,9704,7473,4158,32372,-31711,15228,9694,21769,26424,6281,7993,7575,6442,5844,6707,8311,10970,10005,10718,9386,9368,8698,8846,8689,8804,8844,9048,8975,9014,9288,8937
6773,6691,6580,6483,6416,6318,6233,6453,6331,6423,6380,6646,6517,6897,6272,8180,-29055,-31979,16432,22296,14000,5345,10412,7947,7234,6163,6669,9370,10694,10432,10917,10339,10338,9684,8702,8319,8462,8925,9295,9394
9169,9163,9155,9106,9209,9313,9125,9090,9141,9528,9563,9124,9011,8936,8493,8021,7637,7595,7647,7350,6912,6766,7229,8640,6145,3779,10917,17325,25971,7993,26758,30813,10864,9265,6967,7054,7096,7704,7095,7542
7109,6865,6289,9469,13304,12625,12543,11712,9388,8601,9012,9573,9414,8391,6912,6268,6689,6941,7222,7109,6704,6957,5558,4757,31487,10287,7320,16433,28640,-26899,7447,8086,8935,5809,6993,7042,8647,7259,6464,6494
7133,10685,12380,12486,11235,10147,9582,9566,9991,8813,8670,9806,10583,10739,9837,9121,7496,7007,4921,21820,25160,23940,8263,11390,25899,-30849,10487,6769,5622,5710,6200,6369,7532,7396,7785,9657,11300,12319,11423,10256
9653,9540,9595,9685,9660,9569,9628,9604,9587,9555,9560,10146,10929,12314,11719,10761,7496,5070,26381,-28116,17936,6859,10736,24323,31033,6536,7864,6524,7490,6769,7766,7566,5857,8904,12585,13059,13139,12032,9678,9506
9333,9281,9285,9404,9363,9226,9101,9180,9246,9288,9153,9170,9226,9279,9285,9194,9220,8942,8827,9083,9032,8615,11973,15889,6320,6180,7730,4744,12659,29643,25450,10775,11736,20914,30505,20050,6463,7674,7529,6933
19664,22492,16060,18841,-28978,12800,5922,6722,6257,8195,6885,7041,6483,6416,9159,10965,11150,10466,9964,10597,9995,8511,7824,7912,8410,8574,8803,8588,8532,8356,8388,8419,8294,8441,8570,8370,8464,8420,8354,8383
8404,8499,8350,8389,8396,8361,8295,8439,8306,8377,8188,8198,8038,8151,8228,8067,8742,8470,8655,15957,28913,24156,20835,26307,12221,7539,8486,7562,7304,5801,7744,10067,11104,11265,9994,9309,9331,9273,9148,9597
9836,9689,9746,9757,9636,9757,9855,9843,10931,11785,10488,9355,7999,7230,6418,10497,22305,21216,16631,25424,26482,8190,8725,7060,6953,6015,7394,10985,11050,11212,10901,10751,9795,9149,9557,9666,9798,9607,9746,9658
9509,9697,9688,9704,9552,9633,9658,9934,10444,10992,10265,9076,7884,6725,5876,9151,-26311,27336,13655,10025,24862,-26311,11196,7672,8146,7550,4885,8413,11608,11447,11444,11654,10508,10001,9597,9606,9896,10016,9874,9618
7071,7065,7418,9190,10684,11061,10281,9363,9029,8583,9940,10058,9949,9095,7754,6687,3422,16344,23636,17571,7490,9599,16560,31368,-30879,11099,6147,8031,7065,6605,4887,7892,13508,12574,11747,11802,10214,10468,9879,9461
9864,9862,9504,9465,9558,9521,9588,9631,9527,9494,9305,9673,10676,13030,8055,6397,5609,5226,2439,28074,30044,22992,15258,-32481,-26311,13909,6892,9385,5773,5262,8542,14599,12877,12994,12168,10183,9805,10250,9591,9916
10126,9605,9265,9187,9315,9318,9658,9922,9982,9688,10207,11877,13496,10560,7474,6279,6048,3049,16735,28929,10150,9406,26188,-26311,26379,9876,8348,5507,6619,4786,11633,15744,13134,13806,10977,11067,9034,9488,9752,10729
10406,8960,9218,10334,10087,8698,8090,7784,7874,7447,7352,8060,8445,7516,5181,20754,-26311,28570,16639,17530,-28663,-29197,13463,6030,7596,5220,5677,10524,13892,11658,12469,11147,10099,10070,10170,10296,9349,8981,9153,9393
9065,8772,8752,8280,7419,7727,6922,6988,6048,6381,6330,5819,5498,14440,-26311,25713,19067,11046,21493,-26311,-26761,24170,5953,4335,5697,6841,6099,7690,14591,12921,11814,10800,10175,10035,9611,9482,9236,9424,9394,9522
9178,8965,8475,8591,8635,8562,9010,9694,9847,9982,9005,8974,8778,9416,8945,8874,16919,22900,16417,10005,10243,18137,-26311,31142,11707,10182,7032,8512,7489,8239,7959,8117,7351,7757,11486,11950,11563,11519,11227,9953
9263,9133,9387,9350,9187,9392,9789,9921,10328,10368,9971,9191,8462,8635,8722,8945,7678,8202,6855,7439,-26311,29756,20718,14545,-28783,-26311,22455,7580,7940,7920,7741,6818,7080,8507,11374,9015,7431,6914,7205,7667
8201,9914,10882,10801,10292,9819,9621,10229,10765,11091,10411,9358,9390,9853,6540,14347,31640,22419,14513,8026,10743,8702,9275,10570,15972,-26643,-26311,25479,7408,6801,6748,6370,5720,9755,10800,11774,10842,11274,10187,9773
10002,9975,10050,9573,9127,9309,9581,9837,10441,10510,11080,10402,8868,6023,14665,-26311,29105,21645,14583,-27673,-26311,24291,8752,6967,6641,7546,6521,6348,6385,9604,13081,12919,12412,11532,9878,9683,9648,10018,9818,9498
9238,9340,9572,9730,9789,9738,9817,9493,9707,9394,10362,11793,8159,11552,-26311,32342,21888,9641,13522,28586,-27623,13308,7639,8471,5971,7205,9015,12811,12836,12302,10461,8657,9552,10266,10222,10138,9531,9240,9405,9593
9539,9386,9493,9493,9536,9570,9629,9578,9797,10420,10767,10769,9762,8781,7967,4212,11851,24195,27607,11774,9090,21329,-26311,27644,21386,6760,7001,5965,6204,8513,7055,5562,5600,5051,6916,10305,10948,10893,11044,10868
10028,9299,9157,9615,9824,9716,9592,9473,9539,9606,9762,10241,10409,12812,10266,7568,5374,5367,4839,14073,-32377,29263,16124,20151,-26311,-28268,17913,6572,5552,5738,6224,5989,6048,6029,10117,13153,12886,12852,11069,10497
9339,9437,9412,9409,9458,9765,9329,9283,9427,9521,9524,9564,9929,13068,11020,7760,4757,6879,-26311,-27695,22211,14785,-30268,-26311,25528,8054,7066,6957,6733,6936,6663,5864,6447,11301,15194,13217,12585,11062,9543,9011
9423,9747,9720,9443,9580,9702,9548,9589,9757,9781,9573,9567,9568,9724,9532,9469,9551,9570,9540,9562,9659,9613,9605,9670,9819,10488,12350,13688,10882,4066,10764,-31529,27149,23821,-31687,-30574,16815,6738,6119,6427
6331,5425,7650,15042,15222,13066,12096,10240,10147,9503,10054,10568,10927,11376,10868,9030,8173,6159,3853,9009,-26311,-29635,25974,26581,-26311,29137,10041,7389,6918,6500,5977,5632,7964,12483,13135,12135,11613,11177,9747,8741
9149,9331,9327,8905,8728,8807,8804,8797,8923,10019,8695,7114,8373,-31456,-32418,19592,23391,-26311,23815,9096,8501,7127,6713,6264,6013,7734,11123,12101,11657,11275,10285,9184,9221,9285,9372,9090,9090,9088,9085,8971
9087,8931,8809,8702,8775,9026,10210,9563,8127,8482,1886,15770,-26311,26969,19936,30611,-31509,12952,6679,7352,7631,5962,6214,9192,12800,11994,10720,10284,10293,9840,9575,9416,9625,9355,9437,9515,9487,9501,9481,9579
9579,9751,11086,13024,12571,11700,14567,4722,4411,4048,14531,-26311,29469,21703,-31247,-27898,14466,6028,6277,6634,5475,6543,11000,12933,11906,11599,10929,10514,10419,10125,10012,9831,9421,9331,9581,9661,9580,9564,9609,9599
9617,9628,9630,9606,9599,9592,9601,9583,9641,9552,9607,9757,10211,10054,10461,10253,11136,10830,7995,3708,23050,-26311,-30087,28392,-26311,21713,11696,6943,7343,7310,5673,6326,11481,13466,11783,10961,10425,9929,9765,9593
5190,5392,4684,3235,30386,-26311,32466,31500,-26311,26582,9708,7226,5438,5298,12576,14411,12245,11575,9714,9163,9381,9477,9828,9698,9685,9493,9382,9408,9356,9264,9224,9409,9459,9410,9564,9576,9366,9433,9406,9416
11341,9539,7580,5819,5667,4116,10977,-26311,-32477,30090,-30179,20064,8329,7259,7310,6983,5772,8177,11410,12868,11896,11929,10674,10031,9668,9739,9896,9781,9482,9489,9506,9440,9478,9424,9485,9528,9551,9502,9527,9520
9543,9521,9566,9530,9580,9574,9561,9603,9674,9819,10190,11621,12769,9321,5811,6143,6464,5949,4734,6025,-29465,-32323,17567,14386,29735,-26311,17187,7963,8661,6902,6761,7032,6910,7277,6566,6104,6568,11197,15916,13008
9476,9527,9457,9470,9226,8753,9712,10348,9738,9491,9459,9743,9768,9665,9631,10457,11224,13542,7295,5685,6533,5134,4533,-30397,-28282,28609,23962,-26311,-28529,15348,7210,7310,7581,6175,6898,6551,6135,11166,12047,11376
4699,1985,13304,-26378,28607,21711,25421,-27924,15569,7829,7632,6910,7350,6988,6069,7632,11784,13630,11866,12225,13508,10923,9138,9182,9884,10041,9563,9370,9521,9586,9683,9557,9648,9850,9747,9603,9525,9538,9640,9673
9141,9244,9081,9138,9148,9095,9145,9154,9251,9191,9182,9191,9139,9143,9166,10825,13791,7803,6683,3860,12779,-26311,26354,12297,20573,-26311,26799,13693,8207,8125,5623,6268,9269,13593,12000,11449,11281,10117,9896,9604
