1551,1561,1434,1292,1210,1336,1292,1425,1529,1483,1349,1251,1286,1275,1210,974,969,569,436,-96,-2600,25,607,-7985,-14765,-13435,4144,12396,5628,-1638,7,2209,1795,-575,-763,-1429,-1610,2779,3134,3280
3014,2077,44,-53,1250,901,1179,989,615,605,359,339,401,430,383,360,430,402,342,438,402,414,433,444,-237,-910,-613,793,3042,3945,848,-1476,-4198,-10717,-9716,2175,2143,797,-990,-1441
-2667,-3171,-412,1777,2193,3373,3652,4331,3435,3534,2916,2126,2269,2574,2296,1616,-1385,-4179,-3978,-1365,4468,3585,-3623,-10569,-16321,-8405,10637,10282,5235,-964,-401,-1906,-1639,-3014,-2977,3427,4623,3371,3438,3051
5544,2297,5607,6506,4220,2866,2270,1170,559,199,354,730,1143,1329,1030,-337,-219,1062,323,-4489,-4818,-5986,-5908,-91,7893,3291,2937,1847,-480,1128,366,1219,1038,4093,6911,3019,5332,5646,5895,4445
3662,3102,2417,2109,2161,2071,2061,2259,2437,2510,2556,2537,2451,2203,1699,741,-64,-978,-2008,-62,-2485,-6393,-4593,-3641,-759,1784,-382,-4198,-6387,-8828,-3626,-1945,-609,894,3356,5957,8128,5679,4008,6857
4348,2507,2557,2462,1751,1885,2216,2415,2999,2817,1755,-599,-2060,-1751,2923,-929,-3127,-8059,-11728,-6675,-244,3997,3469,1743,-1529,-3694,-3359,-3704,-3478,-3559,-1817,-1069,837,1824,2137,2479,2656,3011,2698,2448
1981,1854,1652,1367,728,437,292,-1137,-1936,642,3524,310,-2498,-5964,-14289,-8217,10454,3406,3690,2076,3611,-132,2125,2676,5569,3472,5418,4677,4222,3133,2423,2107,2014,2026,2041,2083,2239,2252,2186,2178
2127,2102,2038,2072,2100,2066,2107,2064,2143,2028,2015,1265,-1370,-3897,-3443,-6034,-7920,-7767,-7998,-8251,2745,366,3215,6311,4335,649,-256,-1398,544,156,2713,5856,4720,1213,4282,4524,3877,3626,3632,3238
3132,2834,2770,2849,2952,2646,2398,2597,3072,3328,3152,3650,3524,1295,-2191,-4435,-4131,54,-1433,-3267,-7692,-14131,-8751,3026,4252,1653,14,1238,2380,2824,1620,-376,-7571,-13163,-8470,-4953,-2133,3614,2605,625
1204,1268,189,591,581,482,578,569,820,805,822,893,430,-358,-1965,-1842,251,570,-1428,-5156,-7695,-6751,-5842,-3758,10421,11370,2192,-53,1038,2758,1528,852,-237,-2039,-2797,-3301,-3165,-3040,-3474,-3265
-2807,-2619,-2442,-2141,-1603,-946,687,1259,-540,2617,2756,3124,2959,3373,2419,1360,-1574,-2732,-1370,-1754,1344,2520,-334,-5497,-11950,-4690,13779,6960,-1000,-1361,1954,3770,1979,-817,-4034,-5597,-6557,-7397,-6644,-6527
1856,1908,1908,2026,2085,1980,1901,1851,1987,1915,1930,2030,2061,2219,3124,4578,4093,311,-2750,-1931,2802,4545,641,-6159,-5075,-3077,-9359,101,9291,3865,-1456,2508,4935,5194,4659,2552,1070,-609,-1285,-76
2943,1623,2174,3754,4693,1255,4393,4421,1696,2149,2442,1537,1437,1439,2205,1850,-653,-1753,1074,-224,-508,-1795,-1540,-2646,-9345,2466,10304,3026,3856,4263,1166,-1549,-3241,-3299,-1338,-311,2134,2885,3782,3982
3096,3175,2530,2477,2939,3230,3429,3316,3132,2842,2714,2711,2805,2968,2998,2947,2965,3004,2915,2291,-667,-230,867,-193,1634,-78,-4268,-7347,-3699,-20,-8113,4802,14377,6241,3231,3023,4343,2933,1372,1988
-1501,-1240,-412,284,860,679,3995,3658,2898,3407,3463,3497,3328,3260,3302,3336,3939,4760,4589,2433,-175,2023,2616,-2801,-5664,-6995,-8270,-12947,-6767,12685,2227,6322,8971,4727,1050,-1483,-1362,-1172,-465,2212
3934,2667,3417,3400,3268,2981,2893,3051,3139,3194,2433,0,-3225,-2779,402,1410,795,-1491,-3425,-7939,-11361,6977,4250,-2170,3236,5430,5291,3262,2081,1399,1186,-150,861,1712,2504,2902,2858,3291,2364,3587
4045,3814,3921,4319,4468,4695,4329,1874,946,-1227,345,-515,-469,-2064,-5899,-8386,-3811,9885,-4246,3359,7361,6427,2567,-960,-1289,1578,1246,1409,3097,3619,3718,2193,3099,4044,3769,3912,3912,3517,3217,2983
2959,3184,3389,3524,3654,3454,2958,527,-3861,-3201,1158,3327,3597,-5228,-13080,32,24255,4445,1769,-583,-1840,-3940,-2350,-2229,-1480,-791,1091,2029,3753,3676,3460,3200,3190,3358,3643,4341,4453,4841,4429,4329
4247,4354,4452,4597,4530,4632,4362,3854,3528,3419,3667,3870,4913,5636,6440,6660,5413,4668,3406,1642,-2953,-2531,3625,3060,-5106,-15062,-10975,-574,14271,11167,4961,477,-785,-3103,-4012,-6180,-7204,-7598,-4893,-2874
-896,1537,1128,1022,572,1921,1978,1923,2538,2350,2975,3378,3221,3120,2394,2180,1896,1973,1979,2078,2156,2467,2567,2715,2799,431,-4609,-3135,-3040,236,-2549,-2921,2126,-1091,-5537,-128,5685,3409,1237,-266
1411,1364,1109,1141,1352,1486,1636,1664,1707,1706,1799,1282,-1019,-4470,-4111,-1862,-2701,-5788,-7474,-6807,-11013,4245,11521,8272,13235,7847,-3072,-10241,-9051,-6508,-1250,447,-1007,3262,3816,3316,3383,3627,3041,3005
2848,2555,2291,2375,2187,2061,2045,1987,1887,2138,2613,2018,-1996,-1761,-4080,-9552,-10876,-7263,1591,4439,-6630,-9012,2140,4565,-3261,-6596,-2130,814,4646,4998,4630,2789,4474,2367,4358,5422,4689,3138,3709,2619
2345,2332,2209,2038,1848,2223,1978,2169,2258,2342,2713,2923,3097,3241,2573,743,-2199,-2738,-1470,-1850,-5781,-10799,-6411,-3997,-5167,9102,4198,6813,6807,1464,-1225,-3004,-3743,-4245,-1639,223,1767,2251,1942,1500
1601,2035,2516,2834,2935,3113,2932,3105,3113,3209,3066,2737,2277,727,-3839,1095,2088,396,-5362,-4896,-3147,783,43,2057,7849,5968,128,-2161,-2707,-3602,-4484,-3866,-1941,342,1992,2673,2605,2170,2088,1739
1981,2565,2706,2751,2871,2806,2842,2819,2392,145,-2696,-3107,-2617,-2758,-3176,1283,-3621,3262,1112,2518,1959,-1262,-1583,-3442,-1695,-802,1771,3156,4170,3734,2768,1450,596,1186,1010,1131,1274,984,759,606
511,648,585,520,745,680,613,680,638,460,-1848,-7601,-6578,-4648,-12661,-12774,-7753,-4578,7250,8544,5130,3681,533,-4742,-8771,-8026,-5624,-2351,370,1959,1639,1273,947,725,838,844,984,1185,1451,1579
2054,1613,1536,1607,1574,1830,2015,2103,2107,2046,1984,2030,2119,2367,2952,3139,2854,2079,833,-909,-2309,204,-2006,-6096,-5980,-1300,1905,3600,10627,2073,1355,740,-206,-2005,-394,3830,3954,4314,4873,4381
8091,8635,11119,2909,-7981,1675,6662,10072,7402,-534,-4572,-6321,-5641,-4156,-2382,-540,99,439,477,364,676,1099,1331,1435,1622,1461,1438,1511,1544,1614,1668,1713,1729,1732,1675,1863,1930,2095,2166,2119
2424,2334,2254,2117,2004,2023,2018,2096,2236,2312,2349,2253,2162,2084,2138,2278,1429,-1163,-4543,-2964,-1971,-4105,-8176,-7962,-3517,-1358,2424,-1098,3109,5835,5708,3360,1191,-480,-2040,-2718,-2542,-1562,218,195
909,922,1413,1653,1067,830,1263,2020,2506,2670,2945,2995,2738,1631,-1274,-3845,-2604,-1881,-6233,-11358,-6978,-4155,1781,-144,-7508,6312,7562,1247,-1291,-3374,-3739,-4840,-3362,-3219,-1500,-238,794,650,1198,1398
2181,2063,2064,2322,2470,2520,2684,2975,2953,2027,1778,2094,2298,2277,2816,3387,3743,2467,1141,1816,3666,-4656,-5476,-6360,-12454,-2883,386,5417,7630,5678,3238,869,-656,-3530,-2690,-138,1517,2297,2294,2739
3057,2723,2746,2593,2477,2476,2387,2343,2307,2309,2152,2015,1994,2143,2309,2855,3356,3063,1581,-2313,-4136,-29,-539,-5880,-4209,-131,775,-3633,-5026,3473,6485,3571,-1769,-3621,-5205,-4981,-5051,-4198,-4338,-4089
-4166,-3230,-2363,-2187,-1367,-317,743,965,747,2404,2571,2956,3764,3654,1551,-1598,-3961,-4518,1686,6103,2955,-5322,-7362,-9575,15186,5121,-3181,5342,7523,4222,-769,-3275,-5120,-5667,-5630,-6582,-5820,-6006,-5322,-4560
-3570,-2135,-1148,-1016,62,873,1668,1841,1838,1871,2236,2224,2315,2559,2458,2243,2048,2318,2764,2956,3047,2530,2073,2521,3012,2939,2774,2923,3108,3511,4013,1773,-2923,-905,2835,-1034,-3014,-2975,-9995,-5619
1514,1772,1876,1816,1601,1319,1561,1827,1939,2022,1876,864,-839,-2927,-3673,-2739,-4145,-2647,-6534,-10865,-7747,16560,7847,6438,2336,-4224,-4432,-4386,-3996,-2531,-2167,310,449,905,686,1683,4204,5607,4073,2358
1629,1244,433,618,769,1386,1578,1960,2156,1803,-972,-5623,-3954,-5435,-6247,-4787,-1371,-6183,-11279,-645,8037,9694,189,-7675,-10636,-10652,-7215,-3536,-2259,-1763,-262,224,2132,2176,1748,1063,629,84,-70,254
-442,169,1517,2287,2060,1597,1416,1037,536,92,-1945,-3389,-1377,-1937,-6123,-5666,-3147,-1989,12263,7976,1356,7407,6097,-122,-4016,-5831,-5199,-3050,-2279,-1368,2510,2520,1769,1135,830,1033,815,958,866,775
1019,1019,1149,1161,1123,1038,1099,1729,3919,5489,3814,-1593,-6521,-1377,4494,7153,7526,2393,-7410,-17287,-15773,23389,13940,6480,1238,-4203,-7480,-11938,-10308,-4876,-1268,-170,-207,-274,256,284,271,358,965,1174
1237,1137,813,596,92,-62,93,257,-297,-2896,-1480,-369,-6777,-8831,-3085,4295,7724,2640,-2332,-3544,98,7918,6724,795,-4107,-5668,-6685,-4802,-1990,-250,75,390,463,966,436,766,880,1216,1547,1334
1112,406,245,40,154,360,724,1300,1385,1546,1446,-1692,-2704,-5275,-6089,-5409,-4103,-927,5488,2706,-2234,951,8721,8241,2603,-2621,-4325,-5599,-2724,-2006,-1461,1438,1917,1222,-228,-878,-785,-498,-267,-323
-206,-327,-540,-612,-740,-406,-308,-58,-1336,-546,-1431,-3396,-2500,-3188,-6207,-8523,-7556,-5278,-8008,-5595,10215,12993,3927,668,2978,2662,3388,-2933,-4951,-4961,-2200,-243,915,1840,1615,1122,1307,1434,1824,1839
1099,511,-431,-1999,-3928,-5242,-7941,-11936,-6113,-3430,-6136,516,5288,7531,5586,3437,-1455,-2236,-2018,-6229,175,3022,2792,1743,1863,1575,872,613,633,673,872,1013,1034,1233,1172,1261,1470,1257,1208,1348
1220,1395,1368,1620,1614,1682,1410,1411,1557,1857,1370,860,-25,-678,-1022,-1857,-3667,-5767,-7507,-8565,-4720,2743,14665,13205,-5388,-8209,2387,6279,7405,6935,6984,3801,1523,-4802,-2288,-10742,2072,4888,3494,3424
3460,2580,1990,1768,1261,1281,1603,1829,2036,2350,2322,1883,1304,323,-273,-1261,-2011,672,-2429,-5611,-7058,-5468,4174,14630,3494,5063,3903,-651,-9921,-10493,-6405,-3024,-721,-951,854,1378,1006,1291,1603,1666
1713,2032,1970,2094,2017,1920,1815,1864,1839,2144,2605,2999,2756,1897,576,-545,860,1948,535,-2132,-6535,-7265,-7495,-5138,8352,13952,5155,5532,3209,274,-2777,-3101,-1936,31,1359,2513,3128,2333,2331,2629
2066,1421,1433,1320,995,772,554,570,904,1142,1569,2321,2661,1310,-139,630,2071,949,-1760,-7525,-9116,-11426,-12306,-4972,19749,9033,4583,3571,1368,-2070,-6092,-6752,-4980,-1848,638,2114,2702,2757,2474,1826
1524,1689,1955,2097,2021,1891,1654,760,-368,-660,131,-1094,-5269,-6426,-4985,-5143,-3954,8426,4821,1836,2030,1007,-1565,-1698,-931,1824,1295,1603,2559,1974,1767,1885,1682,1514,1293,1133,1020,1000,1172,1389
1550,1640,1800,1767,1723,1627,1635,1317,287,-1944,-4580,-6142,-9090,-9229,-3408,400,4417,5371,-2149,3362,5174,-590,-1461,-2576,-3557,-2214,-703,982,1354,1312,1639,1838,1198,1026,892,846,1009,1255,1399,1446
1385,1216,1348,1452,1478,1355,996,-371,-2618,-5727,-9529,-8322,-4064,-770,810,7003,16051,4261,4158,3395,-687,-5722,-5118,4278,-1147,-274,5917,4769,3516,3928,3357,2728,2834,2258,1842,2005,2234,2354,2289,2275
2095,1802,2009,2282,2386,2713,2737,2616,3120,3606,5588,5805,3205,-3105,-8101,-8046,2377,7433,7533,-9583,-791,3102,10800,2156,11198,14422,4349,-12513,-15282,-12059,-10154,-1273,769,624,1058,670,-210,295,861,1276
-55,-92,-25,60,-192,-169,54,28,-36,72,18,65,48,41,-59,-59,-151,-114,-41,-153,-301,-785,293,-850,-3486,-7052,-14001,-18700,-19300,-20975,-31098,-27774,9357,25067,14872,-222,-61,4322,5492,4398
-504,-2896,-5198,-9243,-14703,-21158,-25300,31201,-4394,21620,12267,287,1484,4861,3959,3079,2709,2854,3211,3005,2696,2858,2914,2843,3053,904,171,-459,229,-167,8,53,528,565,596,1975,2218,2465,1476,1140
-10298,-7714,-10067,-18525,28496,27836,5842,19494,4199,-890,2205,3387,3141,2800,2955,3069,2969,2709,2374,2102,1868,2433,2254,698,-337,66,421,150,627,542,363,548,-156,-213,-638,530,615,961,529,553
56,-451,-471,-530,-629,243,-474,-959,-1330,-1462,-1376,-1225,-1123,-1111,-1090,-1209,-1214,-1263,-1184,-1119,-1185,-1194,-960,-284,143,-1445,-4653,-4295,-9115,-12840,-16118,-29320,31271,-4677,17129,11920,3947,2497,3077,3020
-1166,-990,-766,-1015,-975,409,708,-2955,-3899,-5419,-7462,-16280,-26430,-32601,-29601,1371,20247,12929,2103,1099,4290,4097,3260,3187,3545,3424,3358,3101,3018,3277,2094,193,-663,-37,89,776,364,89,-77,429
-1274,-1294,-1316,-510,303,-979,-3577,-4292,-5761,-7505,-16250,-26431,-24652,-6640,12218,16746,6492,1421,2142,3373,3169,2668,2412,2538,2700,2565,2410,2640,2822,2411,1133,287,948,1480,1741,1786,1402,2261,2053,1796
-1403,-1433,-1386,-1431,-1467,-1480,-1459,-1356,-1335,-1404,-1464,-1401,-1365,-1443,-1152,-1184,-1265,-747,1528,2558,-3714,-5753,-13213,-26297,-31302,-24882,-1062,15732,12710,4477,1710,2822,3484,3517,3138,2850,2680,2531,2350,3036
-1682,-1592,-1555,-1775,274,-1068,-1282,-1965,-3281,-7207,-14830,-26051,-28534,-16633,10587,18275,7542,1792,3965,5479,4565,3992,3924,4326,3952,2733,680,-220,137,1678,2097,1575,686,505,642,722,1238,972,1341,332
-1730,-1687,-1688,-1737,-1757,-1693,-1583,-1582,-1659,-1655,-1713,-1629,-1561,-1560,-1633,-1632,-844,437,193,-1452,-3129,-4443,-9472,-22158,-27310,-22718,-10101,6955,12847,10009,3725,545,1343,2205,2581,2198,2209,2150,2015,1792
-1543,-1541,-1574,-1617,-1605,-1635,-1696,-1629,-1598,-1596,-1501,-1603,-1784,-1667,-1234,1757,303,-1777,-256,-5118,-16436,-20518,-17511,-3728,9823,10649,7132,3379,2743,3061,3286,2582,2060,1688,2052,2291,2379,1852,1320,121
-1868,-1844,-1887,-1834,-1842,-1797,-1881,-1916,-1920,-1857,-1868,-1864,-1801,-1902,-2306,-1495,-1784,-2111,-1950,-1261,28,-720,-2854,-4129,-3536,-4690,-7253,-17748,-31066,-28064,-25242,-8370,13391,13440,4897,1330,2787,3701,3569,2904
-2454,-2419,-2409,-2369,-2403,-2387,-2411,-2357,-2253,-2211,-2155,-2050,-1327,-285,-299,-3746,-2805,-3443,-1373,-3746,-17943,-20313,-22679,-10882,13094,10191,4483,3316,2975,2879,2861,3356,3120,3226,3401,4117,3542,1505,-553,-1674
-1741,-1761,-1738,-1755,-1779,-1458,-100,3423,766,-8860,-11021,-14811,-24006,-28855,-12783,8553,12635,8233,6409,3776,3238,3138,3238,2800,2852,2949,2356,2412,3207,3536,1554,-115,401,332,904,1003,1074,1421,1222,1633
1457,627,400,257,-328,-659,-316,-369,-827,-1459,-1941,-1740,-1489,-1356,-1494,-1576,-1471,-1459,-1505,-1530,-1517,-1514,-1510,-1528,-1585,-1583,-1537,-1481,-1459,-305,3649,1955,-4973,-9226,-17499,-26229,-29050,-15948,24822,17442
-1886,-2062,-2180,-2155,-2056,-1944,-1893,-1995,-1938,-1383,-498,-398,-891,-1230,-4924,-12685,-17038,-7678,-17400,-16715,6241,16226,9846,2852,1717,3925,4347,3657,3060,3079,3080,2945,2911,2892,2717,2787,2644,2834,2872,2745
-1927,-1696,-1698,-1769,-1694,-1750,-899,1083,942,-686,-4340,-12242,-23247,-30976,-29196,2885,14028,14152,3037,1739,2771,4067,3955,3666,3383,3518,3746,3223,1636,334,-365,-347,-432,-1060,-1418,-1935,-1113,-314,237,533
243,1075,564,1445,882,635,-206,-498,-631,-728,-1382,-849,-746,-1343,-1825,-1842,-1699,-1558,-1548,-1573,-1604,-1578,-1554,-1576,-1505,-1479,-1288,117,1725,315,-2513,-4883,-3775,-15143,31368,26210,-32700,-363,16038,7603
-781,-928,-595,-738,-1404,-1486,-1731,-1580,-1667,-1481,-1595,-1450,-11,-149,-1282,-2653,-2161,-6617,-15944,-18760,-22316,-25455,381,15588,6614,2767,5107,3727,3164,3093,3268,3169,3287,3037,3200,3615,2680,1619,449,50
-1415,-473,-111,-2239,-3687,-1786,-7117,-25781,-30241,-23760,-8139,18452,8137,2091,3994,5522,3897,3093,2964,3123,2445,2059,1872,2079,2327,1992,1821,1331,1347,1110,1557,1903,1373,522,-144,-583,-1531,-1911,-1277,-709
26,737,412,742,872,262,-544,-1219,-1960,-1589,-1306,-790,-323,-958,-1316,-1577,-2105,-2244,-2230,-2241,-2084,-1842,-1853,-2120,-2356,-2279,-1768,-1876,-1973,-2245,-2470,-1667,98,-2654,-4705,-3481,-12687,-22160,-21080,-15274
-2084,-2704,-1367,-854,-1652,-1323,-1228,-844,365,79,-660,-3066,-1409,-2520,-3881,-5081,-7288,-8325,-13474,-30560,-32061,-23465,22441,16396,-1159,868,6056,4537,3025,3171,3936,3778,3443,3083,3215,3126,2955,3193,2893,2933
-1365,-1408,-1389,-1334,-1494,-1512,-1567,-1234,2660,1568,-2261,-7988,-6983,-10228,-16968,-21361,-16645,-983,18469,12346,1476,-528,2085,2875,2125,1868,2099,2448,2236,1872,1942,2036,1923,1872,1367,1095,1112,1344,1082,941
-4743,-14022,-29258,-27593,-18011,15046,18203,-1194,-1224,5411,5037,3013,2993,3430,3563,3225,3018,3000,3101,2905,3049,3187,2040,1711,119,352,205,352,983,1687,1458,1112,242,779,539,1105,1525,1571,1827,1202
-2091,-2147,-2211,-2093,-2130,-2060,-2069,-1536,-332,711,478,-2261,-6210,-5492,-8941,-16422,-23110,-21194,-1225,16804,12571,2275,660,1840,2988,2822,2737,2585,2324,2318,2479,2733,2868,3156,1596,-171,-1124,-1469,-1501,-1723
-2683,-2791,-2768,-2791,-2759,-2780,-2752,-1303,772,466,-2536,-5802,-6972,-3296,-8886,-22390,-26081,-20034,3879,15400,9341,2920,3448,3705,3685,3569,3306,3195,3153,3237,3133,2971,3135,3126,2959,3097,2853,2840,3053,3546
-2437,-2451,-2542,-2464,-2445,-2374,-2465,-826,459,-2030,-5215,-8854,-7368,-12245,-23034,-22709,-17133,1279,15761,9351,2861,2921,3078,2680,2530,2576,2597,2559,2336,2368,2288,2057,1797,2129,1881,2960,1304,-492,-2234,-2154
-2376,-2358,-1305,-1617,-169,-366,769,1016,1045,500,480,-307,-787,-1677,-923,1765,-44,-1349,-2283,-1986,-1605,-1440,-1604,-1690,-1595,-1562,-1395,-649,-200,-694,-1338,-1605,-712,705,-2030,-4347,-11526,-25337,-30554,-16032
-326,-1741,-2493,-2271,-1877,-1698,-1916,-2022,-1974,-1944,-1935,-1968,-2029,-1184,-194,-824,-2056,-2732,-1749,-6168,-13673,-28637,-30051,-7634,23570,9050,578,4246,4720,3972,3378,3591,3631,3719,3618,3663,3625,3973,3753,3581
-2607,-2640,-2617,-2603,-2628,-2637,-2625,-2662,-2648,-2633,-2658,-2630,-2652,-2601,-2576,-2022,409,-833,-3673,-6801,-6703,-15310,-24070,-22132,-7604,15212,12597,3972,2100,3299,3028,2233,2278,1950,2518,2143,1944,1937,2118,2101
-1544,-1705,-1747,-1476,-1560,-1324,-1473,-1389,-1276,-64,1429,-2196,-2502,-5160,-9454,-18073,-19679,-15468,-5378,17900,11911,2139,-80,2288,2446,1953,2186,2198,1980,1587,1690,1956,1963,1997,1787,2078,2356,900,676,934
551,330,60,-85,459,463,2021,-229,-5461,-18719,-28611,-29733,-532,17362,2962,171,4809,3503,2229,2624,3296,3057,2775,2676,2890,2707,2057,1705,1517,1622,1730,2233,2093,1061,12,-498,-732,-1277,-2230,-2455
-3117,-2777,-2722,-3229,-2617,-2951,-2228,-1847,-723,-848,-56,-812,-1329,-2102,-2150,-2782,-1971,-2190,-1480,-1432,-1905,-1950,-1951,-2136,-1676,-2467,-3308,-3779,-6068,-9085,-9730,-14574,-20255,-15858,6485,5233,4274,2109,4502,3500
-3550,-3777,-3661,-3403,-3420,-3550,-3486,-3409,-3327,-3376,-3490,-3496,-3413,-3381,-3273,-3281,-3286,-3192,-3169,-3304,-3293,-3356,-3310,176,235,-3975,-5084,-10367,-15304,-17035,-15855,4929,14478,12342,3553,401,1399,2799,3141,2293
-2217,-2206,-2185,-2271,-2263,-2302,-2259,-2275,-2307,-2287,-2239,-2275,-2284,-2281,-2282,-1804,816,30,-296,-111,-2554,-12382,-18520,-18509,-9916,12195,11484,6018,1210,2276,2725,2680,1951,1871,2081,2302,2210,2022,1883,1262
-1462,-1672,-1661,-1736,-1640,-1604,-1689,408,2015,-302,-4037,-5333,-4423,-8868,-12863,-15025,-12038,510,9568,10883,4071,-1,-612,638,1341,1191,1045,1070,1051,831,836,680,-91,-904,-1101,-1186,-898,-745,-471,-538
-2712,-2676,-2612,-2701,-2662,-2677,-2642,-2666,-2636,-2639,-2659,-2636,-2630,-2609,-2580,-2618,-2247,-580,372,-1400,-1875,-4431,-15420,-21246,-20837,-13344,16212,11648,4940,1077,2969,3253,3437,2928,2964,2445,1629,842,-149,-597
-2161,-2192,-2199,-2279,-2184,-2196,-2200,-2214,-2173,-2253,-2228,-2223,-2314,-2129,-2230,-468,374,-2224,-3290,-13189,-22107,-24128,-18111,14716,17912,6223,739,4171,5435,4597,3478,3397,3781,3624,3643,3490,3711,3903,3983,3578
-1374,-1315,-1338,-1269,-1582,-1564,-1255,-382,1907,1170,-2549,-4720,-12108,-21608,-26269,-21676,14520,10406,5004,3621,5104,3633,3215,3426,3638,3460,3376,3236,2964,2702,2802,2945,3050,2862,2993,2624,2509,2000,2045,824
-1406,-1396,-1483,-1474,-1514,-1492,-1547,-1617,-1826,-1832,-1625,-408,265,-2095,-3896,-9056,-20698,-22628,-20289,-8139,14645,10339,3484,2222,2725,2883,2532,1986,2038,2296,1953,1931,1968,2155,2358,2325,2465,2209,1979,1787
-2040,-2102,-2112,-2088,-2108,-2154,-1983,1,3218,-256,-3212,-5084,-3212,-8790,-17932,-22961,-20560,-7525,9517,12433,6804,3113,2404,3206,3564,3370,3166,3244,3342,3384,3292,3152,3026,2808,2814,2398,2453,2290,2547,2867
-1880,-1870,-1863,-1799,-1851,-1918,-1947,-1672,-1398,141,-138,-1161,0,-129,-4895,-18148,-19035,-18104,3415,18517,8460,1012,1681,3873,3631,2744,2169,2532,2579,2562,2626,2562,2465,2266,2229,2344,2356,2361,2654,2926
-307,-184,-615,-765,-2133,-3453,-7856,-22246,-25514,-15752,11699,17681,6219,334,2251,3680,3037,2205,1923,2095,2223,2002,2228,1994,2543,1696,1068,801,704,212,28,-107,890,745,1048,2014,1650,2418,1542,1619
-1294,-1505,-1807,-1854,-1609,-1494,-1107,911,248,1664,-1423,-13442,-19812,-20872,-13515,6703,14558,9196,2695,1525,2506,3376,3199,2905,2984,2706,2893,2746,2655,2600,2275,2404,2421,2152,1367,1051,1020,1646,1796,1483
-1591,-1337,-1067,-439,560,-745,-649,-533,-2488,-8676,-19865,-25664,-22342,11,16461,1553,1990,3047,3281,2917,2945,2758,2856,2734,2768,2832,2943,2768,2536,2734,2807,2733,1232,56,-775,-508,419,366,1098,1443
1998,3430,2598,3746,3852,4262,3136,2530,755,35,-985,-1511,-1983,117,-332,-1866,-2758,-3117,-2386,-2083,-2394,-2619,-2290,-2583,-2115,-2038,-1390,41,10,-562,-499,696,590,-687,-2338,-2266,-2818,-7733,-23585,-27287
-3387,-3376,-3403,-3334,-3418,-3344,-3329,-3350,-3376,-3335,-3293,-3296,-2751,-1158,-72,-469,-2024,-2454,-2238,-2975,-2351,-3333,-7621,-12559,-17000,-15918,-4334,7305,12955,7714,2011,1306,2573,2950,2820,2546,2352,2210,1921,2139
-1907,-1883,-1935,-1953,-1971,-1887,-1945,-1650,-920,-155,816,-222,-1512,-1851,-1146,-5540,-13612,-18056,-18012,-7680,5936,10014,10140,5722,2087,776,1275,2373,2684,2543,2303,2362,2336,2383,2377,2261,2254,2070,2231,2193
-2561,-2618,-2853,-3074,-3223,-2910,-2801,-2825,-2762,-2494,-2251,-1906,-1450,-2068,-2161,-5999,-11286,-16205,-16896,-11715,-2901,5770,8271,8125,5100,2401,1382,2163,2704,2715,2622,2269,2257,2235,2544,2442,2559,2405,2345,1906
-2118,-2137,-2179,-2160,-2124,-2119,-2176,-2197,-1553,-147,323,-492,-1950,-3699,-2926,-1413,-269,-2542,-7226,-8346,-8027,-2109,5520,5775,5978,4239,2673,2302,2263,2072,2101,1885,2011,2048,2041,1953,2125,2180,2235,2118
-1886,-1799,-1789,-1919,-2062,-2197,-1748,-801,-1325,-2542,-3441,-4142,-2665,-2290,-2117,-7894,-14976,-13813,-2448,7354,9007,4810,1049,933,1377,2003,1994,1687,1543,1591,1670,1677,1593,1562,1778,1778,1760,1496,1520,1532
-266,121,-402,-424,-370,-177,-86,-352,-484,-569,-645,-1152,-1469,-770,426,-23,2679,-722,-1607,419,-1717,-7343,-12838,-17609,-18045,-18673,-20544,14377,-1014,-6705,-9953,-11013,-11233,-10690,-9988,-8916,-9199,-8771,-8564,-8413
-596,-673,-571,-67,-3058,-1480,821,-1756,-5435,-11258,-20114,-26284,-26764,-1888,-1688,-6789,-9478,-10689,-11359,-10855,-9530,-7967,-4930,-4593,-10523,-12132,-7720,-4586,-2633,1370,3393,2850,1358,375,-64,122,662,1507,1098,1963
152,206,292,243,182,128,80,89,109,201,109,107,47,79,87,255,-170,-1176,1176,2621,1924,-2111,-9348,-17941,-25163,30183,-23304,-6931,-6511,-8881,-10172,-11553,-9360,-5175,-1470,-10683,-16428,-8431,-4338,-4802
-223,-299,-231,-358,-1019,-302,183,210,-296,-298,-224,-147,-293,-167,23,-210,-491,-442,2441,-1113,2281,-1244,-9462,-16962,-29820,-30957,8267,-1602,-7863,-9157,-9873,-8047,-2301,-2501,-12160,-16611,-10023,-6408,1996,4094
-523,-934,-756,-388,-404,-417,-504,-574,-698,-699,-698,-793,-758,-685,-802,-711,-444,-776,-777,-687,-815,-593,-650,-667,-483,-704,-608,-635,-631,-1280,-651,2621,2016,850,-299,-8386,-18665,-29342,29883,4061
1823,781,517,384,518,669,511,578,663,541,608,523,755,566,506,741,2178,1824,3375,4160,-4399,-15776,-22798,-25938,-23663,-7101,-5459,-9761,-10347,-6504,-2849,-5156,-11717,-11753,-6043,-3310,-2150,602,875,929
-540,-551,-649,-504,-499,-286,-212,-11,-133,-230,-248,-627,-660,710,575,-224,-461,309,2507,1955,-6036,-17806,-25202,-32670,-24865,-1080,-4906,-7263,-7981,-4833,-2933,-10489,-11988,-5248,-4416,-4984,256,717,111,353
802,392,498,386,206,-103,320,394,55,90,212,-4,-74,-123,-299,-281,-129,371,352,-92,-625,-313,994,1160,2592,2089,-10945,-22215,26210,30338,308,-2170,-6498,-9706,-10185,-9197,-5880,-6457,-10422,-9660
-70,-190,-322,-547,-475,-9,2252,903,-214,-2350,-9055,-17285,-22674,-24071,-21305,6906,-1580,-7195,-10603,-9601,-5937,-2842,-5126,-10810,-8535,-6050,-4397,5668,1891,-892,-575,-396,934,430,-91,29,228,405,61,-91
-416,-297,-317,-426,-380,-402,-326,-465,-534,-460,1828,3054,-621,-2196,-5576,-14052,-26735,-32234,-21171,8783,105,-9663,-10401,-5823,-1881,-7358,-13080,-7988,-9038,-1432,-448,-32,388,-989,-1178,-629,-171,-123,-58,178
2132,-2000,-2349,-2349,-10927,-25591,-31086,-23396,362,-2980,-6273,-9842,-8977,-4107,-5160,-12521,-12962,-7268,-5749,-2472,303,1015,414,-214,-524,-396,-242,-59,-23,-135,-240,91,290,424,613,675,390,-192,-522,-867
936,-7657,-22831,32274,-17744,19828,-241,-7475,-4444,-4373,-9785,-13831,-9451,-5367,2646,127,-502,-819,-809,-61,560,10,-174,-131,114,-60,-144,-212,-141,-110,-134,-213,-195,-205,-214,-177,-219,-228,-119,-153
-140,-168,-110,-175,-218,-183,-244,-153,-196,-143,-155,-10,980,1743,-1285,-1706,1119,3096,4523,-2178,-584,584,-6547,-16527,-28747,-28221,-4031,-2299,-7210,-8784,-4310,-134,-3693,-14389,-13135,-2670,-691,-243,-811,-936
6,35,-153,-235,-527,-729,-789,-672,-618,-661,-796,-1001,-1291,-1408,-1330,-1213,-1125,-1129,-1117,-1233,-1378,-1214,-1092,-999,-521,-327,52,-478,-720,2654,2795,-915,-2537,2694,-750,-6800,-18744,-25448,-25406,-20836
-521,-943,-600,-362,-973,-1365,-1547,-1470,-1722,-1756,-1457,-1167,-925,-993,-1052,-900,-606,-641,-842,-740,-876,-630,-960,-1488,-471,408,-1656,-4149,-1250,-778,-1281,-6824,-19220,-26982,-25931,2419,-2798,-3451,-9103,-8405
-614,-7216,-17841,-24481,-22164,-23818,-6024,-5712,-7620,-7484,-3378,-3647,-8510,-12504,-12610,-11380,-3242,7452,-1220,-1191,-1301,222,465,-649,-705,-360,-200,-205,-280,-254,-175,-169,-214,-163,-168,-202,-207,-202,-198,-252
-199,-286,-213,-200,-219,-196,-241,-187,-196,-117,103,-161,-1706,-1289,2213,2187,767,-1655,-1364,-5230,-13333,-21977,-23700,-26122,8422,-3832,-9545,-9000,-7695,-3642,-2212,-5422,-11987,-13469,-10946,-4654,4237,35,-995,-1273
71,105,114,95,62,65,85,42,46,8,52,11,-38,1,-25,-12,-10,13,52,28,187,528,356,180,-534,1283,5,37,2569,2109,-2011,77,-2360,-12790,-19489,-28326,-27002,767,-4101,-7097
-5452,-1640,-1379,-4329,-10539,-12855,-13214,-5191,7478,-1419,-2676,-1895,334,-56,-1021,-592,-206,-404,-575,-348,-304,75,-133,-911,-1487,-1611,-1070,-115,881,111,-347,-401,-37,25,-216,-167,-98,-100,-131,-149
296,83,-206,-466,600,274,244,1158,2565,-783,-776,-1446,-10377,-20738,-25149,-18269,10632,-3138,-9120,-6444,-1765,-1303,-4253,-9621,-12721,-12027,4598,5107,-1659,-1913,25,1249,-6,-386,352,290,138,206,229,193
-20404,-26250,-31444,-471,-8393,-8989,-7529,-5199,-2662,-4228,-8051,-11271,-9387,-6718,111,5274,-619,-1288,-223,1191,1065,150,-286,-117,52,-18,19,-171,37,353,119,86,79,77,79,97,128,260,99,80
-44,200,91,83,73,11,98,58,58,280,200,98,-643,-1297,842,2890,3509,884,-4596,-14580,-19090,-17813,-19057,-15482,-3089,-14104,-10168,-13290,-10574,-6151,-4003,-4785,-7854,-7891,-6439,-5819,-5028,1604,4213,-2345
-1045,134,-220,-352,-444,24,12,-483,-1066,-800,-396,-307,-323,-159,-150,-351,-472,-685,-718,-327,1575,-523,194,-1526,-9760,-18477,-18440,-20775,-21687,-30219,-9169,-8575,-11635,-9403,-4250,-1604,-3001,-7377,-8458,-8003
-37,-61,-47,-89,-24,-59,-43,-60,-68,-64,-119,-278,-344,-55,-253,-410,-412,26,773,1941,1990,-2719,-12794,-18813,-21531,-26136,-21050,-13011,-7724,-11131,-11260,-5935,-1932,-1597,-8461,-12662,-8636,-4055,-3000,-984
-275,-304,-248,-206,-326,-284,-360,-285,-223,-230,-961,-682,466,-11,514,1370,-179,-1544,-1438,-7850,-15098,-21421,-24696,-25130,-24619,-4942,-9984,-12782,-8283,-4525,-1801,-5430,-11303,-9819,-7644,-5716,-778,5684,-255,-668
-1031,-2278,-3037,-3328,-2704,-1962,4166,2877,-961,-1823,-447,195,-1558,-839,1912,2806,-793,-2481,1322,-5354,-20797,-32568,-19256,-4915,284,-5088,-6579,-2716,1112,-1559,-10762,-13129,-9973,-4829,3771,424,-988,-722,-394,222
378,447,200,-624,-4579,-19885,29257,-16399,-4344,-7805,-4347,-8522,-4773,-825,-2238,-7678,-13221,-11759,-9116,-3717,4167,-331,-1659,-2992,-2882,-2477,-2424,-2176,-1900,-1825,-2217,-2403,-2374,-2318,-2137,-2181,-2259,-2464,-2351,-2199
-223,-412,-194,1,-186,-40,-380,-582,-437,-377,-459,-599,-554,-620,-128,3306,3857,-1825,-9838,-16312,-20760,-25982,32067,-26474,-9361,-7889,-7821,-10611,-8620,-8605,-6435,-3826,-1659,-4301,-8251,-8635,-6830,-4191,-2194,-759
-356,-694,-502,73,192,52,253,283,154,236,297,-189,-439,-691,-426,-320,389,285,-36,1251,3668,-2764,-1991,-302,-3526,-6542,-10891,-20528,-30487,-16992,-5958,-8442,-11777,-11660,-11460,-10666,-10423,-10073,-10186,-9886
-923,-891,-777,-981,-988,-1025,-881,-872,-911,-860,-832,-666,-757,-811,-653,-721,626,1405,-3164,-275,-4811,-12974,-24845,-29932,-23329,-11430,-3664,-9661,-10210,-8692,-4154,-484,-2945,-8911,-9894,-10885,-6263,1162,3456,1161
-1119,-1471,-1672,-1761,-2038,-2247,-2627,-2481,-2661,-2366,-1518,-1350,-2117,-2113,-947,-88,-929,-1025,-791,-601,-836,-705,-611,-696,-734,1180,1165,1131,-5123,-15669,-23965,-30727,-26230,1777,-3067,-6054,-9862,-7041,-1623,-757
305,235,217,238,262,332,245,168,143,259,247,218,135,36,0,157,181,135,189,114,-103,-151,74,3001,3340,-455,-4,-5070,-15845,-30986,-27378,2008,-3969,-4900,-11265,-9090,-3438,-90,-2774,-10705
-56,53,83,79,29,30,-46,55,25,65,133,-72,-636,1081,3014,2478,216,-4394,-11775,-14278,-19141,-22819,-21231,-18509,-7150,-9432,-9164,-5040,-213,-2722,-14088,-4787,-1635,-7616,-6484,-1092,3990,1688,-565,-908
408,-322,-1712,-2216,-1707,-858,1635,660,-721,-1232,-833,-208,-353,-922,-1584,-612,805,3657,2971,-1329,-4942,-8292,-9816,-13264,-23312,30774,-20268,-3864,-6564,-6461,-7466,-3492,-522,-3214,-9439,-11376,-9789,-4056,1889,-2234
-2889,-2752,-327,-1103,-1993,-1550,-1234,-1494,-1550,-1353,-1225,-1212,-746,-757,-554,22,2999,1010,-1894,34,-1748,-5307,-15388,-24529,32113,10483,-3235,-6785,-6595,-6649,-2562,-489,-6430,-11838,-10715,-8083,2035,2334,-287,-1621
-313,-366,-356,-308,-359,-332,-320,-281,-321,-319,-304,-376,-353,-92,-190,-384,-214,-48,-234,-53,-296,-298,960,2593,-1010,-1641,-2355,-9739,-22702,-32001,30818,-5747,-7557,-5454,-9913,-9093,-5214,-1178,-4091,-10007
-398,-395,-408,-386,-420,-430,-420,-398,-395,-291,-105,-123,-745,-498,64,-55,73,128,1219,3053,1988,-3953,-7575,-13732,-23570,-32734,10604,-2979,-6651,-6681,-10597,-5531,-1155,-2029,-8992,-11176,-7025,-6047,-3723,3217
-116,-275,-180,-182,-115,-80,-50,97,97,-78,-138,-200,-472,3373,3107,785,-5083,-19836,-29209,-31601,-10697,-7239,-5310,-10123,-7556,-2113,-921,-4136,-11418,-10488,-7681,-5027,2884,2941,-833,-2139,-1888,813,611,-317
-893,-870,-899,-881,-867,-718,-150,192,-100,-627,-747,403,552,287,-425,-539,-404,-208,488,1842,-897,-3498,-217,-4112,-12659,-24262,-28197,-18408,-3832,-8988,-13312,-9138,-4877,-1932,-3427,-7805,-9930,-9952,-7159,-3224
478,-4082,-143,-6256,-14586,-24559,-30657,5259,-13184,-6747,-9208,-9405,-5525,-2933,-5278,-8992,-9317,-8552,-6717,2434,1518,-1377,-985,-570,636,-40,-728,-439,90,-26,-390,-501,-303,-156,-208,-339,-305,-281,-453,-406
-262,-255,-360,-459,-240,42,-560,-647,-771,-698,-576,-426,-248,-147,320,529,-287,-1178,-1161,-1048,193,-495,-1209,668,174,-150,216,-4372,-12774,-19674,-23245,-25539,11862,-2631,-6946,-11418,-6350,-1971,-4698,-13305
-17173,-9493,7653,2221,-113,1659,-437,-1590,-2114,-1991,1853,1641,-516,-1597,-1663,-906,-402,-453,-615,-833,-779,-627,-462,-12,330,-1453,-1850,2626,2654,3180,-3317,-3011,-5593,-11595,-18902,-24223,-25360,-24663,-2403,-9021
-617,-577,-641,-576,-514,-384,-319,-266,-91,103,351,291,-419,-1251,116,5133,7122,-1482,-3345,-1792,-5447,-11444,-18386,-29753,-16667,-3371,-7517,-8096,-10424,-7349,-3093,-2214,-5704,-8822,-8288,-6521,-5587,-2743,857,-331
-1236,-1471,-1453,-1333,-1161,-1271,-1310,-1197,-1322,-1224,-1292,-978,-979,-983,-1043,-905,-557,102,723,813,-1098,-2589,-9317,-19758,-29777,31737,3423,-7969,-6964,-11713,-8640,-5395,-1999,-2983,-6952,-8108,-5631,-4245,-2901,-791
-611,-520,-502,-472,-544,-483,-524,-568,-557,-669,-814,-1028,-508,451,1459,614,-1297,-2108,-3995,-10988,-22363,-30828,30664,-4856,-6488,-7634,-10256,-6854,-1674,-1140,-4463,-9184,-7713,-7308,-3676,-2088,-1435,160,936,207
255,395,262,126,353,359,627,392,650,656,613,448,599,380,516,286,177,405,4835,1899,-350,-5599,-12519,-18993,-27590,29314,-4991,-9260,-7091,-9831,-9329,-6649,-3008,-1765,-8136,-10045,-7202,-5230,-3483,-1827
-934,-671,-854,-449,-512,-678,-600,-371,-439,-441,-778,-388,596,3304,-216,-7155,-15974,-23456,-31492,-12470,-3970,-6397,-10022,-8430,-2761,-465,-2394,-8484,-8553,-5752,995,150,-504,-235,1064,1700,290,-2008,-3323,-3939
374,477,449,357,382,362,949,800,860,740,827,298,1237,4526,4080,-2435,-7192,-13403,-23462,-32737,-11452,-6667,-5101,-10803,-9991,-7687,-3712,125,-2085,-8219,-14629,-11473,-5185,-1186,763,708,-236,-677,-1358,-1092
-542,-508,-435,-230,-220,-146,-286,-489,-583,-754,-1573,1027,3022,1127,-3903,-12675,-21086,-24443,-24715,11915,-3522,-3369,-7338,-6673,-2344,1014,-1838,-8386,-7780,-5672,-3781,-2883,-1546,-72,-137,-510,-898,-1301,-1347,-951
-489,-375,-370,-340,-534,-526,-493,-522,-544,-479,-455,-651,-952,-1027,-114,2557,2440,1180,1716,312,-3676,-12315,-30408,-24210,-15833,21598,-6766,-4073,-7820,-8738,-9445,-9842,-10359,-10445,-10293,-9838,-9663,-9934,-9862,-9921
-10275,-9990,-9876,-9678,-9784,-9681,-9427,-9026,-9032,-9132,-9310,-9399,-9400,-9166,-9066,-9144,-9321,-9849,-10950,-13640,-16410,-19730,-18862,-18611,-13945,-12276,-6393,13675,-30466,-32103,26032,19096,12072,9284,8052,8260,8642,8832,9074,9334
-18400,-19111,-19800,-19999,-12931,4821,28215,29515,29084,26090,18054,13521,10251,8990,8823,9014,9122,9418,9756,9436,8909,9088,8945,9178,9135,9583,9942,10068,9658,9199,8526,8242,7779,7724,7816,7343,7040,7490,7791,7754
-4,-1291,-2441,-3925,-5082,-6160,-6911,-7460,-8576,-9639,-10888,-11726,-11794,-11219,-10474,-10245,-10577,-11290,-11808,-14116,-16138,-19904,-20870,-17523,-14217,-12537,-6824,9638,27140,29603,26528,20631,14541,11379,9553,9306,9056,8981,9067,8568
-10051,-9831,-9590,-9464,-9423,-9529,-9536,-9358,-9279,-9527,-10548,-14552,-20411,-25346,-24688,-19078,-17390,-7875,16059,32115,28479,24308,19965,15075,12938,11056,10131,8699,8563,8333,8571,8650,8759,9115,9285,9432,9576,9364,9337,9251
-4906,-5457,-6245,-6994,-7581,-8124,-8063,-8182,-7889,-8255,-8604,-9071,-9571,-9217,-9539,-10622,-13432,-16858,-20351,-21480,-21437,-16032,-9729,-3189,11134,23339,25188,23005,20807,16021,12230,10405,9582,9097,8927,9112,9155,9422,9512,9115
642,563,83,-122,274,204,28,207,596,1115,1281,538,-626,-1695,-3016,-3949,-5394,-7271,-9259,-10220,-10504,-10317,-9353,-8822,-9445,-11035,-11963,-12681,-14381,-16381,-18784,-20506,-21201,-19252,-16251,-6263,21386,26224,30099,23646
-8598,-8310,-8759,-10703,-12351,-12407,-11023,-11515,-13430,-16307,-18597,-20803,-22798,-22460,-22503,-12383,12127,32540,-32365,29172,23454,15682,10768,9398,8507,7778,8082,8514,8289,8550,9199,9534,9511,9370,9546,9428,9165,9117,9055,9102
5486,5786,5775,5240,4173,2799,846,-1724,-4663,-7592,-9200,-10086,-9494,-9352,-10098,-11324,-11425,-11246,-13110,-16579,-21856,-27648,-25521,-19624,-18343,-9049,6958,26683,-32503,28270,25098,16943,13715,9703,8897,8638,8271,8188,8092,8467
-1759,-1722,-1751,-1693,-1725,-1762,-1732,-1657,-1729,-1330,-612,320,954,2519,3447,3520,3464,3250,3765,4100,3855,3940,3779,3321,2301,625,-1028,-2621,-3324,-4532,-6309,-9496,-14973,-16076,-12632,-13527,-18087,-21336,-21951,-18942
-15663,-11294,-4938,11807,28120,31010,27682,20986,16324,11128,9144,7891,7839,7980,8479,8479,7362,8142,8155,7960,8302,8901,9011,9111,9325,9541,9955,8983,8783,8268,7581,6351,6158,5946,6475,5880,4888,4185,2715,1559
-2065,-2012,-2027,-2074,-2281,-2279,-1895,-1860,-1852,-1736,-1663,-1532,-1468,-1844,-1977,409,4434,10359,10275,7113,2987,286,-1368,-2933,-5263,-7773,-11040,-14547,-20236,-22073,-15574,-16552,-22093,-25659,-21580,-18960,-15041,-3133,23403,-31411
-9366,-8749,-10495,-12955,-14547,-12683,-10302,-10962,-14270,-18113,-21771,-25142,-22599,-17098,-9400,2492,26094,24531,28843,27697,20948,13428,10445,8924,8323,8188,8398,8538,8046,7417,6648,6847,6569,6584,6499,6572,6360,5879,5025,4371
-5230,-6277,-7768,-9448,-10226,-11740,-11868,-11884,-12051,-11647,-11326,-11976,-14253,-16201,-18437,-20875,-19977,-18669,-18622,-16215,629,-26411,-29919,-31532,25403,16923,11911,9464,8672,9002,8713,9584,9056,8152,7784,5968,6166,6259,5976,6523
-12017,-15992,-20398,-18430,-18425,-22056,-24657,-23802,-19744,-14408,-8454,-2697,12586,28314,31605,28255,22018,16022,10854,9579,8531,9382,9090,9251,9177,9073,9545,9642,9627,9446,9211,8698,8389,8347,9165,8587,8395,7914,7095,7882
-7921,-13739,-17909,-15732,-11982,-14449,-19664,-22016,-23435,-23492,-20538,-12132,-6600,450,29225,28039,25589,23575,19190,13339,10481,9407,9027,8946,8893,8831,9114,9033,9317,9142,9686,9424,9073,9110,9012,8911,9076,8588,8473,8617
-17514,-19161,-18439,-20864,-21232,-17238,-13378,-3915,15447,28973,31077,26598,21387,16361,12052,9950,9562,8968,9133,9020,9051,8848,9388,9373,9539,9561,9631,9634,9646,9407,9816,9026,9475,9177,7873,7939,7037,8023,7730,7180
-24710,-23107,-18074,-9784,-2174,13625,27926,27028,23481,19386,14858,11899,10157,9692,9906,9470,9671,9783,9497,9568,9579,9723,9444,8584,7796,9527,9786,10354,9966,10160,9224,8711,8794,8181,6934,6226,5626,5107,4531,4944
-2066,-2091,-2057,-2083,-2108,-2047,-2102,-2100,-2102,-2081,-2075,-2054,-1529,639,913,1777,3281,2565,3107,4203,3156,1683,801,856,475,-551,-1888,-2666,-5304,-9791,-14988,-18184,-21505,-22119,-22532,-23512,-25594,-20593,-15737,-11441
-546,17370,26880,30694,24760,18708,13115,9904,9202,9252,9620,9494,9363,9147,9063,8593,7594,6864,5172,5550,5519,5616,6145,6103,5607,4495,3329,2473,1172,753,4082,724,-1359,-2526,-2313,-1475,-1432,-970,-922,-1455
-1267,-1264,-1170,-1052,-1164,-1204,-1189,-1186,-1148,-1190,-1155,-1196,-1267,-1245,-1536,-732,-499,-273,1232,4123,4841,6800,6383,7252,7428,5844,5154,3898,1884,-2433,-7369,-12838,-16817,-17754,-16318,-12774,-11717,-12899,-15762,-19846
-23928,-21116,-19585,-13428,-1998,27171,25075,24462,23691,20254,15311,11981,9834,9042,8464,8959,9169,9284,9075,9147,9224,8736,7591,6306,5774,5950,8096,9487,10955,10241,9820,9171,7869,6746,6176,5564,5272,3812,2113,1356
-1476,-1488,-1489,-1474,-1461,-1482,-1482,-1444,-1463,-1519,-1479,-1439,-1457,-1379,-1292,-253,947,1699,7274,9190,10624,9627,4820,102,-4945,-6121,-7314,-11240,-21213,-30532,-26099,-19988,-23278,-23223,-17225,-11340,-6214,5854,27432,-32503
2423,802,-565,-2257,-4350,-6298,-7641,-8898,-8929,-8963,-9856,-13318,-13988,-11770,-9757,-9801,-10729,-11295,-10553,-10253,-9959,-9156,-8607,-9017,-9992,-9905,-10745,-13508,-16001,-19793,-22889,-23533,-23493,-14130,-535,26121,32667,-31811,23983,16458
5495,5646,6144,6604,7453,5956,3302,1860,912,44,-1122,-2402,-4747,-6346,-8362,-10829,-15637,-18710,-17845,-18712,-21319,-24862,-23605,-21031,-19953,-12347,19823,-30215,-32701,24337,17863,13088,10290,8496,7990,8714,9082,9202,9401,9209
-8564,-9566,-11636,-14674,-19759,-22934,-24118,-25788,-23116,-17653,-13694,-8031,5176,32282,31467,27420,20424,15009,10921,9674,9316,9372,9070,9151,9589,9585,9341,9804,9394,9700,9348,9608,9546,9592,9596,9561,9653,9479,9460,9393
-11805,-12561,-13302,-15143,-16848,-18543,-21894,-21999,-20266,-18827,-17455,-2115,-32708,31328,26624,20952,14699,10190,9365,8496,8772,8983,9054,9536,9363,9626,9420,9535,9505,9434,9577,9748,9694,9825,9900,9861,9724,9705,9768,9683
-25873,-25468,-24280,-16913,-4548,27112,31799,28547,20527,16057,11859,9811,8405,8334,8539,9272,9734,9642,9778,10046,11068,10863,10564,9941,8989,7955,7906,7956,8276,8768,9388,9886,10155,10142,10066,9949,9865,9756,9657,9621
2269,1110,-205,-1348,-2921,-3833,-4180,-3790,-3213,-3196,-3190,-5246,-11100,-19982,-18553,-19728,-23055,-24768,-22169,-20225,-17626,-6333,29021,28939,29254,19933,16074,11370,9396,8234,8577,8729,8594,8829,9033,9248,9160,9206,9068,9306
-12741,-13344,-13979,-12823,-10800,-10202,-11049,-11835,-12103,-15159,-15871,-18784,-22026,-24822,-29976,-23478,321,27677,32067,20540,18585,11382,8663,7367,8250,7970,7854,8344,8930,8619,8905,8865,9112,9510,9397,9750,9589,9473,9667,9489
-11731,-11735,-10884,-10549,-11052,-12908,-13144,-11707,-11842,-15424,-17721,-20497,-20637,-20073,-21504,-12891,6682,32675,26182,22034,17564,13262,10250,8420,8015,9178,8763,9469,9097,9279,9158,9264,9481,9291,9396,9555,9428,9446,9276,9345
-9299,-8411,-9232,-10527,-11835,-11701,-10809,-9699,-9415,-9440,-9071,-10368,-17267,-23581,-22832,-21637,-19580,-17031,-13695,5695,30053,22285,22392,18380,14216,10378,8729,8113,8650,8813,8716,9048,8974,8893,8912,8892,8861,9082,9193,9221
-8886,-9036,-8989,-9121,-9135,-9188,-9452,-9681,-10663,-12552,-15086,-18973,-24484,-25442,-20576,-12750,-3104,19594,30132,31916,25521,19157,13007,10664,8897,9294,8935,9009,8982,8990,9659,9825,9895,9789,9766,9572,9518,9476,9497,9456
-1753,-2683,-4311,-6165,-7945,-8466,-8488,-7985,-8010,-9083,-9986,-10428,-10363,-10210,-9912,-9499,-9385,-9910,-10372,-10882,-12394,-13921,-17241,-20516,-24330,-24702,-19607,-16495,-5594,23207,30058,28825,19527,17181,12337,10288,8628,9542,9199,9036
7080,6025,4799,3988,3824,3243,2587,2075,1763,1361,336,-1054,-3884,-5295,-6927,-7630,-9523,-10644,-10250,-9525,-8956,-9710,-11976,-11901,-13802,-17021,-20129,-24018,-28514,-30979,-23767,305,32141,25308,22179,18146,15182,11766,9561,8786
9286,9151,9184,9330,9576,9895,10502,11164,12305,12239,11727,10848,10122,9609,8510,7575,6400,5616,4563,3865,3250,1895,-59,-2639,-4331,-7231,-7532,-10045,-12126,-11369,-10893,-12296,-19865,-24346,-29181,-29200,-25883,-20192,-7396,29467
-26973,-28430,-26818,-13344,-32617,28288,23170,17720,13515,9949,8478,7523,8987,9284,8742,9782,9953,9434,8778,8073,8595,8482,9030,9286,9621,9841,9734,9692,9597,9530,9504,9695,9771,9845,9737,9639,9608,9523,9530,9576
3644,2531,1669,1178,346,-914,-3364,-4323,-5812,-6327,-7796,-9901,-13697,-18426,-21131,-21098,-19424,-21015,-22404,-21507,-11137,18403,-31445,24626,16587,14601,12376,10276,9291,9249,8991,7969,7354,7164,7683,8219,8871,9175,9246,9218
9013,9054,9388,9444,9682,9189,8965,8849,8775,8678,8307,8361,8113,7748,5687,3244,1228,-449,-2014,-4628,-6791,-8400,-10148,-12346,-16290,-20277,-19901,-20085,-22528,-22733,-26701,-22288,-3298,-26983,27726,21799,13520,12069,10365,9732
9516,9621,9489,9531,9481,9624,9462,9567,9749,10066,10123,10100,10149,10324,10307,10299,10047,10015,9373,9455,9658,10646,10511,9348,8173,5820,2175,-8510,-21287,-26484,-23709,-21046,-20777,-23040,-24721,-17965,18095,-32010,26703,20548
9219,9258,9232,9319,9493,9691,9864,9547,9558,9911,10128,9936,9312,8721,8239,8381,8666,8725,8567,8897,9092,8796,7354,5247,3297,1542,-152,-2550,-4461,-8842,-9345,-9231,-11546,-14525,-21226,-18932,-22067,-24796,-26764,-19485
-2112,-32174,29867,27165,18303,15668,12906,11012,7732,6677,7371,8200,8462,8318,9086,9049,9346,9275,9270,9541,9389,9558,9578,9558,9662,9468,9483,9337,9345,9437,9481,9545,9246,9627,9851,10017,9794,9715,9859,9773
9718,9874,9598,8911,8467,8511,7308,6065,3570,502,-2560,-5661,-8167,-9241,-11092,-11188,-10618,-10551,-11385,-10699,-12573,-12608,-15330,-17815,-18710,-21091,-24154,-29170,-17211,22935,26534,21326,19665,18529,14539,10620,8229,7080,7281,6983
9986,10210,10284,10134,10089,9534,8971,8762,8756,9099,9378,9274,8303,6661,5472,3014,298,-2260,-3449,-5757,-7465,-8771,-9687,-10952,-14332,-14452,-18847,-23174,-23509,-24046,-25799,-21915,2047,29778,24031,21385,17275,10992,8428,7893
-9412,-9430,-9712,-9968,-9780,-9601,-9375,-9300,-9434,-9551,-9511,-9327,-9260,-9396,-9941,-10419,-13100,-13926,-17873,-20041,-22520,-23110,-20420,-12422,4616,-31371,24304,22617,17522,14223,10281,9066,8350,9597,9663,8188,8027,7922,8358,8381
-4164,-5375,-6062,-6757,-8036,-9255,-10211,-9983,-9646,-9260,-9515,-9885,-9935,-9511,-9212,-9351,-9488,-9606,-9777,-9974,-9943,-9970,-9949,-9571,-9334,-9434,-9543,-9614,-10207,-10353,-10753,-12704,-18171,-24493,-28132,-26747,-21209,-10213,18798,29263
9991,10294,10120,10366,10149,10145,10038,10444,10673,10081,8842,7986,6953,3985,47,-4790,-10870,-19603,-16744,-18032,-20509,-22234,-28330,-26367,-13095,28162,31363,26017,18747,16506,11701,9460,7705,7632,8127,7920,8410,8720,8976,9179
-10081,-9815,-9686,-9809,-9464,-9415,-9658,-9231,-8477,-7275,-8003,-10924,-14259,-15456,-17156,-19880,-23370,-25963,-23339,-13544,21298,31645,25872,19351,17333,12550,10241,6722,6533,7002,7767,8332,9061,9319,9451,9148,9076,9171,9430,9382
-9270,-9786,-9563,-9579,-10069,-10395,-9882,-9262,-8805,-8792,-9085,-9078,-9061,-8357,-10081,-20493,-24973,-22550,-19089,-17493,-14067,812,-29968,26274,24295,17135,11939,9455,8351,7812,9172,8521,9237,8612,8280,8113,9232,9851,9727,9918
-8922,-9473,-10096,-10403,-10599,-10499,-10351,-9795,-8619,-8207,-11728,-19166,-24979,-23317,-21686,-20540,-19099,-8881,28569,28880,25748,20292,16296,11315,9388,8077,7480,7806,7899,8312,8493,8912,8906,9018,9159,8910,8790,8453,8486,8572
-7389,-7196,-7214,-7687,-8212,-8878,-9442,-9169,-8468,-7465,-6338,-7144,-10478,-14055,-18966,-21209,-24220,-22822,-16272,-13827,2112,30159,27055,26165,19157,15264,11559,9738,8498,9090,9706,8814,8347,8862,8535,8581,8899,9072,9060,9018
135,83,184,263,371,259,208,187,154,160,174,115,405,879,3889,-6861,-3918,2713,-4218,26210,26210,-9916,-18318,26210,-28677,-2489,26210,26210,-25360,-8321,-3842,-4068,-2296,-1074,-1063,-2118,-4130,-3467,126,1597
182,245,254,134,113,87,202,442,551,636,807,952,806,-720,-10057,-8076,26210,26210,-14780,-3735,26210,26210,-12045,3436,3073,3108,3603,554,-2674,-2900,-727,1008,946,672,459,214,22,-298,-344,-217
-242,-183,-80,96,109,48,-145,-189,-131,0,125,50,121,224,268,700,1743,-5218,-16511,-1995,26210,26210,-16700,-3802,26210,26210,-7336,3749,5704,5620,4020,3956,3699,1262,-1042,-3723,-3856,-838,-18,-274
69,219,272,117,79,158,62,133,84,0,8,-65,-6,140,602,761,-715,-2940,-4380,-3195,-2284,26210,26210,-18176,-2817,26210,26210,-2368,3225,5540,6159,4689,2679,-348,-3333,-4075,-1097,596,346,5
64,-157,-206,-131,-44,17,-72,-24,466,1775,571,-5139,-686,624,544,26210,26210,-18273,-4577,30284,26210,-11659,3438,5737,6365,5057,3667,1176,-1971,-6019,-3589,785,493,24,205,456,287,192,254,32
174,263,248,153,132,40,28,-29,-66,-15,71,666,901,-1827,-3165,-7506,538,-25513,26210,-22716,-10563,26825,26210,-10622,3670,7767,7833,6505,5193,5768,5154,5076,4251,3648,3737,4159,3622,1985,-478,-1645
2547,2919,3517,3218,453,1334,-14326,26210,27638,-10787,26210,26210,-4729,5494,7488,6777,6214,4433,3249,-866,-6316,-5060,771,2052,1343,1190,1468,1677,1342,1180,1250,1116,967,925,752,583,629,554,563,624
575,427,457,478,442,304,386,324,231,334,344,396,1975,1009,-2449,-3346,982,-21323,26210,26210,-11814,26941,28830,471,5817,6536,6194,4890,3751,2375,-1043,-3467,-1719,1556,2303,1932,1716,1774,1391,1456
1602,1530,1322,1463,1534,1269,1140,1172,1150,1198,1200,2133,2369,1992,637,1141,3985,-19312,26210,-30890,-20198,26210,31881,-41,5649,7044,1895,-5582,-7226,-43,3200,2582,2315,2044,1997,1829,1444,1270,1178,1244
1261,1143,1238,1273,1240,1306,1270,1006,1064,1307,1009,1057,1216,1123,1046,1106,954,964,1061,1025,996,949,961,937,958,906,1245,1246,1793,2053,3148,1779,-4207,-3698,-24251,26210,-19841,-13773,26210,-22637
77,165,151,132,207,204,148,104,229,953,1166,641,-1301,-2126,-8100,26210,26210,-10903,26210,26210,-2083,5799,7488,5224,1218,-2413,-4751,-3140,148,646,618,898,929,725,461,205,279,195,160,207
127,145,253,128,127,53,233,378,731,-268,-1429,-2107,-24142,26210,-16642,30967,26210,-6601,4646,6153,5101,2318,-2740,-5236,-1962,1994,1648,942,1166,1092,1044,992,1039,963,941,878,861,867,658,769
766,612,636,636,584,371,289,621,1493,-3412,-4767,-2496,-5300,26210,26210,-20709,26210,-26396,-388,4945,6348,5861,4779,2891,12,-1463,-583,1994,2242,1384,874,849,854,778,639,321,433,654,862,353
552,1027,1200,1024,912,1042,1013,973,1245,1854,-13,-1881,-4389,-2815,-32522,26210,-20906,26210,-24856,-881,4665,6960,6002,4113,2789,-781,-3356,-2668,1048,1796,1212,1092,983,976,870,512,502,645,728,816
1006,1300,1297,1449,1526,1591,1660,1584,1587,1706,1785,1827,1929,1939,2585,3243,1747,-1012,-2688,26210,26210,-15207,-32665,26210,-10445,4004,5963,6712,2937,-4299,-12664,-8042,284,1285,702,475,670,239,-84,-192
2975,2895,3045,3023,2994,3164,3243,3182,3405,3685,3898,4177,3994,3913,4457,4535,4997,5203,5184,5200,5205,5431,5535,5679,5537,5534,5406,5482,5377,3104,-2655,26210,26210,-13793,-7317,-13056,26210,31848,-374,6832
3716,1730,-971,-1841,733,3360,2964,2508,2547,3091,3415,4014,4107,4442,4935,5025,5381,5528,6036,6063,5902,5606,5860,5877,6132,6179,6419,6268,6221,6053,5825,3686,27172,26210,-14056,-3855,-1769,26210,26210,-5678
4659,5725,4189,4800,3162,2574,3667,3749,3715,4328,4277,3633,3340,3160,2940,2587,2630,4328,1675,2808,4239,5582,5974,6275,6127,6136,-6233,26210,29209,137,-1366,30235,26210,-21820,4899,4838,4214,3716,4658,4925
2126,1947,2360,2188,2192,2294,2680,2485,2956,3706,3433,4593,5221,5410,5369,5471,5885,6037,6160,6114,5575,-3245,26210,26210,-7862,-1024,29872,26210,-13128,2976,4457,3549,1144,-3554,-4815,-2860,567,1947,1756,1033
536,371,30,-199,-104,132,71,12,16,-26,-100,-47,18,195,244,-625,1590,2739,3508,4134,4543,4343,3709,4798,5253,4735,1471,26210,26210,-9697,-2000,26210,26210,-8957,3876,5375,5834,5887,48,-1194
1684,1554,1695,1665,1598,1753,1677,1962,1682,2466,3403,3660,4341,4774,4967,5164,5624,5255,5149,2587,26210,26210,-13256,-8020,26210,26373,-876,5413,6081,3955,2108,-1139,-2762,-1450,-501,-189,419,912,743,547
392,453,431,198,184,170,13,59,-44,75,71,103,395,402,593,593,1232,3399,4867,5282,5284,5476,-7836,26210,26210,-11143,-2781,-21504,26210,-22316,4378,4592,4816,4318,3479,-47,-1734,-1905,-15,2528
2940,3110,3330,3250,3290,3292,3168,3013,3183,3090,3202,3266,3296,3450,4355,4372,3360,3431,4440,2070,26210,26210,-10001,-2970,-26272,26210,-22215,581,2721,4241,3913,3445,1727,-1106,-5349,-6642,-2463,1774,1875,1401
2119,2539,3133,3049,3425,3710,4671,3579,3075,1823,-383,26550,26210,-20724,-7293,-9606,26210,31148,219,4183,2604,1622,2654,3038,2807,2653,2955,2828,415,-2762,-2326,237,1814,1349,793,753,794,340,159,131
2513,2647,2794,2931,2898,2909,2852,2750,2753,2664,3038,2950,3219,3496,2647,1526,26210,26210,-8879,-4668,26210,30652,-688,2571,3304,2492,2130,2241,2695,2234,-321,-5683,-8368,-3226,1686,455,164,569,1013,919
1008,1093,1092,1189,1298,1240,1218,1220,1443,1484,1607,1912,1858,1602,1447,-6042,26210,26210,-8282,-28162,26210,-10348,2348,4504,4283,3577,2707,2082,-1743,-5378,-4243,-298,1595,1575,1158,1607,1749,1893,1778,1726
2053,1560,1312,1548,1373,1499,1291,1273,1645,1562,1524,1592,1555,1635,1490,1696,1949,2213,2480,1964,2625,2813,1337,26210,26210,-12153,952,26210,26210,-3861,4915,4899,3280,-1568,-4182,-2454,1384,2649,2968,2700
1779,1834,1908,1926,1803,1798,1568,1608,1800,1901,1714,1968,2182,2121,1994,2111,2208,2582,3054,2770,3036,3783,3747,3798,4137,4775,-30934,26210,-19440,-4828,-3858,26210,26210,-3838,4870,4759,3564,2771,2836,3430
5381,5025,4715,4472,4561,4793,5137,5164,5300,5273,5388,5382,-14727,26210,28179,-10780,-2849,31378,26210,-15200,1408,4640,4464,3546,3213,4314,4744,4537,3429,1567,-1712,-3234,-448,2328,1868,1140,1133,1283,1395,1294
2743,2994,3391,3716,4073,4408,4855,4879,5154,5036,5072,4500,-194,26210,26210,-16892,-1754,29992,26210,-12571,4612,5725,5501,5975,5545,5107,2556,-1052,-5746,-6140,-1146,972,564,551,544,769,753,388,120,177
4724,4958,4991,5139,4895,4847,4894,4751,4787,4671,4432,3004,-4276,26210,26210,-13988,-5501,-7563,26210,26210,-5539,4294,5484,5100,3072,2859,1741,-220,-2234,-2666,202,2102,2373,1472,757,546,970,1392,1590,1636
1474,1390,1346,1592,1554,1737,2029,2011,2121,2162,2731,3279,2987,2447,3381,4171,5759,-5939,26210,26210,-9742,-3509,-27986,26210,-22829,1374,4894,4334,2373,-341,-4870,-5270,-2085,566,1227,1396,1488,1710,1701,1377
2412,1902,1760,1662,1784,1431,1484,1226,1176,1276,1434,1009,1131,1051,1298,943,1022,1056,1062,1154,1098,1212,1269,1076,1245,1074,1191,1238,1896,1068,-2234,-931,1733,2556,-1287,26210,26210,-14097,-5715,26512
818,903,1008,1086,1112,1682,1750,2081,2006,2587,1520,2203,-18544,26210,-19294,-5543,-31902,-21634,-6753,781,-742,-3996,-9728,-11201,-3368,1598,-224,716,1262,1019,734,715,646,636,572,461,499,340,318,661
1197,1316,1192,1112,1111,1222,1298,1174,1110,1226,1377,1265,1246,1274,1214,1228,1212,1150,1218,1234,1244,1882,1699,1378,2142,2485,3377,4555,4617,3777,2048,-3582,26210,26210,-6741,-16764,-32327,-16095,1571,3225
1395,1458,1358,1372,1445,1343,1391,1657,2035,2349,1528,192,-6,-12728,26210,26210,-12387,30274,32735,-11594,2808,1519,572,-1444,-4818,-7426,-6497,-1122,462,-684,-1572,-455,164,487,1144,690,317,181,188,374
386,451,708,794,664,620,637,584,528,455,472,799,1658,2671,890,134,1725,3142,2017,-16706,26210,-20789,-8649,30321,26210,-8611,-20,-669,-4397,-7626,-6134,-131,1458,1744,1098,1518,1810,2355,2782,2230
2865,2860,2624,2454,2337,2581,2654,2732,2977,3560,3557,3354,-1998,-26019,26210,-10278,-5836,31702,-30773,-4891,608,392,-2314,-6748,-7132,-1765,1675,626,528,663,612,1398,1729,2014,2018,2415,2599,2725,3005,3303
3294,3277,3225,2914,2709,2462,2021,2142,2081,2225,2586,2807,1973,897,31389,26210,-14405,-18230,26210,-22898,2788,1942,1103,-398,-3559,-5638,-3827,-255,-59,-844,-249,280,253,190,462,473,104,-351,-700,-734
-305,0,7,6,522,494,390,327,706,917,1073,1474,2188,2459,1795,1213,2485,-11472,26210,-31862,-10357,26210,26210,-5526,-1360,-5440,-11901,-9681,-845,609,-673,-202,351,435,85,-372,-381,-321,-284,-313
-210,-311,-234,-296,-102,-131,-371,-325,-222,1007,-4401,-7720,-12755,26210,26210,-21394,28525,-24572,-1953,2723,1840,-1141,-4377,-3606,-724,103,-553,-886,-712,-477,-878,-1032,-784,-923,-757,-878,-891,-802,-815,-857
-979,-957,-1125,-952,-785,-740,-906,-471,-540,-1645,-6643,-9826,32690,26210,-10913,-24085,-28109,1334,4738,4621,3441,3548,4307,3382,2394,3991,4278,2817,2003,1374,1648,1811,1462,1373,1680,1921,964,-471,694,-2678
-28771,26210,-2545,-29621,26210,-10591,1262,2023,-1494,-4461,-5339,-2742,-146,249,-181,-295,-347,-456,-830,-835,-784,-348,-121,-350,-243,236,1207,2076,1742,2689,3536,4191,4019,4152,4202,4426,4153,4137,794,26210
26210,-16699,30950,-32415,-5969,2039,3587,3329,1906,579,-3880,-6206,-3542,-401,235,74,-170,699,1094,881,1693,2053,2261,3488,4572,4337,4292,3600,-10436,26210,-28948,-6571,-25507,26210,-8252,1312,1841,675,-3119,-6287
-347,-267,11,297,-71,-200,277,662,1415,1869,2295,2632,2704,2691,-702,26210,32640,-5412,-17812,26210,-26887,578,1049,-697,-6135,-10159,-7410,-818,406,-1544,-678,233,676,241,-492,-575,-88,128,263,444
591,292,87,96,58,-20,85,207,362,482,494,565,508,314,78,122,1014,1447,1620,-461,-1838,-21913,26210,-23006,-16143,32417,-15231,-677,-36,-256,-1838,-7715,-12246,-9423,-1312,922,-207,-430,47,-824
-1265,-1112,-933,-1000,-972,-675,-589,-53,-226,-5771,-5259,-1656,2331,3371,-2048,26210,26210,-7462,-27948,31825,-19321,-632,293,-2744,-7237,-7921,-3934,-180,-264,-499,-351,135,154,-143,-204,-121,32,-62,-184,-29
83,129,109,188,163,92,62,12,42,475,2107,102,-1622,-3031,26956,26210,-10386,26210,26210,-8507,460,1803,-2130,-8176,-9340,-3941,881,-450,-648,81,641,757,836,852,449,-6,-146,-78,38,-86
1253,1373,1519,838,-3573,-4942,-25081,26210,-1644,-28683,-26468,-8448,668,2114,2169,-108,-4209,-9051,-8752,-2002,345,-1080,-818,-162,-17,114,-408,-242,105,382,612,365,-292,145,558,370,6,186,322,113
24,127,230,60,23,93,52,30,101,120,498,3063,1761,-3370,-1107,-347,-25830,26210,-16857,-29852,-31434,-4367,1866,1070,-2931,-7305,-8848,-4702,24,-469,-1310,-514,-445,-92,350,365,267,-202,-158,-94
-54,-158,-105,-131,-260,-72,-119,-86,-128,-25,223,1439,-261,-4757,-2545,966,-15519,26210,26210,-19782,26210,-27040,-1,760,-2920,-6409,-5472,-1383,457,1228,1043,570,362,295,-17,-595,-740,-666,-656,-662
-492,-557,-958,-429,1225,2556,3089,3160,296,-3309,26210,32760,-11132,-32202,-28677,-4238,1437,2021,1166,-2743,-5836,-4924,-886,561,425,582,714,435,395,967,1250,1551,2017,2373,2103,2544,2919,3978,4052,4166
4267,-21556,26210,-4656,-6930,29039,-30927,-378,2212,2943,3457,1101,-2852,-7007,-6347,-1540,782,53,-590,-298,-113,-58,-364,-946,-1171,-1152,-936,-978,-905,-712,-517,-533,-518,-466,-706,-666,-629,-739,-574,327
-1228,-4219,-2224,760,2628,3941,6176,7415,5875,5158,3843,-10245,26210,-16706,-3516,-26402,27740,-7572,2339,3798,2139,-192,-3205,-4374,-2441,942,1317,783,686,739,641,232,104,274,243,108,75,184,304,244
312,369,293,393,437,395,363,314,291,290,307,316,351,388,1450,2581,180,-1784,1356,-3012,26210,26210,-12039,-32007,-29140,-6393,2435,2628,2785,2169,577,-1504,-5925,-10022,-6764,139,-596,-1765,-947,397
90,61,-24,163,109,172,323,475,638,1109,1075,-278,-3146,-1380,-25451,26210,-12001,-31513,-26420,-7549,816,1277,-1558,-5386,-6528,-2733,751,320,-128,505,776,917,842,590,511,400,348,236,79,26
1,55,85,141,182,159,153,153,98,64,113,10,386,2404,-576,-4883,-10556,31215,26485,-11902,26210,-23406,-351,4835,5061,3479,-1135,-5179,-6557,-3274,42,347,-372,-268,-29,37,-177,-371,-469,-346
-426,-489,-450,-340,-457,-491,-400,-372,-541,-448,-238,-496,-273,-179,-398,-578,-566,-514,-577,-145,-723,-5095,-3607,-723,-7113,26210,26210,-10914,-16590,-26648,-15917,473,1208,2594,2932,3485,3496,31,-6105,-10859
303,-156,-119,-277,-162,-181,162,607,1359,1423,1772,1835,2533,2870,3256,4012,4572,5042,414,26210,26210,-11717,-17454,26210,31859,-1517,2114,2792,2155,1409,1077,-1019,-3425,-5139,-2892,722,1158,1033,1308,1368
880,679,644,506,307,456,803,746,893,1158,1640,1792,1941,3256,2581,2965,-931,-21967,-30978,-2951,-7068,26210,26210,-5052,2349,3271,2227,-1566,-3272,-3459,-230,2261,3231,2922,1959,912,116,248,465,108
-29,608,881,870,648,485,77,-83,-212,6,84,217,633,1208,2196,1280,286,1063,2963,-9503,26210,26210,-12839,-28695,-27301,-8279,2105,1799,3333,1233,-4133,-7061,-4512,-912,939,594,805,1155,1905,2154
1954,2115,2482,2322,2380,2330,2459,2440,2245,2423,2563,2915,4215,2816,-3121,-1037,1848,2102,-16214,26210,-26880,-3645,-17041,31492,-20474,788,345,1492,-214,-696,188,3967,5472,5274,4788,4687,5027,5216,5258,5686
5245,4612,4162,3742,4617,2893,3396,4488,4331,4288,4522,4794,5002,2836,1201,2611,-314,26210,26210,-10640,-13937,-31170,-19868,1943,3759,3368,248,-4534,-5477,-432,3549,2623,2692,2592,2190,2524,2485,1969,1920,2096
2394,2850,3004,3103,3243,3546,4094,3153,2865,4336,4257,-5325,26210,26210,-13160,-5173,-15045,26210,31038,-2916,2570,2273,2017,-98,-3072,-3601,-900,2284,3010,2713,2248,2400,2355,2091,1550,1791,1935,1846,1870,2046
2780,2565,3132,3618,3749,3871,4237,4929,3549,3151,3328,-7340,26210,26210,-15920,-8309,-16568,26210,-27964,1190,4776,4290,3922,2617,16,-902,-302,3686,4396,4122,3541,3429,3444,3467,3406,3456,3419,3272,3581,3170
6906,6953,6974,6955,7117,7104,7090,7322,7108,7262,7067,7120,6600,5923,5515,-18705,26210,-26716,-12047,-30866,29582,-4968,3236,1780,1687,1223,-486,-1693,-2589,-1821,894,2263,2806,2117,1690,2344,2891,2841,2939,2913
2542,2533,2405,2334,2454,2591,2581,2710,3113,3480,3499,3400,3827,3870,3942,4425,4966,5456,5861,6281,6418,6094,4984,4816,4596,-317,26210,26210,-14027,-9952,-27372,26210,-13661,1428,2381,3985,3973,4118,3614,3980
3792,3226,162,-4993,-8501,-4463,1877,2506,1356,2332,4170,4778,4106,4563,4671,5751,6491,6175,6496,6007,5591,5992,5040,-7037,26210,-8550,-3834,-6584,26210,26210,-12683,5114,6703,4116,3991,3600,4848,4423,3983,3329
-182,-4124,-4494,547,2935,2182,1720,1447,1639,1590,1528,1672,2185,3300,1435,2179,2798,3797,1402,26210,26210,-14207,-5406,-1689,-20685,26210,-31297,-1204,4662,5071,4429,4365,4197,2581,1741,-449,-1437,1307,2210,1221
-467,-577,-533,-431,-420,-496,-395,-365,-390,-414,-406,-123,259,-383,-2410,-2490,1027,-9403,26210,26210,-5343,-3833,-2572,-22136,26210,-23160,3520,-888,2026,3253,2020,1842,-1441,-4519,-6427,-3692,1609,3145,1926,1653
3063,3007,2763,2721,2618,2591,2547,2545,2525,2490,2531,2686,2703,2774,2834,2970,3164,3101,3225,3498,3044,2405,3619,-9778,-10117,4383,7545,644,-28702,26210,-19415,-4388,-163,-11920,26210,-32130,-2980,4778,4726,3426
26210,26210,-9853,-23403,29136,-16659,2175,5756,5576,6014,5309,5143,4672,2777,-338,-1768,-587,1750,2370,2820,2808,3072,4245,4633,4581,4227,4185,4029,4063,4046,4143,4328,4275,4352,4448,4263,4451,4262,4294,4369
4346,4381,4323,4413,4410,4347,4320,4481,4354,4583,4668,5009,4912,4917,4976,4909,4687,2326,3442,-24720,26210,-17103,-15774,31021,-28811,-1139,2986,2233,2842,2129,-1136,-4161,-2417,-119,613,181,471,4,-510,-727
-1046,-1319,-1265,-1306,-1214,-1165,-1037,-1044,-544,-3386,-3412,-226,2610,3886,4258,-12853,26210,-20967,-8553,29917,26210,-6206,2314,2603,2621,1587,-2015,-2921,-2782,-1783,-247,709,-94,-432,11,-102,-428,-698,-777,-1020
263,199,89,109,195,253,175,479,1002,360,510,1111,3188,4194,5312,-9961,26210,32508,-5580,-2012,-24616,26210,-28546,-648,4828,4926,2161,-484,-5249,-6712,-3284,232,360,378,691,1032,980,810,508,125
3624,3029,1614,-771,-702,2254,3022,2433,2987,3189,4341,4069,4033,3372,3624,4343,1694,26210,26210,-8167,-6266,-4665,-13272,26210,-28859,-3293,6667,8277,7410,5909,4018,-550,-5307,-5909,-1814,974,248,1941,3176,815
661,334,-162,-188,205,317,757,1182,1821,2300,2461,3104,4754,5245,2237,3651,5318,5696,4034,-28333,26210,-8124,-7183,26210,26210,-4143,2440,7195,5503,3716,-2384,-7417,-6043,-85,505,-254,1868,4475,1990,994
606,-213,-633,-754,-593,-596,-370,98,235,261,924,3239,2665,-723,1903,3767,4519,-230,26210,27700,-10316,-1604,-22843,26210,-25023,3123,8705,5296,4301,1121,-5303,-8096,-3617,1250,806,5471,3371,1356,1153,423
134,505,1232,1888,2666,2996,3790,3991,4246,4332,4848,5245,3753,3986,1918,-28721,26210,-27155,-5276,-4440,26210,26210,-8276,2193,5618,4779,2020,-3822,-7538,-5606,0,1071,485,946,2270,2346,1529,1944,2400,2861
2846,3706,4453,4422,4652,5290,5650,6583,6535,6462,6181,6005,4471,-11532,26210,32036,-7560,-1236,-6861,30262,-29760,1467,487,3527,6567,8036,6241,2923,-2252,-4656,-1364,2197,4408,4808,3930,3929,3558,3025,2788,2874
2674,3019,3073,3448,3311,2875,2522,2804,2759,2874,2146,2649,2528,2416,782,1190,31317,26210,-14419,-3229,-638,-6344,26210,27038,-8428,4245,5047,5338,3790,4253,3657,3882,2587,-1338,-3487,-4007,-274,2427,2583,1194
425,380,503,597,573,588,667,884,1587,1860,2102,2040,3091,4367,4741,5514,4437,4703,5127,-7352,26210,26210,-8704,-2692,-32141,26210,-18837,1233,4850,5964,5361,4855,3922,2048,3728,4450,5254,5625,5728,4484
1844,304,211,922,832,344,210,963,1441,972,126,1429,1882,4669,3533,-14934,26210,-29292,-6464,-1774,3348,2592,2740,2709,-2112,-28891,26210,-15624,467,6845,5592,5465,3596,2038,-835,-2443,-321,2533,2543,3390
3099,1493,783,273,66,254,664,982,2271,2769,1967,453,2360,4112,-9242,26210,29334,-2490,-3144,-24538,29075,-10942,4650,6660,6585,5995,5680,6553,4026,-489,-3870,-2059,2124,2870,2221,3394,2757,1585,694,54
-158,-119,330,710,964,1159,1464,1392,2109,2290,3485,2072,71,-7261,26210,26210,-7408,-2234,134,-24689,26210,-19315,-368,3193,4487,2064,-2794,-5097,-2397,1158,1115,825,2553,2125,1100,460,-22,-111,189,591
706,815,992,1123,1204,1264,1393,1434,1596,2464,2621,1771,1317,2694,3045,154,-21984,26210,28718,-11671,-1565,-5350,26210,28275,-6214,2260,7096,7017,5854,6439,6591,6455,7102,5009,3697,2229,1325,128,457,662
-194,-388,-115,388,615,463,321,275,298,292,578,1093,1609,3809,2638,3839,5118,7027,7798,-4093,-29223,-16919,-6502,1816,-27070,30336,-216,5122,7232,8188,7229,7104,7299,4935,621,-4549,-1587,1992,1402,1241
1852,1816,1753,1676,1648,1738,1954,2139,2059,1851,1869,2276,3442,5925,3073,2641,5911,1633,26210,29104,-7201,793,-24590,26210,-10922,3573,5934,7069,6133,6415,6361,5989,2777,-2204,-6090,-2083,2443,2340,1171,1789
1543,1098,601,125,127,139,-67,131,441,557,492,611,631,532,317,241,241,307,401,492,557,524,492,530,723,1421,3278,-162,541,760,-10393,26210,-27733,-6660,-29528,-31380,687,3953,6320,7495
6898,6340,1783,-5397,-6880,-708,1500,965,4232,1671,917,982,1519,2710,303,1410,4331,5388,5653,4797,-26950,26210,-8883,-14837,-27893,-14455,3484,6797,7617,7295,6992,6146,3551,-1039,-3569,-1246,3202,3717,2583,3010
3130,2952,3065,3123,3466,3759,4483,5280,6104,4706,843,2944,3022,-27691,26210,-7788,-20808,31741,-9314,4871,7096,6739,6739,7345,6387,3348,-259,-1275,1638,3816,3421,3081,2518,2641,2448,2533,2941,2996,3117,3145
3587,3522,3640,3614,3730,3849,5052,3728,4584,4484,2635,-10790,26210,-24377,-8662,-29894,-27871,3600,5971,7189,6128,6140,5808,2219,-2484,-3090,511,2287,2890,3262,2158,1223,910,577,545,769,905,1062,1182,1093
890,1365,2538,3924,802,536,3130,2061,5421,7314,135,30985,-27841,-10568,-27604,-19398,4647,5537,7484,7533,6762,4460,213,-2791,-1058,2181,2577,1994,1699,941,388,-1,-143,-32,261,230,308,426,449,444
279,296,289,274,295,311,269,281,269,245,304,466,1231,1543,3134,3518,2842,348,1789,2966,-16907,26210,-12421,-20740,28074,-19528,7016,6577,6852,6512,5484,2819,-870,-4000,-1723,1341,2158,2175,2069,1786
7772,7896,7393,4828,-19266,26210,-14812,-22832,31859,-16837,3990,6565,6839,3479,-3542,-6578,-2021,1972,2032,2486,3314,2858,2373,1815,1434,1162,1063,1195,1307,1494,1660,2065,2247,2088,2157,2163,1935,2020,1994,1912
1261,1286,3060,4616,5926,6988,-14298,26210,-27448,-24368,28286,-16531,4358,6810,6546,6159,5255,2941,-2441,-5848,-3453,666,821,506,846,1032,1064,957,656,621,670,705,748,807,996,1142,1241,1216,1280,1240
1204,1130,1119,1025,1048,1077,1147,1240,1434,1938,2745,4314,2868,316,2880,4095,5084,6376,7362,-6429,26210,28697,-8926,-1894,29661,26210,-12736,3442,6461,5796,5316,5795,5808,6704,6293,6505,4391,-2713,-10902,-7575
854,822,838,793,770,851,642,431,703,1056,925,937,1077,1135,1298,1884,3369,6788,2100,4050,5995,4602,4385,-27500,26210,-9354,-11889,26210,31912,1823,2632,6291,7408,5842,6001,5355,3535,54,-5202,-6273
7368,6096,-13463,26210,32039,-12596,29836,27752,-6226,4298,5429,6089,6442,5528,4620,3572,-1261,-7738,-8136,-2039,1723,-35,123,262,630,380,-250,-495,-360,-162,12,116,335,494,407,152,13,-40,2,11
2750,2899,2773,2868,2842,2801,2800,2676,2670,2701,2723,2847,2928,3186,3851,7047,4817,-3462,5454,7741,-2659,26210,-31373,-3363,-26010,26210,-23427,7007,5172,5831,5316,4330,949,-3737,-5050,-3087,350,376,352,905
