-36,-48,-83,-64,-43,-31,-10,-11,-37,-75,-101,-83,-75,-57,-55,-1,63,137,327,605,828,2853,2256,2712,3270,4146,3451,-91,-1850,-2088,-1160,-1477,-1935,-1636,-2020,-1269,-1380,360,-469,185
77,-181,-593,179,368,403,313,57,-30,-83,-86,-50,-8,-40,-50,-63,-44,-72,-24,-53,-60,-101,-97,-209,-171,210,14,473,478,671,776,1629,1112,1075,1314,-437,-1576,-2051,-2123,-1828
-1845,-1514,-322,-201,159,537,864,692,331,208,-154,-225,-192,-291,-349,-331,-84,809,1969,2732,2004,86,1081,3290,3480,2453,2852,-1274,-1633,-2751,-1902,-2252,-2610,-2875,-2221,227,-100,-37,201,379
258,53,1314,580,262,35,-116,-229,-220,-167,-97,-66,-156,-52,-103,226,916,1021,1345,2517,3539,2727,1888,1996,-173,-1571,-2119,-2279,-2297,-2049,-2150,-934,-470,1027,0,-16,880,571,327,-144
-39,-149,-116,-9,35,-30,69,137,76,28,-50,-91,-156,-157,-151,-95,152,537,1296,2732,3348,4396,4595,2623,-215,-2330,-2137,-1824,-1374,-727,38,-693,147,1199,1119,1694,359,-392,25,162
-217,-270,-245,-373,-337,-235,-104,-95,68,-99,134,620,1480,2424,2669,3341,3570,1884,1338,-482,-739,-1232,-1775,-2282,-2430,-2418,-2208,-2044,-2017,-1488,-1077,-735,-182,-229,-7,168,207,11,-49,-61
-79,-124,-133,-106,-2,231,443,857,1622,2007,1916,1933,2318,1937,2358,3544,1856,-1330,-2703,-2976,-2805,-3406,-1572,-284,-240,-81,277,249,56,-45,-118,-87,-72,-51,-16,-9,-19,-30,-35,-43
-26,-73,-47,-39,-57,-53,-73,-72,-93,-103,-84,-22,532,1510,3628,4219,4804,4803,3850,4207,-61,-566,-1253,-1865,-2871,-3358,-3363,-2776,-2752,-1336,-834,-148,-387,-76,276,-32,8,-63,-54,-43
-20,-52,55,118,121,129,272,308,304,261,281,419,385,425,456,1318,2444,4313,6044,6083,3686,2988,3297,1133,-501,-1198,-1186,-1078,-1794,-2359,-2908,-4387,-5099,-5041,-3550,-2129,-344,-17,-292,-306
-134,-286,-237,-137,-142,-96,-78,-34,-26,-30,6,-20,38,149,506,790,1146,1004,1571,2301,3916,4596,4302,4080,2193,-844,-1995,-1503,-1130,-1203,-1447,-1778,-1851,-1897,-1885,-1716,-1576,-1522,-1578,-1334
-1305,-1300,-1114,-925,-795,-607,-408,-75,585,825,567,99,12,-231,-430,-507,-255,1031,2057,2641,2662,2734,2663,2624,2199,2851,803,-1664,-1946,-1039,-973,-1509,-2210,-2800,-2859,-2735,-2401,-2229,-1836,-1542
-67,-27,-31,-40,-92,-91,-77,-68,-81,-83,-62,-68,-69,-72,20,-139,-611,-364,872,2083,1875,1601,1813,4460,4533,2448,2222,1400,206,-959,-461,-23,-420,-1164,-2144,-2739,-3082,-2979,-2357,-2122
-471,-1042,-632,658,727,533,679,275,39,292,60,-159,47,123,252,152,493,1581,1541,2088,2204,2920,2531,1178,1134,1229,-816,-1631,-2295,-3237,-3245,-3540,-3285,-2943,-2213,-1361,-733,-426,-142,-92
-137,-2,-1,49,58,31,-20,-42,-29,-74,-25,-26,-5,-19,-10,21,60,143,304,642,2039,3076,1799,927,741,762,1175,2266,2657,1230,929,1587,-312,-1589,-1753,-1890,-2352,-2909,-2364,-2897
-3129,-3283,-2737,-2476,-1554,-312,146,-91,-70,-104,-125,-126,-102,-98,-122,-140,-172,-234,-301,376,1603,3178,2796,3146,4178,4839,3754,3362,3098,472,-505,-1535,-2511,-3579,-3664,-3177,-2812,-2213,-1934,-184
-912,-945,-326,-175,-177,-200,-187,-205,-207,-270,-400,2,2119,3800,2886,1875,1813,1969,2157,1635,2185,1564,-1204,-985,-795,-1044,-1371,-1888,-1825,-2130,-1705,-1954,-1207,-671,-758,-539,-662,-368,-402,-16
-62,-130,-142,-132,-190,-275,-477,-196,799,1967,3761,2663,2819,2453,1940,2526,2859,309,-245,-814,-1397,-2676,-3433,-3196,-1561,-745,-1031,-909,-863,-502,-297,-714,285,-10,-109,-187,-176,-254,-145,-166
-45,-8,-20,-7,-38,-64,98,433,1601,4013,3231,2437,422,835,2003,3440,-483,-3647,-4143,-3680,-4605,-4412,-3715,-3208,-1994,-1563,-1056,-632,-479,-492,-440,-377,-231,-228,-159,-219,-127,-164,-99,-102
-68,-52,32,59,109,126,47,-35,-114,-126,-216,-202,-369,-397,-385,-464,-273,27,165,501,809,2373,2898,3769,6298,8399,8138,4657,1024,-1582,-2660,-3112,-3248,-3486,-3615,-3427,-3213,-2633,-2233,-1746
-1245,-756,-798,-245,394,616,438,443,370,210,164,13,-113,-269,-276,-173,-65,56,35,15,-44,1,-104,92,54,304,1136,1942,2151,2703,3369,4670,4904,2478,1382,-283,-1148,-2222,-2754,-3152
-79,-77,-75,-34,5,-25,-13,-53,-84,-90,-130,-156,-73,593,1173,1951,2712,3676,5048,4921,4573,3859,-102,-1674,-3392,-5191,-5483,-4731,-3784,-2431,-1669,-785,53,483,325,311,359,146,146,84
21,-28,-32,-36,-83,-53,-9,-31,-28,16,-36,7,559,1354,1844,4490,6657,6690,2765,1119,416,-260,-672,-1614,-2026,-1236,-672,-743,-789,-1475,-1989,-995,-792,-888,256,340,249,55,-5,-191
-207,-246,-150,-145,40,-19,20,80,79,32,-38,-172,-213,-295,-394,-92,239,963,1717,2375,3340,5507,6625,5287,3717,1642,-1243,-2476,-3602,-4548,-4249,-3607,-2805,-2181,-1235,-667,-339,-312,-205,-130
21,0,-101,-267,-187,-156,-94,-66,-83,-91,-156,-131,-176,-443,493,1396,1388,1987,4302,6452,5719,3535,939,-607,-1676,-3072,-3715,-3626,-2731,-2605,-2007,-1156,-720,-390,-327,-298,-445,-294,-280,-143
-70,-38,-93,-98,-117,-104,-100,-118,-113,9,1073,1841,2685,3532,3564,2421,1059,-354,-2400,-3151,-3410,-3305,-2843,-1751,-1102,-633,144,562,681,419,130,21,198,307,70,58,-106,-101,-108,-80
-45,-12,-145,-101,-100,-123,-130,-120,-228,-410,-326,890,2505,3852,5345,7199,6284,4535,2036,-2104,-4203,-5145,-5705,-5193,-4117,-3260,-2147,-886,-193,-121,-238,-221,-260,-194,-115,-81,-24,17,31,32
-49,-67,-9,21,38,87,45,22,-13,-60,-67,-116,-109,-144,-137,-277,-452,-561,-429,140,805,1502,1786,3560,5369,4438,3038,1354,-1310,-4029,-3772,-3901,-3880,-3537,-2426,310,-280,407,207,72
-481,949,2542,4290,3341,2618,-255,-2623,-4284,-5505,-3974,-2877,-2311,-1611,-1042,-634,-575,-395,-386,-289,-179,-102,-146,-127,-140,-166,-126,-132,-91,-61,-69,-37,-60,-100,-53,-37,-41,-55,-77,-98
-49,-80,-89,-94,-79,-94,-72,-65,-54,-64,-80,-97,-99,-94,-63,-41,-3,421,1566,2462,2864,2509,3752,4569,3749,2172,989,-356,-571,-1072,-1903,-2446,-2606,-2168,-1956,-1761,-1395,-1022,-791,-861
-575,-604,-484,-466,-314,-98,299,554,249,65,-76,-190,-272,-233,73,1320,2196,2347,3617,5123,6351,5233,2787,477,-1606,-1391,-2733,-3187,-2950,-2674,-2487,-2152,-1603,-1243,-1004,-488,-312,-62,-6,31
284,344,506,522,432,431,326,243,-74,-271,-144,-92,-144,-104,50,33,-49,-323,616,1433,1491,2521,4158,3073,2537,320,-417,-1107,-2020,-2941,-3208,-3044,-3143,-2461,-1771,-893,-589,-327,-235,37
-12,23,89,105,126,49,8,-17,-39,-89,-141,-164,-121,-103,-108,-100,-173,-301,-365,305,2140,2787,1568,3933,4599,3183,1421,-7,-930,-528,-1152,-2148,-2443,-2502,-2067,-1907,-1540,-1484,-1480,-1505
-1237,-1111,-1024,-775,-570,-312,-91,256,578,523,178,98,129,-606,-1086,-1026,97,1731,2925,1598,1498,4021,5678,5957,4549,-359,-1626,-1437,-2135,-2995,-3384,-3046,-2890,-2821,-2643,-2540,-2362,-2137,-1913,-1575
-1289,-987,-1010,-667,-413,-181,-105,-126,-137,-79,20,-1,47,82,23,73,78,171,199,126,0,-81,-120,27,-74,-157,-118,-17,60,51,48,137,1935,2028,1815,2906,4285,4017,3395,2073
11,25,-28,-69,-48,5,33,54,-13,-24,-73,-86,307,927,1801,2645,2363,2875,2318,3011,3632,865,-2297,-4196,-4504,-4282,-3253,-2630,-2343,-2178,-1805,-1390,-998,-616,-202,559,910,547,-199,-385
-337,-473,-440,-219,-142,22,-12,63,-8,59,434,2008,3154,3393,4639,4426,2661,116,721,-240,-1780,-4455,-6230,-4979,-4277,-3006,-1787,-1415,-1201,-653,-385,144,338,51,-87,-207,-250,-248,-117,-65
33,451,454,275,-60,-96,-105,-110,-65,63,522,1410,1789,2098,3063,4161,4398,4517,3576,-146,-1571,-2779,-4004,-5142,-4399,-4445,-4613,-1815,-2348,-486,287,169,71,-117,-8,17,10,-25,-73,-99
-87,-104,-87,-94,-106,-79,-67,-125,-211,-1027,-1459,-1652,631,2105,949,1630,743,16,696,2587,5152,2990,-2846,-4995,-6110,-6600,-5271,-3941,-2357,-821,-543,-369,-258,-80,54,56,242,266,277,149
90,-129,-146,-292,-362,-281,-195,-225,-494,7,1395,1599,939,3738,5095,3854,1773,-125,-341,-352,-763,-1561,-2764,-4140,-4223,-3164,-2534,-1416,-857,-433,-621,-277,-24,66,239,310,302,178,10,-175
-274,-335,-267,-229,-132,-98,-3,-47,-124,-150,-307,-247,1024,2017,2467,3170,3785,3901,2156,359,95,-454,-1301,-3150,-4297,-4448,-3256,-2726,-1215,-688,1281,1577,1008,361,115,-61,-27,-51,-155,-219
-272,-400,-295,-308,-238,-185,-192,-410,-674,-291,-167,1124,3084,2947,3151,3647,4296,3076,1816,1639,206,-1739,-2280,-2077,-1668,-2293,-2852,-3673,-3962,-3130,-2512,-998,-254,-93,-228,-230,-169,-78,-71,-53
-179,-116,100,842,2000,2764,3063,4676,5598,2932,2801,1993,-526,-1878,-3233,-4151,-3925,-3763,-2746,-2268,-774,254,286,76,-36,-221,-259,-238,-231,-122,-106,-64,-65,-53,-70,-11,-80,-130,-106,-85
-148,-150,-11,131,271,246,154,58,13,-102,-190,-19,201,581,970,1070,1474,2161,3193,4017,4563,4278,1761,-1719,-1951,-682,575,132,-1350,-2784,-4131,-5827,-7093,-7253,-5920,-3277,321,275,193,-20
-191,-162,171,158,202,311,294,108,28,-28,-187,-255,-180,-63,622,1378,2542,2415,1693,2588,3714,3973,3966,599,-1889,-3779,-4946,-5787,-5597,-5207,-4537,-3097,-2094,-1146,-208,-126,-47,130,135,89
150,68,-21,11,-37,-25,-90,-105,-137,-119,-226,-335,-511,-563,-384,389,1219,1684,1652,1851,3048,3883,4480,4536,3957,-132,-2645,-4570,-5284,-5917,-4592,-3435,-1454,-1183,-540,285,459,412,734,611
114,61,-12,-113,-169,-137,-178,-106,-80,-120,-178,-400,-1128,-1473,-683,1061,2147,3557,2505,2574,3068,4014,4406,4744,2520,-1724,-3477,-5094,-5348,-5536,-4909,-3588,-2260,-1239,-218,197,262,271,132,-80
-37,-64,-40,-71,-122,-134,-189,-153,376,1059,1818,2027,2654,3938,4268,3863,3883,2249,-1136,-3099,-4629,-4532,-4417,-2973,-1161,-698,-906,-202,182,13,5,-113,-225,-274,-276,-209,-206,-88,-19,27
-17,15,-49,-77,-120,-130,-154,-148,56,1084,2221,3221,3431,4690,5052,2906,1192,-706,-2076,-2984,-3460,-4145,-3142,-2055,-1898,-1123,-644,-496,-172,-114,-76,-225,-276,-272,-184,-129,-38,-57,-76,-58
-77,9,79,41,-61,-78,-39,22,612,1575,3244,5229,5652,5346,4940,4731,1372,-2510,-4596,-5993,-7468,-6817,-5825,-1731,-2113,472,652,27,249,249,-78,-19,-39,-158,89,381,489,434,259,122
-68,-80,-15,-89,-92,-93,-268,-199,-249,-166,117,-133,-941,-1114,-479,1886,2399,1605,688,6518,7654,5682,2473,-391,-2437,-5695,-8157,-7609,-5463,-3286,-1083,144,104,16,-193,-820,-982,-297,-40,163
-106,-120,-101,-96,-124,-24,1,-93,-48,-48,-74,-60,-81,-77,-71,-84,-52,-6,-36,8,99,426,716,116,1013,934,1433,1866,4056,5625,7120,8721,7205,1158,-2063,-1451,-186,45,-248,-477
-761,220,1661,2137,2199,4481,7051,8721,8721,1378,-1796,-983,-121,41,-281,-295,-176,-85,-121,-166,-202,-279,-404,-741,-1730,-2752,-2772,-2278,-1796,-1680,-1222,-1113,-1427,-831,-754,65,549,582,502,260
938,1612,2551,5601,8721,8721,8721,233,-2028,-827,101,90,-84,-84,-120,-136,-258,-331,-384,-399,-365,-755,-1602,-2007,-1390,-1202,-1046,-861,-634,-858,-1002,-891,-1057,-692,-425,-134,-55,27,320,-27
77,210,599,572,480,270,-18,20,-92,-84,-93,-75,-97,-106,-95,-63,-58,-62,-66,-56,-65,-65,-29,-120,-437,-929,409,1817,1784,2095,4399,7453,8721,8721,2295,-1200,-1048,-549,-230,-187
-69,-89,-64,-49,-40,3,-840,-1066,-211,1584,3023,4825,7695,8721,8721,7484,1948,-1318,-1195,-489,-279,-358,-266,-130,-172,-237,-366,-446,-643,-1140,-2172,-2217,-1689,-1251,-955,-533,-596,-574,-498,-536
-70,-62,-70,-59,-624,-1536,-842,230,2082,3505,6086,8721,8721,8721,3514,3,-1201,-594,-143,-109,-285,-316,-200,-160,-228,-262,-304,-430,-982,-1979,-2508,-2031,-1294,-709,-344,-151,-259,-93,-17,-137
-63,-55,-51,-76,-82,-104,-85,-82,-91,-96,-87,-81,-86,-138,-153,-150,-169,-239,-436,-1348,-786,2476,4312,8366,8721,8721,8393,2085,-863,-1227,-647,-303,-279,-347,-332,-360,-372,-449,-500,-1253
-8,-34,-113,-149,-136,-1039,-1768,-1990,-19,3865,6616,8299,8721,8721,4886,665,-1326,-519,-108,-234,-398,-398,-350,-898,-2218,-2873,-2908,-2170,-1628,-1224,-973,-996,-596,-663,-237,-52,235,459,-45,-71
-77,-77,-73,-78,-98,-108,-80,-78,-77,-85,-91,-90,-70,-65,-72,-86,-180,-607,-1273,-788,0,1209,2871,6864,8721,8721,8721,4588,913,-1045,-1126,-671,-187,-65,-138,-137,-178,-174,-209,-208
-75,-77,-87,-71,-71,-68,-80,-98,-101,-80,-34,-20,-36,-71,-427,-634,-1883,-1768,-229,2026,6488,8377,8338,7148,1887,-450,-1194,-686,-363,-232,-363,-483,-425,-315,-269,-402,-696,-1373,-1697,-1986
-75,-92,-74,-48,-59,-76,-79,-88,-84,-80,-77,-69,-133,-142,50,99,3,295,225,-304,-1471,-1548,-54,2199,2604,1686,981,1921,5689,7545,8405,8721,2946,-554,-1421,-615,-72,-39,-264,-374
-69,-65,-68,-76,-92,-96,-98,-104,-116,-138,-218,-442,-562,-397,-38,-53,-751,-2334,-2282,1991,7910,8721,8721,8721,3119,-107,-1535,-558,-424,-217,-237,-135,-229,-354,-549,-1288,-2577,-3591,-3271,-3132
-61,-62,-50,-55,-100,-86,-316,-1446,-3314,1279,3979,6466,8089,8721,8721,4739,1262,-372,-409,-508,-384,-421,-433,-354,-315,-361,-427,-464,-1166,-2477,-2963,-2803,-2178,-2175,-1339,-372,-465,-48,264,700
638,611,903,980,925,721,250,-12,-91,-90,-68,-108,-100,-72,-62,-75,-99,-90,-100,-89,-73,-68,-77,-65,-61,-57,-55,-87,-131,-486,-1590,-2969,-188,4349,6634,8721,8721,8721,5373,-546
-184,-118,-77,-71,-60,-47,-44,-88,-136,-284,-442,-1054,-796,-1010,933,3399,6806,6438,4014,5952,3946,2072,-490,-635,-216,5,-150,-336,-262,-231,-198,-210,-201,-176,-190,-183,-147,-154,-195,-159
-123,-153,-181,-218,-221,-171,-388,-1662,-2696,-1172,1786,4801,8582,8721,8721,8381,968,-872,-1208,-793,-412,-165,-251,-192,-320,-476,-1062,-1706,-2255,-2268,-1915,-1792,-1498,-1880,-1632,-1488,-860,-309,-353,-103
-68,-67,45,222,664,848,922,1201,889,273,-109,269,80,-54,-128,-129,-154,-146,-104,-63,-76,-66,-49,-50,-71,-109,-227,-797,-1457,-2109,-561,1840,2884,5313,8721,8721,8721,8721,-843,-1304
146,81,201,163,107,-18,10,-19,-76,-58,-69,-92,-335,-1700,-2470,-975,1670,2295,4601,7616,7943,8721,8721,-615,-292,-728,-107,-452,-377,-312,-145,-164,-208,-293,-447,-1014,-1854,-1972,-1694,-1467
545,377,-391,-735,-984,-977,582,7022,8721,8721,8721,3814,-912,-1133,-316,-404,-515,-483,-439,-417,-501,-429,-260,-249,-300,-359,-659,-898,-888,-593,-735,-903,-1365,-1415,-1590,-1470,-1643,-1223,-1035,-602
-369,133,603,1634,1543,886,551,106,-512,-486,255,790,830,347,102,35,28,37,-97,-188,-241,-150,-146,-137,-107,-41,-60,144,229,127,44,-13,-450,-1598,-897,-280,2155,8528,8721,8721
1095,920,715,-319,-188,29,-97,-563,-1569,-2019,-1015,2520,2143,1181,390,363,549,1356,3166,8604,8721,8721,7196,-586,-1383,-186,102,-411,-311,-129,-104,-267,-397,-310,-324,-301,-385,-549,-995,-1368
-39,-24,-53,-28,-13,33,44,-84,-430,-1347,-967,424,1949,3198,6789,8280,8721,7438,3331,-684,-1648,-770,-250,-200,-217,-140,-105,-101,-215,-193,-158,-211,-237,-385,-607,-723,-672,-875,-951,-1255
703,2905,8721,8721,8721,6945,-1225,-1770,-434,264,-229,-244,-142,-48,-174,-250,-243,-269,-252,-356,-487,-1407,-1614,-2075,-2239,-1932,-1892,-1457,-721,61,-400,-946,-955,-380,-191,-18,2,97,157,186
-84,-99,-82,-90,-96,-95,-120,-134,-247,-747,-1976,-2881,-367,3009,4072,6968,8721,8721,7783,2288,-904,-1626,-601,24,-12,-56,-140,-182,-161,-101,-148,-313,-476,-1454,-1763,-1936,-1678,-1492,-1334,-1396
-102,-87,-60,-49,-59,-83,-116,-567,-1237,-2121,-2099,-468,1214,1858,3621,8149,8721,8721,6676,950,-1037,-798,-281,-134,-255,-228,-214,-208,-163,-199,-150,-103,-109,-100,-137,-152,-154,-153,-201,-647
-61,-51,-52,-40,-40,-67,-46,-185,-781,-1773,-501,1177,2387,4342,8395,8721,8721,7119,1742,-631,-977,-308,-183,-253,-201,-139,-203,-185,-246,-323,-415,-435,-441,-633,-820,-1534,-2511,-2826,-2617,-2413
-2099,-1952,-1116,-1210,-715,-110,-72,595,895,1294,1234,944,379,503,1071,290,-108,-24,-32,-40,-31,-35,-63,-64,-53,-61,-91,-156,-709,-1617,-1551,-696,-125,761,1104,1632,3993,8139,8721,8721
17,106,7,-68,-119,-81,-71,-68,-73,-77,-64,-60,-68,-283,-887,-1494,-1225,107,1560,3117,5553,8721,8721,8721,882,-836,-1121,-142,-246,-372,-187,-97,-69,-148,-134,-199,-241,-470,-866,-1429
-75,-66,-68,-68,-61,-65,-61,-57,-68,-62,-74,-72,-92,-83,-101,-155,-763,-2115,-1041,335,1864,5865,8721,8721,8693,3423,-239,-1425,-446,-273,-239,-332,-284,-197,-229,-174,-185,-71,-82,-70
-83,-62,-128,-211,-108,-59,-61,-78,-237,-688,-1708,-1922,510,2774,4141,7553,8721,8721,8327,3257,-526,-1484,-525,-215,-181,-132,-93,-146,-236,-165,-101,-75,-83,-118,-253,-350,-1003,-1533,-1390,-915
-740,-246,85,332,190,304,-135,21,2484,7027,8721,8721,8721,-834,-1444,-1066,-379,-454,-343,-141,-122,-272,-306,-299,-326,-367,-385,-318,-215,-204,-221,-724,-1386,-2054,-2331,-2478,-2327,-2082,-1902,-1566
-1446,-1139,-909,-1132,-817,-681,-272,-219,68,300,486,397,74,186,301,121,260,115,-211,-520,-402,-104,-57,118,17,69,47,30,121,727,2085,3582,6578,7969,4819,-666,-1351,-667,-136,-182
-132,-104,-68,-96,-143,-130,-125,-121,-119,-142,-158,-122,-73,-41,-26,-57,-61,-75,-102,-124,-124,-165,-267,-612,-2284,-2817,-750,3468,6397,7490,7703,6626,2047,-132,-1299,-482,-140,0,-72,-118
-28,-50,-69,-79,-73,-72,-57,-55,-53,-62,-63,-66,-81,-106,-72,-275,-1365,-2968,-2501,-306,2103,6230,8721,8721,7928,5049,395,-996,-708,-241,-164,-292,-188,-207,-110,-222,-225,-401,-446,-443
-21,-96,-55,9,16,-11,-39,-335,-1506,-3116,-855,2092,2834,4317,5948,7778,7326,6060,2182,-223,-1172,-850,-243,-2,-36,-29,-100,-129,-203,-235,-540,-905,-1194,-948,-732,-598,-380,-270,-348,-370
-68,-75,-66,-64,-65,-67,-84,-80,-79,-80,-92,-92,-92,-103,-116,-157,-231,-294,-1776,-2893,-948,2143,6674,8592,8721,8721,4360,-769,-1498,-623,-181,-138,-319,-339,-486,-1051,-1374,-1589,-1451,-1219
-74,-74,-76,-57,-63,-70,-83,-73,-65,-76,-80,-61,-42,-49,-42,-432,-1761,-2485,800,5239,8721,8721,8721,5937,-216,-1366,-639,-96,-220,-411,-326,-197,-172,-229,-186,-153,-169,-210,-486,-648
-67,-120,-148,-132,-94,-41,-33,-161,-1521,-2705,-192,3592,5589,8399,8721,8721,6281,-273,-1115,-436,-370,-453,-305,-180,-131,-210,-289,-248,-295,-234,-169,-184,-206,-232,-343,-476,-794,-636,-1123,-1222
17,-3,-43,-44,-52,8,74,47,20,-47,-49,-379,-1404,-2360,682,5238,8435,8721,8721,8268,2847,-259,-1469,-518,-382,-300,-404,-211,-99,-67,-129,-67,-29,-63,-53,-97,-222,-374,-705,-605
-49,-36,-31,-55,-43,-48,-118,-298,-1848,-3802,-575,1863,3069,4479,6968,8721,8721,7964,2821,538,-1228,-773,-405,-202,-243,-153,-182,-148,-156,-128,-184,-229,-271,-351,-364,-292,-230,-88,-82,-43
-59,-69,-70,-75,-94,-76,-157,-171,-242,-720,-1800,-2420,-730,590,3758,7838,8721,8721,7912,691,-792,-1330,-191,-166,-330,-286,-186,-105,-160,-144,-152,-183,-181,-221,-192,-281,-324,-646,-802,-2008
-444,-692,-421,218,1442,2208,3832,7210,8721,8721,6457,-384,-1277,-1181,-347,-352,-358,-358,-183,-175,-222,-207,-270,-430,-698,-1228,-1193,-1137,-1447,-1626,-1489,-1386,-1044,-331,-50,674,434,937,1172,1236
-66,-24,-34,-45,-35,-102,-290,-1641,-2808,-3404,1805,7573,8721,8721,8721,5914,1047,-1277,-1502,-717,-251,-109,-98,-108,-169,-145,-190,-174,-225,-198,-181,-246,-562,-622,-886,-570,-107,-133,-315,-626
-127,-125,-206,-529,-1557,-2224,-3,1404,2495,3738,7361,8721,8721,8721,1715,-1332,-449,-140,-209,-142,-116,-136,-96,-108,-82,-87,-124,-225,-266,-261,-543,-937,-1746,-2011,-1691,-1240,-970,-445,-77,102
337,590,738,831,1368,1063,1007,589,627,1064,1291,1448,1365,388,-108,78,112,-86,-174,-90,-10,-73,-258,-222,-97,-200,-426,-1036,-2076,-2018,-1009,306,47,665,1646,1659,1561,2835,8086,8721
-68,-63,-76,-70,-72,-79,-79,-79,-79,-87,-87,-113,-323,-777,-1379,-2106,-1643,-383,448,919,1388,2166,4042,5162,6250,7777,6831,3235,380,-1221,-968,-353,-64,-111,-190,-220,-224,-172,-144,-77
-69,-58,-67,-61,-70,-64,-62,-128,-318,-768,-1567,-2041,-947,508,1742,2559,5380,6947,7895,6939,3905,1091,-638,-939,-943,-476,-168,23,-17,-65,-69,-87,-62,-112,-150,-167,-162,-137,-112,-79
43,-48,-85,-85,-77,-164,-241,-359,-337,-324,-354,-507,-1145,-1344,-841,545,3150,6907,7784,7863,6414,3333,1119,-206,-656,-695,-217,-38,100,-103,-72,-153,-101,-56,-20,-87,-134,-197,-239,-268
-62,-71,-60,-66,-56,-51,-55,-98,-219,-509,-945,-1096,-1108,-766,-286,33,534,1052,3215,4051,4360,5121,2889,794,-21,-462,-288,-247,-146,-210,-156,-113,-74,-90,-40,-82,-11,-59,-85,-160
-45,-42,-48,-72,-81,-91,-17,-498,-1241,-1341,-536,250,685,783,1765,3434,5225,7532,6625,2737,174,-1336,-707,-304,35,47,-43,-85,-121,-108,-104,-67,-82,-61,-60,-120,-188,-149,-161,-96
-380,-784,-536,35,254,280,98,21,-8,-16,18,77,132,-209,-129,-106,-249,-522,596,671,-437,700,2365,4470,5885,4804,4638,2937,-639,111,72,117,76,-123,-167,-624,-1116,-1469,-2035,-2584
68,148,113,-77,-288,979,846,-800,-1228,103,4414,7504,8721,3295,735,-154,14,-131,-238,-267,-208,-1129,-2773,-6011,-8741,-7339,-4540,-533,1543,1235,74,-613,-418,-71,361,483,526,-492,-409,136
-10,8,-36,-44,-71,-52,-50,-35,-34,-79,-88,-92,-78,-70,-55,-71,-92,-12,-51,-300,738,1225,1811,2014,5765,8721,8721,2298,1338,-373,-484,-449,-530,-2185,-5248,-7228,-6946,-4775,-2166,1723
-74,-85,-92,-148,-88,63,-59,-111,-113,-139,-144,-191,-147,-137,-107,-78,-174,-129,857,1359,175,-1157,-1444,1360,7661,8721,2947,934,-581,-166,-433,-1290,-3052,-6871,-8741,-6307,-1722,967,1060,-974
-83,103,362,246,30,-72,-98,-73,-45,-50,-82,-79,-39,-65,-75,-83,-212,-257,-19,-51,-76,-75,-140,-57,-91,-88,-37,-168,-266,-379,-50,-586,-555,650,1022,715,2540,6774,8721,5279
-142,-71,-69,-119,-40,-19,-53,-39,-92,-78,-85,-102,-100,-120,-83,37,37,609,1890,1123,-968,1314,4930,7633,8721,4147,525,-288,-11,-927,-3658,-7419,-8565,-4325,-514,76,1591,943,3,-501
-54,-142,-207,-178,-256,-214,-106,-64,-132,-71,-116,-178,-188,-121,-121,-14,83,178,851,1627,-982,1223,5552,8721,8721,4801,105,-28,-581,-2181,-5660,-8741,-8741,-2455,-2451,414,971,-65,-27,362
120,57,110,28,-190,-44,1,-213,-185,93,20,-37,67,46,50,22,-16,-22,-92,-41,-26,-122,-255,-124,994,379,770,3958,8721,8721,7443,-903,-61,-270,-400,-1020,-2747,-5440,-8166,-7830
-40,-69,-35,-70,-23,-10,159,794,1694,1697,1001,1966,4258,6195,6778,541,833,395,-88,-174,-1402,-4446,-7986,-8741,-5232,1198,3109,413,-149,59,-232,-271,146,0,-12,-25,23,58,166,150
-85,-66,-63,-60,-81,-84,-47,-62,-109,-142,1,-420,70,1029,1053,1813,5328,8371,8044,3544,-383,71,-354,-1607,-5338,-8741,-8058,-2796,3245,2702,-21,27,-326,-487,-151,157,98,61,130,43
-1266,-534,2078,1498,1213,4258,8721,7563,4764,703,557,161,-630,-3145,-7631,-8741,-5873,-822,2451,1183,357,19,46,-264,-223,75,156,59,-176,-92,-20,-139,-376,-421,-278,-258,-295,-181,-126,-23
800,-109,3937,8721,8721,4433,972,-103,-2768,-7987,-8741,-4567,1455,2775,691,33,-139,-325,-310,-44,42,28,-92,-90,-45,-48,-7,-75,-84,-79,-64,-55,-57,-77,-109,-39,-61,-71,-68,-68
-87,-70,-57,-65,-61,-59,-69,-88,-85,-80,-71,-98,-810,-2050,-923,1126,1224,218,354,-1129,1092,-587,-303,1085,7708,8721,6877,1103,-351,179,-1282,-4890,-8589,-7641,-667,2411,-7,-289,-30,-67
-107,-115,-97,-8,67,120,300,442,343,214,97,42,4,-19,-88,-163,-158,-119,-90,-149,-272,-547,-897,-731,-275,-104,-251,-299,-1,45,-219,210,1991,389,-254,475,2951,6776,6796,6207
98,-39,44,172,323,416,382,119,-131,-357,-436,-312,-244,-198,-222,-386,-242,-241,-170,-67,106,183,97,149,385,178,-1239,-182,639,-504,-480,1012,4705,6864,8171,5453,1121,31,-43,-1834
-1376,-1661,2545,7547,7549,8721,4150,-503,792,-758,-3038,-6562,-8741,-7814,-1997,1258,2306,239,-132,-67,-444,-60,-60,-96,-64,-109,-104,-102,-142,-106,-101,-85,-52,-61,-70,-51,-43,-54,-55,-61
-57,-63,-83,-79,-55,-65,-82,-78,-74,-64,-19,-127,-224,-197,185,150,447,692,159,-212,1825,5119,6408,7317,-1280,1635,312,957,-388,-2449,-4899,-7702,-7382,-3198,476,1453,1215,30,-347,-506
-56,-52,-61,-67,-49,-57,-67,-67,-31,-64,-61,-53,-57,-62,-76,-67,-64,-76,-75,-77,-78,-441,-666,-670,189,496,335,379,-186,-1128,-1256,-11,-574,1581,5445,8721,8721,4140,-383,822
153,-2115,-5329,-7867,-6502,-2588,553,1617,1479,175,-335,-448,-262,-56,-76,-175,-117,-95,-92,-123,-97,-98,-178,-16,-74,-124,-176,-337,-268,-42,-16,-144,-95,-56,-65,-67,-73,-50,-67,-68
-627,-841,-416,230,539,282,146,30,-628,-1476,249,-232,332,6157,8194,7945,-657,3388,899,748,-1379,-5261,-7173,-5285,-776,1800,277,120,-902,-257,-233,53,-25,-51,-92,-81,-60,-39,-85,-67
4266,6741,8564,-1577,6324,-1060,330,-1864,-4178,-6074,-6725,-4425,-1582,740,1405,427,-642,-356,-331,15,27,141,197,163,43,-57,-92,-108,-150,-235,-118,40,-6,-19,-42,-65,-100,-126,-153,-150
-51,-29,-64,-86,-45,-61,-56,-118,-45,-74,-92,-80,-55,199,440,-120,-363,1257,1136,805,3487,5004,5896,6191,-2481,4006,1021,260,33,-956,-3172,-5590,-6878,-5445,-1546,-336,444,1924,788,-354
-55,-269,4,-11,6,13,-21,-62,-86,-95,-221,-154,-118,-57,-125,-152,-170,29,244,341,-105,-19,977,-150,-145,3628,5515,6284,6516,-5370,4750,-397,490,31,-922,-3038,-5262,-6757,-3572,291
-72,-76,-73,-67,-63,-63,-64,-77,-70,-77,-68,51,122,37,-44,-80,-61,109,-146,-982,227,904,988,3733,6057,6235,6964,2078,-945,175,79,-1192,-3009,-5457,-7190,-5303,-315,715,1467,1044
-81,-115,-76,-45,-47,-57,-61,-78,-90,-161,-136,-116,-166,52,158,192,318,370,6,1476,3240,5249,5481,6657,2381,-692,537,624,-553,-2043,-4038,-6699,-7348,-3121,-132,1397,1523,18,-213,-28
-545,-944,-1304,-1136,-466,329,164,23,94,-123,-120,-136,-102,-115,-4,-480,-1263,-104,-978,-1266,2441,8721,8721,3183,1796,-177,241,-726,-2776,-5293,-6670,-3075,528,-455,-347,26,312,-177,-330,17
-83,-1417,-1301,-665,-568,3147,8721,8721,5895,2414,98,-24,-878,-3294,-6548,-7768,-4857,-1720,777,2858,781,744,344,123,154,-50,-218,-241,-25,-4,1,9,-76,-92,-112,-72,-35,-64,-109,-98
252,408,334,60,-104,-36,-48,-68,-116,-67,-42,-49,-57,-58,13,-575,-492,1920,689,2084,5498,6843,7118,-1407,3386,450,264,157,-201,-471,-825,-2263,-4348,-6439,-6614,-2691,-715,899,1200,621
-446,-545,-288,-87,-62,170,275,20,-167,-207,-366,-232,243,489,376,-268,-401,-331,-169,23,-485,-1213,1258,-155,-74,1139,4285,5025,6727,-2986,2651,240,-8,64,-31,372,371,245,63,40
-38,-68,-116,-108,-83,-84,-58,-91,-127,-146,-124,-83,-128,-99,-105,-99,-29,-1869,-2601,638,341,2667,6226,8675,7699,4376,-31,230,-601,-682,-1752,-3201,-5570,-6818,-3633,-295,1604,617,-285,-320
161,196,505,411,439,434,580,409,71,-379,-1230,-1901,-1132,-82,332,-103,-97,-119,-84,-75,-145,-193,-268,-235,-276,-131,-718,-1980,652,2945,5722,7495,8705,1454,-712,358,-273,-770,-2194,-4801
-120,-47,-1,9,52,45,-24,-48,-20,-49,-75,-86,-87,-101,-123,-144,-255,-106,19,46,-54,-194,-342,49,-1358,-1427,217,447,2803,8202,8721,-264,3815,66,295,-253,-1265,-3509,-6649,-8200
-126,-111,-105,-104,-79,-67,-77,-72,-77,-95,-119,-407,-190,-99,429,-1095,-805,479,1133,3469,5390,6002,5747,3926,270,283,175,-838,-2761,-5094,-6112,-2878,-2348,-1279,768,471,-454,-270,142,350
231,-370,-453,-103,126,239,-155,-47,60,-15,-130,-94,-154,-169,-139,-125,-156,-41,-172,-618,-1011,176,1760,3804,6832,8561,-1312,6637,51,367,328,-1180,-3156,-6522,-5632,-198,1996,1331,426,-324
-261,-168,-99,-237,-249,-134,-48,-69,-77,-94,-80,-129,-403,-774,-615,-357,-109,260,222,450,-900,225,2767,5391,8203,1197,3101,-55,144,-235,-1784,-4614,-6809,-4031,197,1445,-1024,81,8,-231
-75,-85,-96,-85,-80,-77,-72,-73,-71,-70,-63,-148,-161,-153,-101,-81,-112,-186,-183,-151,-73,4,-128,-845,-1821,-595,64,2124,5592,8504,8721,3734,161,428,-227,-448,-1490,-3127,-5720,-7522
-76,-71,-84,-67,-68,-65,-75,-84,-81,-145,-328,-564,-177,263,-42,-135,-36,-84,60,-557,-2406,-1278,1079,4002,6776,8591,1862,4010,-45,6,-453,-837,-3372,-5645,-7136,-3670,-875,754,2683,187
-65,-98,-111,-136,-80,-98,-152,-211,-240,-168,-87,-171,-92,100,-206,-1051,624,5963,7806,8721,3070,907,317,-286,-343,-1962,-4289,-6570,-5527,-1519,394,1187,37,4,-384,-444,-262,-158,-29,94
-63,-59,-80,-79,-126,-288,-549,-795,-725,-278,170,123,45,109,-27,-7,1,26,23,-169,-1221,322,-204,-171,2822,6563,7151,583,1542,47,414,487,-796,-2765,-5550,-7009,-4612,-1633,593,991
-1905,-247,622,1199,3955,6130,7359,-1405,4231,440,603,134,-806,-2915,-5625,-7048,-4773,-988,934,754,-36,-213,-373,-230,65,-156,-170,-20,41,-44,-25,-32,-84,-77,-76,-58,0,-30,-81,-69
-20,-24,-19,-72,-60,-74,-147,-101,-53,17,-27,-65,-115,-150,-196,-565,-575,-58,415,591,341,-15,-84,430,-1155,-786,890,497,2594,4877,5693,5496,-1517,2555,60,505,-435,-2447,-5698,-7183
-2408,-62,-1880,-1211,-492,-735,-1106,-434,545,1536,813,204,282,81,-81,-285,-259,-156,-112,-75,-24,-149,-304,-496,-1071,-207,800,234,-38,-3248,-1613,-139,1724,4248,6453,7110,7320,570,188,421
-61,-108,-105,-146,-234,-403,-360,-229,-130,-181,-331,-401,-199,129,320,-419,-1740,-3051,-200,327,1806,5302,6462,7177,-2584,3683,468,425,-157,-453,-1733,-3811,-5987,-6233,-4161,-1139,572,1849,-452,-12
-96,-84,-78,-134,-104,-111,-90,-84,-38,-65,-105,-241,-516,-476,-258,-106,-121,27,-352,-973,-1157,-916,1908,5471,7072,8721,2613,220,129,-44,-501,-864,-2286,-5134,-7185,-5544,-2680,-1147,369,545
-73,-98,-98,-104,-98,-114,-118,-87,-65,-43,-68,-163,-223,56,110,-562,-1246,-455,648,2002,5167,7333,8721,4477,1951,385,-528,-503,-1541,-3882,-6136,-6213,-3445,-1712,-113,838,914,292,-464,-157
-100,-191,-286,-159,-107,-192,-117,-77,-65,-90,-73,-102,-84,-60,-29,-62,-42,61,-187,-472,75,756,2487,5156,7378,8721,2109,663,898,-554,-611,-506,-1404,-4209,-6680,-6494,-3461,-1156,1512,942
-87,1,-135,-168,-205,-162,-165,-175,-153,-66,-60,-31,316,-780,-613,356,2632,5429,8721,8721,4480,510,78,-300,-1723,-4418,-6972,-4908,405,1930,592,224,229,133,318,388,-275,-725,-704,-85
-95,-103,-63,-98,-166,-183,-5,-35,-44,-117,-103,-125,134,222,-1475,-761,1071,3358,6840,8721,1222,2990,-851,308,-346,-281,-1327,-3527,-6880,-7402,-3532,-1376,-550,-108,-124,-606,-566,-290,161,511
-149,-222,-280,-244,-225,-105,-14,145,208,185,140,496,-1022,-713,780,2673,5201,7062,7477,15,2156,-600,187,300,-464,-3411,-6372,-5252,-502,522,964,1117,1148,412,-280,-554,-683,-682,-347,-57
-40,-59,-112,-185,-188,-92,-84,-67,-25,-35,-61,-54,17,14,-549,-1404,-1946,-671,-656,-1192,106,3409,8721,8721,8141,2670,2727,-52,247,11,-170,-284,-265,-145,-135,-91,-181,-204,-195,-209
117,47,8,60,16,60,76,56,0,-22,-29,-23,-13,-47,-115,-195,-210,-165,-77,-154,-573,-492,136,1827,4439,7116,8721,8721,6435,3157,883,-92,-751,-552,-654,-410,-323,-211,-182,-105
851,929,2256,5247,8721,8721,8384,5325,2909,1688,256,-265,-378,-356,-344,-324,-286,-291,-790,-1106,-958,-557,-191,185,278,179,-49,-361,-439,-383,-327,-254,-210,64,253,385,700,825,840,748
-3072,-2904,-2704,-2597,-2409,-2285,-2019,-1829,-1605,-1498,-1314,-913,-305,-28,24,-198,-256,-71,192,291,662,1373,1874,3033,4093,6440,8387,8721,6379,3819,1750,617,-199,-383,-356,-196,-237,-191,-343,-294
104,123,131,110,47,37,38,-31,-43,-89,-225,-254,-274,713,1619,3260,6197,8721,8721,6057,3557,1914,977,202,-154,-331,-511,-515,-468,-315,-294,-194,-141,-85,-120,-124,-261,-781,-802,-947
-975,-996,-881,-609,-300,-78,84,166,78,-60,-216,-204,-89,-1,-17,-175,-381,-688,-362,578,2344,4396,6510,7930,8609,5061,3213,1772,1130,295,-76,-240,-267,-186,-153,-150,-257,-485,-601,-480
-631,-617,-655,-740,-557,-1012,-1177,-1194,-1335,-1300,-1658,-2157,-2352,-2446,-2327,-2467,-2513,-2416,-1952,-1245,-589,42,267,79,-339,-521,-476,-386,-266,-251,-22,392,1586,3308,6173,8721,8721,5620,3486,1886
-1319,-1242,-1440,-1444,-1194,-668,-598,-555,-511,49,824,1384,1439,2176,4607,8570,8721,6722,4025,1725,272,-785,-799,-717,-615,-468,-330,-659,-705,-870,-96,-270,-101,-110,-183,-331,-214,-189,-80,-62
-3148,-3301,-3540,-3776,-4089,-4256,-4447,-4314,-3998,-3222,-2637,-1955,-1451,-1087,-1186,-781,-371,-57,112,-33,-271,272,2006,3657,6381,8721,8721,7357,4817,2307,792,-380,-861,-911,-729,-582,-529,-375,-269,-173
-83,-77,-81,-77,-67,-62,-65,-81,-126,-257,-574,-1153,-1109,-695,-1079,-1711,-2188,-2421,-2809,-3067,-3329,-3560,-3720,-3967,-4197,-4345,-4243,-3733,-3667,-3427,-3165,-2539,-1075,953,1332,-203,-1372,-1062,-9,1328
2692,5209,7839,8721,6584,3701,1868,627,-348,-618,-717,-474,-461,-433,-509,-675,-258,562,680,474,654,635,477,554,464,386,349,39,264,453,681,981,1408,1441,1473,1380,1816,2439,2681,2533
-94,-90,-97,-115,-122,-193,-249,-335,-443,-517,-644,-788,-858,-612,104,328,375,-212,-2499,-5020,-6800,-7660,-7964,-8607,-8741,-8335,-6627,-4578,-2019,1237,2074,321,-690,-302,1090,3296,6123,8721,8721,5301
-728,-784,-796,-595,59,532,287,-310,-682,-581,-301,812,2789,4955,7108,8721,7314,5330,3969,2020,664,-272,-432,-414,-493,-359,-361,-558,-557,-424,194,1289,1969,2376,2298,2133,1391,948,589,421
-2935,-2817,-2391,-1846,-1139,-636,-334,-293,-197,48,40,-254,-511,-733,-769,-418,538,2337,5204,8721,8721,8721,5070,2533,822,-362,-612,-658,-490,-476,-392,-490,-520,-367,-191,114,1091,1316,1505,1768
-3019,-2072,-276,805,-152,-1139,-774,401,2554,4286,6377,8721,8721,6371,4031,2250,972,-263,-446,-414,-267,-253,-284,-270,-208,-216,-113,-207,-300,-402,-646,-721,-668,-661,128,500,700,717,866,1064
-4029,-3068,-1325,232,135,-845,-1360,-884,-214,1332,3591,5624,7782,8721,7602,4440,2699,1773,389,-249,-318,-398,-350,-331,-320,-292,-177,-194,-126,-156,-427,-756,-833,-267,6,238,-171,-521,-323,-213
-275,-546,-507,369,2080,4988,7669,8721,8721,6379,4208,2542,977,136,-310,-510,-567,-585,-394,-384,-371,-251,-190,-135,-91,-154,-169,-197,-262,-250,-448,-605,-592,-977,-1188,-927,-796,75,341,974
383,2251,5096,6814,8721,8721,5640,3408,1722,964,280,-29,-138,-117,-139,-123,-78,-115,-150,-128,-106,-179,-782,-842,166,405,5,-128,-340,-532,-1233,-1072,-689,-297,401,1362,2133,2925,3155,3443
-66,-64,-57,-63,-66,-69,-65,-70,-77,-73,-87,-138,-291,-1030,-1548,-815,-405,-1458,-1850,-2549,-3380,-3793,-4033,-4422,-4950,-5576,-6123,-5849,-5399,-4903,-3431,-1598,98,608,-246,-484,473,2058,3813,6584
8721,8721,6025,3339,1239,22,-569,-432,-294,-225,-239,-298,-304,-364,-352,-527,-572,-481,-102,415,1503,2150,3245,3654,3453,2502,2073,1508,1668,2109,543,531,225,56,63,-243,-367,-85,-16,-8
-96,-96,-96,-81,-54,-80,-106,-91,-85,-83,-60,-59,-70,-106,-235,-439,-438,-373,-312,-1044,-2176,-3000,-2971,-2971,-3732,-4799,-5653,-6589,-7276,-7741,-7225,-6591,-4530,-2370,-505,175,95,-266,-421,-337
-60,573,3272,6700,8721,8721,3861,3246,2083,908,-28,-185,-362,-353,-278,-188,-136,-199,-214,-369,-415,-216,481,52,262,1118,1223,1348,1228,871,957,1003,1244,1576,1847,2224,2436,2294,2311,1787
-66,-71,-69,-71,-74,-77,-75,-79,-80,-79,-77,-73,-74,-130,-286,-734,-1754,-1337,-1191,-2749,-4463,-6162,-7547,-8584,-8741,-8741,-8504,-6761,-4559,-1408,1085,1573,1067,2133,4075,5765,7110,8261,5218,2574
-3734,-3724,-3645,-3643,-3512,-3305,-2985,-2383,-1517,-1402,-1602,-1274,-203,248,112,-182,-157,15,223,275,432,481,294,53,-75,-124,-151,-92,88,376,356,2550,6026,8721,8721,8495,5425,2629,814,-471
-1507,-1986,-2371,-3003,-3459,-4443,-4976,-4869,-4746,-4593,-4389,-4306,-4244,-3791,-2942,-2075,-844,473,842,173,-435,-480,524,2678,6275,8721,8721,6058,3267,1059,35,-600,-791,-699,-648,-531,-1198,-1577,-1199,-813
-1828,-1794,-1516,-1101,-288,-85,16,814,2213,4770,6825,8721,8721,7032,4168,2076,734,-283,-481,-410,-343,-442,-396,-363,-944,-1128,-934,-502,-274,-144,-149,-78,-166,-154,-214,-96,-157,-105,-85,-25
-287,-148,314,496,1119,1651,2529,2974,3753,5775,8721,8721,8085,4294,1977,604,-458,-712,-687,-1107,-894,-1215,-539,-393,-249,-272,-340,-454,-391,-175,-27,-106,-74,-96,-104,-136,-145,-88,-54,-104
1633,2902,6257,8721,8721,8721,4897,2404,1188,148,-365,-449,-502,-446,-538,-352,-897,-769,-933,-633,-553,-826,-1001,-1080,-1050,-717,-297,-59,177,270,293,180,90,58,-16,-27,-63,-84,-68,-69
-2027,-2112,-2106,-2095,-2124,-1852,-1618,-1674,-2053,-2468,-3221,-3849,-3643,381,1530,1622,1831,2135,3215,5550,8721,8721,8721,5158,2199,539,-167,-663,-622,-471,-413,-428,-329,-283,-212,-197,-206,-207,-171,-225
-742,-651,-498,-187,-222,-500,-553,-191,523,1396,2971,2647,2273,2876,6316,8721,8721,8132,4308,1365,-238,-1579,-1854,-1343,-1678,-1188,-903,-321,-524,-542,-940,-645,-379,-242,-145,-134,-191,-103,-65,-75
-623,-270,-113,-654,-1059,-1209,-386,415,774,1366,2589,1752,1973,2703,5787,8721,8721,6915,3821,1378,544,-716,-815,-1007,-642,-552,-535,-712,-486,-454,-161,-137,-277,-290,-330,-229,-302,-262,-245,-153
-32,-46,-511,-731,-612,-344,-144,-239,-456,-678,-948,-1766,-1260,820,3184,3189,3201,6425,8721,8721,6454,3577,1863,967,-17,-481,-679,-478,-439,-235,-176,-137,-193,-149,-89,-105,-84,-84,-156,-205
-89,-75,-61,-46,1,-22,-6,-56,-93,-157,-238,-285,175,2112,5318,8607,8721,8721,5787,3238,1647,323,-529,-523,-702,-542,-939,-1003,-1010,-708,-448,-506,-490,-375,-342,-375,-365,-411,-347,-376
-2359,-2510,-2381,-2302,-2218,-1686,-1182,-1087,-1372,-1581,-1477,-1081,-526,-45,86,-12,-264,-809,-1057,-1277,-704,492,717,811,1945,2642,4927,8513,8721,8721,5754,3023,1183,264,-377,-450,-297,-345,-358,-245
-1501,-1602,-1646,-1589,-1490,-1534,-1524,-1567,-1625,-1845,-2148,-2396,-2793,-2847,-2576,-2544,-2663,-2070,-1351,-853,-575,-798,-539,174,1178,1139,777,1972,2249,6121,8721,8721,8721,4431,2066,1035,-154,-492,-567,-536
-221,-126,-46,-29,1,-31,-68,-204,-403,-1056,-1554,-1791,-1788,-1789,-1988,-2020,-2258,-2369,-2544,-2482,-2645,-2917,-3414,-4000,-4030,-4087,-3211,-2797,-2165,-1374,-1365,-918,-145,558,843,2196,5953,8721,8721,8721
1527,4956,8721,8721,8721,5246,1865,595,-654,-884,-1061,-979,-1416,-2016,-1442,-809,-1013,-829,-534,-186,-83,-81,-23,-47,-29,-92,-97,-155,-103,-67,-31,-4,-43,-85,-134,-53,-72,-67,-67,-49
-2505,-2313,-2363,-2320,-2662,-3207,-3382,-3134,-3066,-3424,-3599,-3462,-3039,-2139,364,2934,2762,2514,3650,8161,8721,8721,6252,2388,651,245,-590,-779,-923,-566,-649,-631,-626,-500,-368,-197,-134,-126,-166,-170
-545,-538,-542,-648,-702,-854,-866,-982,-1000,-1209,-1323,-1586,-1949,-2137,-2646,-3035,-3477,-3834,-4450,-5014,-5114,-4880,-3556,-2524,-1936,-621,1259,3013,2102,2355,4484,8721,8721,8721,4629,1982,740,-103,-342,-647
-42,-45,-72,-60,-75,-77,-48,-63,-72,-161,-233,-338,-437,-510,-625,-739,-825,-924,-928,-1002,-1104,-1467,-2322,-3493,-4998,-7161,-8741,-8741,-8642,-3342,446,1900,1445,2085,5834,8721,8721,6003,2896,638
-117,-100,-76,-12,-17,-71,-228,-398,-347,-498,-595,-688,-657,-650,-483,-271,-217,-539,-616,-952,-1565,-2339,-2959,-3451,-3640,-3709,-4150,-4648,-5036,-3996,-3280,-3108,-2668,-1900,1037,1612,917,440,3120,7592
8721,8171,5500,2983,1593,-12,-526,-1701,-2118,-1439,-903,-396,-287,-65,61,-41,-8,-115,-98,-40,-48,-36,-29,13,4,12,0,38,105,25,-22,23,111,-37,-462,-625,-674,-500,-592,-765
-1036,-1290,-1750,-2022,-2192,-2608,-2744,-3166,-4019,-4734,-5137,-5233,-4731,-3969,-2750,-1330,-799,-523,-292,-738,844,374,97,661,1654,1700,2491,6786,8721,8721,6203,3072,2494,1300,1,-561,-683,-695,-625,-583
-60,-18,-52,-201,-185,-508,-439,-518,-642,-999,-1767,-2526,-3205,-3655,-3964,-4452,-4694,-4674,-4377,-4429,-4078,-3527,-2934,-2351,-117,714,-345,40,1800,4916,7729,8721,8721,5048,2794,1327,289,-631,-820,-633
-160,-92,-159,-65,-6,-21,-67,-176,-193,-210,-192,-201,-239,-357,-307,47,1233,2890,1350,1375,1254,2086,5020,6991,8721,6924,4160,1888,920,12,-464,-548,-550,-640,-871,-1040,-996,-1122,-666,-612
-2881,-2690,-2304,-2265,-2136,-1921,-1473,-1081,-842,-690,-735,-645,-497,-403,-388,-297,-195,-277,-330,-229,-138,-100,32,47,36,74,139,-274,21,445,968,1069,318,328,1515,4191,8721,8721,8721,5131
166,-74,-244,-658,-777,-943,-996,-1170,-1706,-2399,-3124,-3968,-5083,-6137,-6971,-7480,-6975,-3886,54,-209,-165,296,3424,7401,8721,8721,5237,2197,916,28,-619,-751,-639,-521,-463,-398,-315,-227,-217,-120
-2106,-1208,-822,-534,-300,-324,-365,-295,-256,-371,-729,-816,524,1665,722,680,1346,3329,6547,8721,8721,5096,2722,1020,383,-399,-658,-772,-654,-404,-232,-187,-134,-32,-116,-112,-87,-97,-62,-110
-1947,-1019,-446,-357,-376,-89,63,142,47,-55,-96,131,415,367,-351,-971,4,1381,2915,5066,8436,8721,7868,3742,1912,772,39,-198,-599,-809,-2170,-2121,-1440,-854,-338,343,630,100,-104,-185
-905,-1104,-857,-519,-268,-75,-15,88,-16,-389,-361,530,2029,2487,2610,4269,6961,8721,8721,4858,2439,1292,303,-203,-554,-471,-457,-345,-262,-211,-183,-178,-162,-150,-146,-162,-166,-146,-106,-29
-2189,-1848,-1655,-1435,-995,-666,-325,-69,-175,-358,-834,-1820,-1975,-1444,634,1858,819,2430,6729,8721,8721,6477,3900,1888,790,-69,-587,-709,-647,-627,-863,-943,-946,-913,-943,-457,-416,-243,-291,-139
-21,-17,-5,3,-51,-107,-110,-114,-121,-143,-164,-172,-282,-594,-1799,-3916,-1999,-668,963,7496,8721,1654,-5295,-7481,-5270,1878,8721,8721,-2514,-303,-1690,-1443,82,-160,-914,-1882,-2235,-1235,203,571
-84,-84,-117,-123,-85,-55,-53,-246,-388,-407,-395,-715,-1102,-1565,-3017,70,8721,8721,2629,-100,-8161,-8741,277,1127,752,1486,1420,1635,2580,2677,2337,1181,272,-120,-162,-204,-325,-426,-288,-104
-197,-133,-53,-95,-103,-156,-81,-51,-57,-141,-254,-281,-197,-237,-258,-259,-923,-2463,-4819,-954,5482,8721,4792,-3147,-8741,-8741,-240,963,844,265,-116,310,700,2050,3723,4088,2993,1542,500,39
-16,11,-24,-68,-21,-51,-76,-57,-101,-80,-108,-141,-93,-92,-231,-949,-1650,-2936,-3749,-2249,593,8721,8721,2410,-2462,-8741,-8741,-63,735,602,452,633,2312,3467,3836,3038,2149,1068,47,-130
-162,-178,-84,-56,-59,-64,-64,-71,-325,-1136,-3672,-3650,-2129,-1041,696,7850,8721,-144,-469,-7723,-7396,-686,290,512,155,9,736,2575,3917,4496,3804,1727,270,-19,288,174,13,-13,-65,-116
-57,-66,-89,-89,-69,-27,-10,-37,-37,-47,-118,-635,-1961,-4180,-5673,-4232,-681,7093,8721,8721,-1641,-8741,-8741,-563,692,742,184,-117,-134,-64,173,-68,526,1223,1668,1635,1063,1243,2075,2606
-719,-715,-1086,-1634,-1778,-960,3895,8721,8721,-3085,-8741,-8741,-1021,461,622,314,39,1072,2630,3985,4198,3676,2462,739,-292,-176,17,-170,-246,21,245,215,170,49,-62,-8,11,-13,78,54
-69,-74,-6,-28,-91,-57,-29,-79,-18,-4,-61,-73,-840,-3262,-5744,-5688,-3822,3438,8721,8721,-3050,-8741,-8741,-1633,344,268,69,521,1510,2651,3264,2712,2269,1939,868,296,146,-39,-37,-18
-61,-170,-79,203,106,-63,-40,-70,-93,-177,-273,-717,-2039,-3417,-3987,-2874,-2821,3769,8721,8721,-7723,-8741,-8741,-1285,387,652,2362,4463,5159,3815,1420,182,30,193,234,-19,-146,-87,-56,-19
-76,-28,-3,-75,-29,93,-38,-89,54,-23,-101,6,-63,-122,-60,-105,-172,-69,-71,-66,-78,-63,-46,-66,-100,-103,-321,-559,-641,-684,-1071,-3029,-6645,-1320,6399,8721,8721,-7878,-8741,-6303
-63,-69,-79,-64,-52,-85,-90,-91,-85,-229,-857,-1848,-2785,-3378,-1713,8721,8721,-2785,-8741,-8741,16,802,923,956,3203,4977,4608,3204,1146,-1,-75,245,314,165,-22,-34,-48,-83,-53,-66
-100,-60,-130,-89,-93,-113,-203,-806,-1317,-2374,-3616,-6312,3427,8721,8721,-8741,-8741,-2476,-346,349,892,2983,4357,4737,3675,1691,-105,-481,-92,-71,4,-71,-5,-40,30,-9,53,14,70,66
-17,-54,-33,-27,-44,38,243,210,-2380,-4723,-5514,-4395,-1303,8721,8721,-322,-8741,-8741,-1375,-252,-173,-25,840,2410,3402,2977,2791,2095,658,-37,57,222,239,120,-91,-182,-88,-202,-545,-735
-173,187,46,-156,-86,-73,-163,-227,-650,-1513,-2961,-4526,-3463,316,8577,8721,-2958,-8741,-7601,-1063,561,285,427,1542,2732,3471,4227,3581,2175,450,-260,-163,-56,-64,-187,-212,-118,-160,-261,-304
-291,-446,-639,-626,-432,-165,-96,-100,-93,-79,-92,-104,-120,-41,-302,-869,-2772,-3877,-2252,7508,8721,-1463,-8741,-8741,-2009,198,743,430,2115,4633,5570,5700,3111,659,-71,295,202,-150,-215,-27
-130,-86,9,-69,-56,-113,-198,-201,-191,-497,-870,-1452,-1440,-1067,-697,-558,-412,-249,-46,-130,-54,-66,-185,-119,-126,-156,-257,-386,-601,-1278,446,7912,8721,1010,508,-7115,-8741,-5306,294,893
2031,3148,3512,3773,3175,1429,-299,-1185,-1189,-905,-606,-477,-649,-632,-848,-1142,-1022,-829,-578,-601,-505,-304,-98,-2,-1,-24,-120,-189,-185,-139,-107,848,6807,8721,2904,811,-2418,-8741,-8741,-1283
-38,388,283,1391,2305,2448,1893,817,1240,1109,740,464,484,350,158,31,171,-923,-2807,-2730,-1632,-951,-679,-490,-541,-766,1922,6115,6195,1624,-1843,-8741,-8741,-5959,-386,-91,-128,513,605,1021
-295,-195,168,-109,-157,-179,-565,-1303,-1726,-2237,-2239,-1479,-935,-623,-478,-425,-266,-372,-518,-690,-718,2463,8721,8721,3335,-1370,-8741,-8741,-2716,-709,570,102,2554,3952,4971,4544,3158,1557,454,67
217,170,90,213,367,243,-29,-89,-88,-148,-112,-168,-210,-483,-1374,-2165,-1829,-1905,-1207,-585,-318,-883,-1015,-693,-580,-342,1993,8479,5652,272,-1881,-8741,-8741,-1973,228,223,-67,373,4027,2926
-157,-87,12,-73,-21,-63,-168,-724,-1411,-1405,-1533,-1536,-1262,-808,-544,-203,-90,-112,-160,1089,7342,8721,-396,-4296,-8741,-4526,-130,74,205,385,2357,4471,4419,3285,1605,1114,975,587,53,-154
-120,11,-74,-106,-43,-24,-49,-65,-20,50,-108,-141,-381,-863,-1909,-3060,-3163,-1799,-1180,-947,-919,-501,4648,8721,8721,985,-1403,-8644,-8741,-4123,-114,162,245,817,2032,3685,3908,3418,2725,1333
-65,28,-35,-36,55,-43,-157,-114,-124,-243,-211,-200,-199,-169,-799,-1841,-2582,-2276,-2179,-1063,6291,8721,4004,-1890,-8741,-8741,-6728,-839,-167,394,65,337,1856,4200,5427,5089,3564,1175,-295,-508
-492,-410,-383,-323,-256,-602,-752,-1494,-1434,-1277,-463,6262,8721,4734,579,-5709,-8741,-5346,181,-437,-503,28,468,595,1098,1663,1882,1843,2471,4067,4402,3287,1667,388,86,182,28,-159,-153,-78
15,12,3,-24,-55,-51,-103,-99,-138,-141,-406,-702,-731,-1016,-1507,-1703,6467,8721,3009,-6651,-8741,-8741,-489,-1216,-539,-398,192,516,512,1281,2874,5467,6796,5428,1579,-750,-757,-251,17,-185
-11,7,-13,23,-74,-90,-89,-107,-286,-715,-937,-1710,-2190,-2683,-2800,-919,8721,8721,-2494,-8741,-8741,-2406,-174,145,60,325,1204,2550,3948,4591,3586,2150,193,-720,-1014,-719,-347,-162,-209,-213
-151,-108,90,129,-34,-121,-263,15,41,-149,-112,-181,-104,-134,-191,-257,-694,-1290,-1690,-2363,-2067,-1844,-392,8721,8433,659,-3471,-8741,-8741,-965,239,476,1401,3732,5294,4205,1809,280,-84,-474
-53,-45,-62,-102,-152,-201,-235,-140,-161,-224,-233,-101,-146,-181,-122,-83,-93,-106,-477,-2242,-1621,-1296,-899,-643,-580,-915,4596,8721,5412,1476,-4768,-8741,-8741,-834,-349,-187,-269,367,1132,1542
-485,-360,-167,-110,-108,-29,-161,-268,-577,-727,-857,-974,3541,8721,8721,1965,-1848,-8741,-8741,-4508,-1022,276,12,386,907,1279,349,102,908,2837,4399,5051,3868,1758,-194,-659,-535,-154,-82,-114
-857,-801,-658,-638,-493,-440,-482,-613,-835,-1061,-1008,-595,764,8420,8721,1949,-559,-7650,-8741,-1553,-247,792,436,389,341,958,2143,4605,5422,4388,2606,742,-275,-343,-275,-122,-403,-722,-727,-551
-6,-37,-31,-44,-45,33,26,-56,-41,-154,-377,-841,504,8721,8721,407,1170,-2872,-8741,-8741,-47,117,259,-37,373,1438,2621,3482,3925,3106,2315,1311,-101,-1173,-1479,-1153,-362,174,260,50
-182,-236,-173,-182,-271,-180,-197,-223,-207,-274,-411,-1540,-2573,-2894,-1564,-941,-1084,-946,2420,1654,-1119,-181,-6177,-8741,-5718,-9,-92,-234,1343,4305,5198,4507,2448,758,-70,-285,-100,136,36,-90
1071,61,-127,-64,-184,-170,-75,-154,92,143,-64,-15,351,385,144,-212,-177,-241,-293,-266,-179,-192,-278,-305,-185,-148,0,-58,-634,-2376,-4304,-4582,-3318,-1631,136,7783,8721,3145,-4690,-8741
-183,-133,-188,-327,-238,-481,-912,-1168,-1576,-1773,-2155,-2601,3247,8721,8721,-6634,-8741,-8741,-3065,-65,43,4147,8199,8721,5921,835,-1439,-269,118,-7,67,260,522,510,210,-140,-377,-641,-548,-542
-71,20,-64,-180,-39,46,-80,-173,-126,-50,-97,-137,-85,-99,-102,-77,-85,-62,-46,-71,-83,-308,-1211,-1413,-1496,-1488,-1183,-951,-1362,-1622,-1797,332,8721,8721,1475,-8741,-8741,-8071,595,-550
-54,-48,-72,-25,-70,-107,-52,-119,-440,-1550,-2629,-3490,-3705,-12,8721,8721,-2149,-8741,-8741,-3393,-865,-977,71,2926,5906,6305,4499,2180,-233,-1443,-1626,-1242,-362,532,156,-334,-391,-250,-90,-61
-77,-24,-15,-46,-75,-29,-58,-102,-117,-135,-95,-116,-558,-1955,-4082,-4682,-2772,-1105,563,5423,8721,6503,-6539,-8741,-8741,-2762,-2521,569,4617,6846,6339,3509,336,-1157,-2081,-1586,-708,102,29,-291
40,-92,-151,-211,-230,-205,-296,-297,-307,-473,-830,-1312,-2266,5919,8721,6589,-7496,-8741,-8741,-2051,-53,687,3501,6424,6383,3467,193,-1530,-1767,-1674,-1050,-343,-209,-323,-413,-357,-395,-203,81,68
-144,-196,-142,-88,-29,-38,43,158,-10,-256,-875,-1571,-2206,-1534,8392,8721,258,-8741,-8741,-6919,-989,-312,1026,3119,5175,5698,4204,1035,-927,-1183,-826,-534,-244,175,476,366,49,-126,-133,-5
197,125,-38,-47,-77,-210,-292,-222,-198,-478,-682,-874,-1010,-1765,-2086,-1888,-1185,1403,7095,4134,-5946,-8741,-8741,-2569,-1050,4072,8225,8377,4566,-38,-1375,-437,196,200,-18,-69,-16,-42,-133,-134
-184,-145,-20,137,163,5,-65,-162,-332,-1599,-4214,-5850,-5276,6446,8721,-6523,-8741,-8741,-2909,-715,1431,4185,5163,4563,2553,583,334,767,784,237,-147,13,39,-30,-81,-198,-86,-79,-125,-129
-131,-173,-171,-24,-41,-85,-270,-690,-1508,-3316,-5389,-7386,3587,8721,5434,-8741,-8741,-1661,109,376,441,907,1216,1833,2887,2411,104,-833,-18,1554,2037,1219,309,-314,-851,-1822,-2896,-3411,-2722,464
7733,8721,3523,-8741,-8741,-3920,-2357,217,3663,5510,5442,3833,1781,123,-162,294,393,-22,-310,-396,-156,-149,-572,-974,-1000,-628,-484,-857,-1611,-1524,-1248,-999,-882,-627,-438,-204,-218,-104,864,8721
8721,-4255,-8741,-8741,-2173,-1057,103,-18,680,3063,5002,5535,4197,2031,425,-361,-462,-594,-1201,-1655,-1954,-2361,-2040,-1056,-673,-802,-806,-762,2799,8721,8721,-4207,-8741,-8741,-3559,-1251,-65,1549,4854,6191
-138,-403,-41,-360,-763,-1096,-1054,-750,-456,-710,-1109,-1446,-1256,-1730,103,8721,8721,-1750,-8741,-8741,-8741,-849,-619,1496,5547,7924,7216,3145,-1011,-1698,-304,415,-58,-983,-1261,-947,-343,53,332,283
7,-284,-289,-231,-214,-161,-12,22,54,60,74,26,-133,-210,-171,-52,-491,-1428,-3019,-4411,-4746,842,8721,8721,-8741,-8741,-8741,-1574,-983,-106,1787,4519,7242,7510,5134,1761,530,565,-40,-837
-773,-459,-292,-182,70,189,59,-305,-2205,-4309,-5448,-4050,-1763,-366,2781,8721,8721,-2809,-8741,-8741,-8310,-2069,-408,2469,6530,7329,5010,1861,-751,-856,-384,-427,-807,-774,-460,-62,-17,-136,-113,-26
-24,-39,-49,-39,-66,-58,-59,-58,-67,-234,-1637,-3788,-4757,-3479,5756,8721,-626,-8741,-8741,-4008,-670,1428,3812,6769,7357,4285,251,-1460,-1246,-549,13,377,509,175,-233,-334,-187,-99,-108,-158
-581,-604,-883,-2023,-3989,-2216,5880,8721,5241,-8741,-8741,-5044,-1519,326,499,2165,5076,6866,6673,3830,355,-1358,-623,-520,-554,-1038,-1060,-536,-118,120,116,-225,-465,242,189,-105,-121,44,-54,-125
-52,-5,-51,-100,-39,-56,-89,-75,-73,-105,-206,-1263,-4749,-7059,-4255,-270,3593,8721,3970,-8741,-8741,-2974,-726,116,3398,6079,6398,4286,1146,-1001,-1176,-783,-437,164,312,156,-67,7,92,27
-91,-166,-181,-215,-97,-87,-101,-79,-25,-66,-263,-1336,-3712,-5957,-5332,-3144,3056,8721,8721,-8376,-8741,-8741,-2463,346,4649,6328,5247,2723,885,391,21,171,457,426,36,-144,43,288,278,277
130,-1462,-1901,-1842,-1090,-1003,-1715,-2499,-2493,1415,8721,8721,-6378,-8741,-8741,-3036,-1414,478,1649,4082,6023,5102,2646,770,232,-51,-375,-938,-720,-495,-288,-416,-815,-1615,-2050,-2171,-1867,-1466,-1170,-858
-468,6922,8721,5868,-7669,-8741,-8741,-1750,-528,537,666,1778,4397,6273,6276,4229,1664,-219,-451,132,291,53,-337,-464,-320,-119,-103,-202,-130,-43,-48,-39,20,-5,-22,9,-87,-226,-292,-1327
-3088,-4990,-5185,-2975,-986,132,204,-814,-1494,-914,348,5857,8721,7006,-2759,-8741,-8741,-3043,-153,617,1292,3047,4713,5331,4026,1866,195,-175,-27,99,-100,-146,29,81,-68,-127,-112,-102,-175,-251
-233,-229,-127,-5,-7,-45,-56,-77,-47,-53,-52,-65,-76,-88,-558,-2298,-5528,-5822,-3328,73,8413,8721,-878,-8741,-8741,-3292,-487,870,284,145,977,3377,6297,6534,5050,2176,-597,-1258,-652,-130
-122,-153,-243,-343,-353,-164,-63,-93,-143,-411,-1149,-2249,-3277,-3478,2989,8721,6749,-8741,-8741,-4345,283,1395,2897,4799,4466,2843,635,-979,-943,-232,411,534,315,51,-19,-7,-18,-57,-100,-86
-96,-87,-76,-41,-53,-68,-51,-64,-67,-60,-71,-131,-137,-1227,-4119,-6180,-4114,4557,8721,-3435,-8741,-8517,-2320,-1786,-89,985,3400,5161,5008,3997,2066,77,-393,-108,239,38,-214,-314,-144,-85
-124,-45,44,7,-75,8,43,-67,-101,-30,-227,-180,8,-59,-170,-126,27,-39,-160,-659,-2044,-4035,-4976,-3363,14,8721,8721,-3304,-8741,-8741,-8741,-1671,-945,85,246,738,856,2303,5705,6940
-129,-257,-170,-141,-105,-117,-223,-587,-1157,-1580,-1834,-1787,-1522,-1457,-1371,-1216,-983,-948,701,7599,8721,3142,-8741,-8741,-8741,-909,-503,-77,-125,-114,627,2945,5039,5726,4617,2360,393,-296,-363,-316
-456,-287,-274,-260,-106,97,-20,-150,-169,-377,-918,-1882,-2054,-1660,-1834,-1074,2097,6262,8721,4023,-8430,-8741,-8741,-3376,-1963,-880,156,2317,4186,3916,2942,2277,1834,1094,219,-404,-190,344,82,-573
-269,112,144,114,107,108,-56,-149,-197,-155,-239,-291,-406,-705,-1592,-2973,-3637,-3025,-1601,2010,8721,8721,-3588,-8741,-8741,-3282,-849,110,711,1682,4932,6803,5473,2700,302,-548,-933,-1011,-732,-486
-172,135,-34,-276,-328,-186,-91,-201,-148,-172,-130,-164,-727,-3303,-5137,-4443,-1643,679,7634,8721,8721,-783,-8741,-8741,-8166,-2396,-450,1272,2426,3648,3115,1636,225,-334,-312,-174,100,278,481,478
262,189,254,621,49,-91,447,123,-297,-711,-797,-726,-1355,-2452,-2411,-1396,1793,6388,8721,872,-8741,-8741,-8741,-2113,-779,752,3031,5408,5508,3748,1067,-480,-292,29,172,202,-73,0,241,431
-53,-41,-120,-89,-134,-213,-981,-1940,-2349,-1784,-1389,1263,8721,8721,3226,294,-8289,-8741,-8741,-1437,64,425,1155,3221,4852,4727,2887,1040,-213,-724,-419,117,86,-68,59,239,-15,-165,-109,-99
-515,-371,-142,-180,-324,-584,-869,-1378,-2027,-1932,-918,2390,8721,8721,-3828,-2638,-8083,-8741,-8741,-1558,-906,237,716,1953,2687,3505,3196,2536,823,165,-232,-96,73,81,54,8,42,113,-51,-249
-180,-217,-197,-215,-154,-225,-120,-117,-145,-132,-67,-187,-109,122,622,5118,8721,8721,-7858,-8741,-8741,-2854,-700,-754,78,961,2593,4754,4748,4543,3284,1704,-152,-1331,-1253,-369,71,213,164,-63
-191,-85,-135,-33,-29,-68,-154,-96,-263,-596,-897,-1003,-1028,-1403,-1375,-1119,-801,-741,-724,-836,-891,-506,-20,458,241,2884,8721,8721,2835,-5676,-8741,-8741,-4091,-1205,-1251,-28,214,44,344,270
449,567,2344,5291,6953,6172,3351,44,-1832,-1290,-1100,-1654,-2261,-2219,-1588,-618,-353,-219,-306,-205,-14,159,679,5204,8721,352,-48,-3631,-8741,-8741,-1923,912,40,-147,432,1130,647,216,518,1450
3333,5447,6125,4251,1289,-381,-1077,-1023,-600,-171,-99,-627,-1264,-2139,-2975,-2772,-2083,-814,499,8291,8721,4252,-454,-975,-8149,-8741,-8741,-2295,-324,-230,792,1484,2122,2466,3548,5305,5662,3408,883,-646
-64,-35,16,-13,-80,-46,-12,-47,-79,-96,-130,-492,-1440,-3049,-4203,-4046,-2313,2594,8721,8721,334,-1404,-2637,-8316,-8741,-5478,-810,-2119,641,156,118,979,2440,5782,7798,7501,4160,983,-1061,-892
113,42,13,-60,-89,-102,-134,-153,-138,-137,-79,-51,-84,-68,-162,-143,-282,-297,-200,-43,-1,279,457,-5751,-4019,-757,-328,1043,8021,8721,5904,942,182,-4778,-8741,-8741,-892,950,304,231
8308,5818,-1579,-7268,-8741,-2581,-425,396,949,634,355,280,905,1961,3482,3071,2163,890,706,-279,-1148,-1352,-513,-98,-33,-105,-202,-231,-111,-168,-85,-43,-11,31,-76,-33,-51,-155,-104,-60
-96,-88,-102,-94,-96,-103,-60,-89,-158,-125,-151,-107,-161,-157,-208,-117,-270,212,793,1901,8598,5284,-6184,-8741,-8741,-959,-606,-376,164,1128,3815,4834,3970,1714,298,417,726,560,490,263
-122,-290,-282,-257,-87,-27,-1,-118,-680,-2305,-3110,-2742,-1596,-836,330,4471,8721,7099,-4332,-8741,-8741,-1634,-804,57,310,1417,4175,5467,4438,3401,2036,744,-397,2,273,0,-120,37,-48,-141
-103,-137,-110,-88,-86,-118,-164,-223,-813,-2040,-2822,-2846,-1949,-1116,-164,3161,8721,7864,-436,-1076,-6956,-8741,-8648,-485,555,0,1790,4315,4811,4539,3197,1440,189,-261,-349,-168,17,-165,-543,-680
655,1591,2413,3777,3393,2145,329,-276,-404,-289,-586,-1488,-2188,-1906,-1313,-692,1286,8721,8721,-145,-379,-1374,-3101,-6061,-3187,1428,1038,1016,166,404,1225,3892,5490,5422,3756,1408,526,-62,-571,-324
-185,-616,-781,-545,-440,-372,-311,-393,-448,-616,-581,-632,-1269,-3697,-4928,-2386,-1054,-108,1707,4317,8721,3175,-4727,-8741,-7345,1310,76,-481,-52,1192,4005,6188,5854,3710,1114,175,22,-229,-337,-196
-699,-977,-592,50,528,808,836,426,-101,-270,-480,-1638,-4410,-5272,-3246,-1233,-216,2361,8721,8721,-1198,-979,-5874,-6036,-1887,730,553,-674,-105,1893,5779,8343,7243,3403,214,-1228,-704,305,-283,-1402
-1264,-573,-498,-611,-1071,-927,-779,-658,-709,-590,-482,-685,-967,-330,444,3063,8721,4938,905,-2197,-8731,-8741,-2111,-551,-184,307,2680,5971,7332,6157,2809,183,-469,-684,-716,-1248,-1395,-826,-504,-796
-923,-743,-703,-846,-585,-492,-423,-613,-351,-415,-132,27,1031,3533,5391,1287,440,703,-2191,-4115,-1208,-1244,-680,516,1022,909,237,2416,3250,3273,1997,1040,934,207,-228,-348,-511,-570,-635,-694
-611,-399,-299,-23,199,606,1075,991,239,-400,-862,-304,-195,47,-76,829,3075,2531,-2154,-1628,106,-1307,-7102,-6826,-1748,1576,-77,-100,-259,-194,-400,-256,478,2364,3795,4354,4223,2615,433,-972
-880,-258,83,63,47,76,16,-226,-729,-1575,-1937,-1992,-1156,-894,-1201,-1464,-1825,-1486,-1094,1914,4723,1714,1958,-1318,-8741,-8741,-2725,-848,9,-164,-135,177,713,2052,1225,255,-326,-31,702,773
1976,3408,3492,2285,657,-82,-32,-268,-1238,-2552,-2998,-2369,-1403,-655,-441,1215,2222,-5511,-2461,-811,39,-166,315,266,-691,-4614,-8741,-2975,-1046,-249,-92,161,1358,2551,3051,4055,3893,2453,1001,613
211,22,-399,-734,-539,-96,60,-52,-802,-1846,-2885,-3216,-2437,-1290,630,586,665,298,-57,-4006,-5533,-341,254,155,-257,-290,227,299,1054,2219,4330,5065,3472,1386,55,161,-21,-129,-537,-618
-375,-59,154,80,-160,-421,-863,-994,-1083,-1274,-1742,-3227,-3615,497,2564,4597,2287,-589,-1330,-7690,-8741,-5499,-1878,-195,765,1975,4491,6134,5303,2333,-76,-137,523,282,-82,-634,-921,-686,-309,-213
-167,-69,26,41,17,11,-28,-117,-258,-891,-2028,-3147,-3446,-2455,-1505,798,5203,8615,-789,-3276,-472,-2748,-8396,-8741,-2334,-972,-125,-146,49,466,-519,-85,368,1664,3173,4471,4091,3514,2231,390
-715,-559,18,288,61,-239,-277,-192,-149,-170,-270,-780,-1441,-3216,-4427,-3145,-2192,-1312,-1012,-667,544,2610,971,-879,-7316,-2398,-182,560,792,334,-43,-198,-98,-43,1776,3673,5234,3318,1291,16
-88,-95,-90,-75,-38,-19,-31,-66,-171,-220,-273,-481,-1146,-3139,-4975,-2492,-1087,128,3472,8295,2067,-183,-8204,-8465,-515,148,274,39,-87,-139,-113,0,1523,3739,5697,5534,3027,322,-429,-55
218,171,-82,-105,-49,-144,-49,90,-10,-208,-231,-62,-30,-130,-184,-101,-44,-32,-34,-10,-47,-100,-108,-136,-380,-776,-2546,-5435,-5770,-3926,3658,6308,5586,-3032,-6938,-3115,245,204,225,-35
-190,-58,1546,4103,5723,3905,1470,462,-126,-229,49,-687,-1673,-2957,-3584,-2941,-2280,-2673,-582,341,-1713,-1392,-557,-2734,-360,1626,1106,772,172,-206,-357,328,1245,3196,4322,3813,2072,331,-919,-401
-399,-573,-781,-760,-571,-483,-568,-758,-1266,-2360,-2208,-1231,-72,-169,1504,9,-2244,1498,3906,486,369,-100,-314,-450,-538,609,2407,3743,2818,1080,-437,-410,-152,-238,-481,-370,-280,-320,-284,-170
-296,-353,-294,-204,-128,-184,-770,-2367,-2143,-2324,-578,3133,3246,2622,-1755,-2928,219,1567,792,-118,-194,-118,621,1624,3202,3066,2017,1407,914,267,163,193,108,-26,-45,0,-21,89,53,-56
-55,-318,-1322,-3189,-5036,-4118,-2912,-1404,9,630,442,-1484,296,-1491,-409,2183,1704,1173,399,-6,-292,831,2673,4558,4397,3031,1989,1287,561,8,-376,-530,-474,-244,-166,-157,-64,-20,-9,-28
-77,-75,-78,-84,-66,-79,-86,-67,-83,-83,-56,-116,-847,-1253,-2186,-2698,-3444,-3846,-2077,-82,2549,8721,6169,-6995,-4110,-24,854,789,-84,-111,205,1784,3437,4367,3540,2115,923,468,166,-24
-510,-168,189,1501,2019,3024,1318,-4824,-1219,510,141,335,80,1701,3982,4717,3301,812,30,400,517,255,-71,-364,-437,-382,-268,-198,-200,-72,71,132,-32,-86,-76,-194,-179,-77,-111,-141
-3358,-3225,-2414,-1367,-417,105,5461,8449,6272,-5756,-4653,-1593,328,309,-89,152,805,1887,3204,4290,3887,1824,221,-415,-193,-83,-265,-461,-523,-343,-216,-165,-163,-114,-67,-49,-78,-55,-44,-72
-78,-77,-79,-80,-40,-59,-39,-84,-198,-494,-822,-1912,-3864,-4239,-1844,-962,-524,-297,35,3384,8721,6737,-128,47,-5941,-6849,244,-448,-73,-653,-362,-60,-137,-6,-134,89,820,2061,3857,4572
-85,-89,-84,-89,-76,-35,-93,-46,56,-85,-148,-68,-173,-257,-477,-877,-2241,-5020,-6014,-3031,-2857,-1697,2445,2708,7129,1300,-5471,-5872,-3204,106,536,112,-45,-26,649,674,2175,4287,5604,5672
-558,522,5012,8721,7876,-4093,-8741,-6380,653,-923,292,-34,61,-37,858,2439,3766,5090,5820,4827,1974,-1046,-1013,-9,236,-348,-656,-363,-5,96,57,26,86,28,-80,-118,-79,-53,-28,-30
-40,-68,-75,-55,-114,-105,-105,-91,-67,-85,-67,-92,-137,-237,-426,-1884,-4863,-2975,-747,367,316,2535,6592,-2026,-5518,-1347,-300,720,-301,258,1104,2234,4301,5430,4260,2464,1146,226,-405,-525
