-69,-66,4,0,-68,-70,-109,-106,-52,1,33,24,-29,-76,-13,-102,-458,-266,-559,258,953,1005,1269,-11,-1313,478,-2572,-2779,-1785,-599,-861,-1521,-2246,-2401,-2489,-1629,-2781,-2419,-700,-364
48,69,-342,225,-34,161,289,131,223,180,29,-215,-303,-111,32,-98,-78,-63,-87,-67,-88,-111,-292,-793,-1123,-1800,-3502,-3220,-400,691,1941,460,-1373,-1976,-4427,-2231,-786,-411,-1292,-1216
-2953,-1500,-2589,-1909,-1084,-2054,-2549,-2077,-158,-121,417,19,-802,-577,-257,1089,641,-728,-1996,-1724,-472,416,3100,614,-1679,625,-6104,-2362,-1667,-2902,-3806,-1230,-3020,787,-5710,-3624,-2679,-1279,-726,1026
-4952,-2467,-784,-775,-203,344,331,673,371,-514,-1159,-1337,-1129,-759,-541,-344,-1312,-410,605,1814,-21,-1997,-966,-538,-4174,338,-1544,-1419,-3378,-3534,-4765,-4186,-4740,-2010,-2392,-866,125,318,-10,12
131,195,250,93,-219,-333,-131,-95,-140,-170,-151,-112,-93,-47,-149,-488,-843,-1385,-1788,-647,1676,1710,-1264,-3476,-2028,-732,-128,-2597,-2616,-2048,-2674,-3309,-5442,-5071,-3573,-2897,-1276,-1366,632,774
486,126,-538,-563,-655,-788,-818,-998,-1067,-855,-499,-1077,-1255,-1122,1013,2498,-904,-3001,-3246,-3157,-495,-943,-108,-1773,-1467,-2729,-1660,-1838,-1437,-1179,-1662,-1367,-2286,-2145,-2084,-1528,-574,-280,-10,317
-190,-156,-89,17,-158,-811,-966,-1774,-2947,-1648,652,1697,893,-872,-560,352,-7029,620,-1224,-2877,-3190,-4730,-4540,-2149,-2839,-2477,-721,490,319,444,346,208,52,94,20,-119,-10,20,-16,22
-29,17,9,-100,-34,-25,-61,-12,-60,-63,-192,-360,-757,-1251,111,682,128,-850,-1894,-1090,-4552,109,-1957,-1625,-1405,-2959,-3093,-3783,-3152,-3539,-2223,-2910,-2976,894,-660,-419,377,105,-338,-149
-62,-399,-240,1357,-250,-235,-466,-635,-648,-820,-1104,-1748,-2259,-1968,-957,1123,1446,3210,5147,-93,-3818,-1304,-1302,-2730,-1666,-1054,-1141,-960,-1899,-1248,-83,217,-366,-1210,-4503,-3724,-1398,-346,198,185
-112,208,45,32,74,103,128,138,-27,-148,-367,-813,-1445,-2264,-2965,-1490,-358,194,-148,1360,645,591,-645,442,-3015,-2298,-331,-782,-536,-932,-1244,-1454,-1550,-1155,-1588,-1183,-1258,-1265,-831,-1004
-687,-645,-717,-518,-579,-906,-1466,-2856,-3022,-1385,-1740,-749,-253,-369,-601,-1388,-2325,-2465,-158,800,493,1118,425,-1289,-1137,767,-3274,-431,-359,-199,-933,-1151,-1374,-1495,-1403,-1591,-1377,-1337,-1423,-909
-18,-149,-264,-124,0,-37,-144,-61,1357,-30,-38,-113,-94,-185,-629,-1133,-552,-2116,-2720,-2888,-935,1779,3413,1204,-1665,-1830,-11,-2479,-2336,-792,-336,-992,-656,-1105,-1984,-3154,-3754,-3658,-3304,-1745
-608,-782,190,-2044,-2106,-145,-738,-689,-524,-1362,-724,-101,-601,-1229,-1216,-774,-1105,-1791,-1005,-49,638,434,-864,-1582,-1835,-3321,-3158,79,-364,-1061,-2809,-2405,-1582,-2862,-1243,-2131,-2642,-1154,-1048,-845
-623,-498,-322,-62,-106,45,-88,60,62,37,38,15,-81,-159,-325,-805,-1434,-1887,-2201,-1621,-1544,-2016,-2202,-1060,-504,-1074,-186,-779,-1574,-1855,205,-1648,-2628,-791,-787,-1777,-3456,-3541,-3817,-1724
-1125,-1569,-233,-3390,-4056,-83,-993,-446,-236,-664,-528,-196,-295,-773,-1078,-1303,-2028,-3037,-3074,-2300,-2677,-458,1588,1945,2437,-675,-2598,-3810,-1891,-5489,-615,-2042,-1738,-1706,-2916,-1951,-2553,101,-2108,-1468
-2559,-1390,-226,362,217,41,-72,-367,-568,-1211,-2038,-2619,-2085,-1916,-1909,-1127,-40,550,-466,-1602,-3129,-3664,-3578,-214,-794,-979,-1993,-1861,-2533,-1251,-997,284,-326,-189,-458,-1028,-810,-862,-544,-328
-624,-696,-955,-932,-970,-1107,-1746,-2808,-3214,-2031,337,742,1327,-494,-1069,-1869,-1052,-7786,-664,-628,-924,-1074,-1828,-4363,-4174,-1235,-567,199,-690,-1351,-1433,-1325,26,-728,-425,-377,-369,-105,50,-127
-176,-213,-357,-496,-596,-590,-602,-2205,-2927,-1503,-1505,-1028,-1292,440,-177,2392,-5469,371,-2681,-2816,-3396,-3242,-3834,-3035,-1416,-1927,-1206,-1660,-1109,-1158,-1098,-891,-808,-1048,-1323,-1346,-1217,-664,-243,-238
-364,-406,-330,-235,-117,-225,107,442,327,172,93,198,87,94,-734,-1192,-1400,-1769,-1879,-684,689,1731,1491,2887,3397,2355,193,426,-3348,-1714,-2383,-1852,-2959,-2180,-2720,-2446,-1965,-2558,-2351,-2272
-2173,-2164,-1708,-1790,-2027,-1722,-1030,-934,-384,27,85,358,187,202,79,-67,-261,-532,-452,-345,-70,-205,27,-310,-692,-1554,-2266,-2161,-998,267,3438,3508,-927,-821,-5317,-1625,-2397,-1206,-1806,-2848
-157,-126,-12,-25,-43,-15,-46,0,-64,-73,-100,-188,-470,-1945,-1644,-640,193,1289,468,-1295,-813,-2351,-2952,-1049,-2104,-1573,-3032,-3304,-1829,-2878,-3012,-3898,-3556,-1702,-1754,-2309,-1315,-474,4,355
267,297,297,184,98,-8,-142,-53,-151,-482,-1208,-1931,-3004,645,2538,1951,1280,-27,-913,-1736,-3699,-4129,-3077,-1333,-894,-902,-1609,-2941,-4915,-4741,-3768,-2603,-2170,-3350,130,-266,-152,88,-704,-320
-545,-584,-338,-333,-134,-123,-83,115,-54,-197,-251,-524,-471,-621,-824,-511,-1526,-1548,-496,1295,1605,2297,-340,-1763,-755,-7466,-956,-1838,-1324,-2374,-2683,-4154,-1805,-2024,-1473,-1696,-1173,-1018,-774,-379
-699,-761,-751,-762,-529,-409,-185,-54,-120,-106,-263,-331,-742,-1491,-3777,-2269,438,2077,3280,1895,-1578,-1449,-6277,-2511,-2352,-1989,-2219,-3244,-2479,-2631,-1417,-1471,-1927,-1385,-2093,-1873,-1492,-1192,-542,-301
-337,-185,-18,17,-12,-16,-91,-275,-766,-2251,-3453,-1115,655,126,708,-1935,-700,-5383,-782,-2491,-1937,-3588,-3178,-2832,-2766,-1757,-2911,-3091,-1964,-583,212,833,717,1078,667,-68,-138,-26,-141,13
-107,-73,-67,-93,34,81,-88,-125,-431,-875,-437,-2175,209,542,2325,406,-2061,-1834,-3268,-3922,-2492,-3012,-3870,-2924,-2834,-2238,-2674,-2756,-2323,-933,-487,-390,50,-71,-32,-66,-192,-299,-231,-105
205,54,79,-2,-122,9,60,98,26,-66,-188,-225,-241,-511,-1036,-1085,-525,2,104,-706,-387,207,1313,2429,1348,-658,-478,-1059,-4254,-2789,-4120,-4329,-4563,-4435,-6393,-4594,-3521,-1571,118,426
3665,5787,5021,1354,2093,-3474,215,-881,-1801,-3963,-3242,-2058,-1742,-990,-1375,-1057,-795,-894,-300,-60,-320,-301,-81,-84,-69,-62,-68,-81,-33,-22,-137,-216,-202,-269,-249,-282,-207,-145,-141,-78
-71,-38,-49,-27,5,-11,1,0,-19,-50,-69,-11,-34,-13,-110,-231,-711,-1708,-4307,-3413,-1234,-51,1037,-488,-1431,-2325,-5103,-2257,-1267,-1086,-1055,-1737,-2229,-2722,-1789,-2556,-1154,-1897,-991,-941
-798,-451,-644,-563,-659,-1309,-1162,-753,-593,-251,-114,-173,-155,-110,-1311,-2559,-1568,463,1372,3116,121,-1719,-3256,-7906,-370,-1433,-1478,-1658,-2285,-2238,-2477,-2107,-1702,-1031,-1751,-1993,-1865,-1263,-344,-425
-1305,-1509,-1737,-1730,-1954,-1825,-778,227,312,445,714,787,463,-176,-621,-687,-418,-156,-193,-871,513,2485,-46,-2420,-2360,-6031,59,-733,-1170,-2151,-2068,-2325,-2319,-915,-1594,-1357,-1665,-1083,-910,-1032
-423,-192,-29,158,106,-14,-70,-105,-29,-27,-29,-130,-159,-186,-248,-713,-1585,-2367,-2113,-2534,-2414,-1345,1320,1002,8,-943,-1468,-3014,-2785,-2957,-1782,-1616,-1524,-1655,-1627,-1498,-1905,-1447,-1078,-2039
-897,-1565,-1033,-873,-1314,-1623,-2084,-2827,-2378,-1297,-646,-430,-309,-948,-2240,-2183,-1395,-422,-742,1765,2673,3263,899,277,-1419,-4246,1231,-1236,-370,-742,-1522,-1068,-1079,-1272,-1264,-655,-1357,-1260,-1097,-1299
-1181,-1926,-1888,-2007,-1476,-686,-538,-379,-434,-797,-883,-838,-623,-450,-411,-383,-356,-394,-421,-329,-464,-524,-590,-932,-764,55,82,-90,-124,-160,-835,-1305,-2291,-1285,685,1694,1990,-1468,-950,-5187
-446,-415,-304,-191,-337,-489,-524,-185,-25,6,-99,-468,-1307,-2418,-3137,-2070,494,-1030,51,-1568,-26,-7702,-229,-1510,-2127,-3929,-2732,-1750,-2486,-1072,-1758,-1696,-2358,-2024,-2533,-2463,-1185,-195,666,779
496,204,177,-33,-125,-262,-370,-625,-1282,-2214,-2559,-2813,-743,1151,212,-1954,-3615,-1976,-4496,-1076,559,315,-1552,-1907,-841,-2061,-435,-1352,-1813,-2277,-1272,-219,-76,155,86,-166,220,271,0,-190
-1997,-2437,-2622,-1180,25,165,-80,-202,-499,-991,-1888,-2036,-636,741,1727,2127,746,456,-1687,-4631,291,-1938,-1660,-1529,-2160,-1847,-3275,-2819,-3847,-1507,40,-220,-188,-254,-436,-193,175,20,-85,-88
-126,-196,-207,-228,-220,-158,-252,-769,-2598,-3607,-1142,-1242,-1643,-3805,-1915,-730,-880,897,2868,-241,-700,-5512,-899,-563,-798,-2403,-1492,-1434,-1816,-1933,-1246,-1043,-956,-1151,-499,-154,-534,-369,-150,-44
116,-26,-17,-64,-340,-290,-393,-813,-1966,-2984,-1165,-150,820,1573,242,651,445,-549,-2270,-4473,-1355,-2572,-848,-2207,-3958,-1807,-2526,-1289,-2266,-1254,-956,-455,-949,-781,-1081,-502,-597,-551,-240,-325
153,27,47,-20,-98,-72,-320,-364,-171,-264,-844,-2659,-1957,-312,64,51,609,775,-824,-36,-3450,-1981,-1414,-1028,-1561,-3684,-2014,-2571,-1860,-2381,-3400,-4132,-1564,245,750,482,534,379,68,-68
83,7,1,-116,-123,-188,-372,-999,-2458,-1776,356,2428,409,1653,-152,-181,-1868,-2823,-1392,-681,-2984,-2884,-765,-1146,-1940,-3546,-1571,-171,153,-400,-3693,-2224,-308,-533,-379,-334,-605,-797,-533,-514
-305,-327,-723,-887,-724,-754,-96,824,-1007,-2336,-680,-5618,-3060,-580,-700,-1918,-981,-2325,-1625,-3563,-2276,126,-1442,-888,-279,297,719,577,-122,-156,-134,-314,-188,-107,-106,-207,-146,-71,-81,-164
79,282,30,-89,-202,-203,-141,-240,-385,-442,-61,-65,-437,-197,349,382,843,974,56,921,1319,1549,-130,-1168,-1223,-2443,-1557,-1561,-1054,-1753,-2190,-1278,-1681,-941,-5645,-2911,-841,-1028,18,-669
-1064,-263,249,143,-145,-302,-333,-577,-717,-649,-653,-478,-817,-1609,-1658,-1927,-1313,-564,1822,1293,695,-909,-457,-6801,-1787,1058,-695,-1389,-564,-860,-3191,-2639,-3720,-1661,-286,-149,-90,-9,-324,-489
-372,-447,-595,-541,-226,-6,-118,-92,20,-85,-223,-305,-1153,-1651,-1607,-2517,-1367,98,913,1734,2941,710,-299,-701,-3107,-4581,1015,-953,-2704,-4172,-4676,-2856,-2010,-2216,-2725,-2535,-2444,-2630,-1258,303
1022,1014,748,464,316,303,5,-36,-74,-137,-186,-367,-963,-1882,-2856,-2872,-5,1947,724,-445,-228,-915,-2085,-302,-4868,-3146,-334,-2465,-3027,-2654,-3751,-1637,-2809,-3090,-2954,-2418,-2271,-1447,-487,32
-127,-376,-463,-412,-270,-236,-629,-1172,-2610,-1862,346,1194,2264,1217,157,-426,-1076,-5320,-4639,668,-1815,-2865,-3378,-4905,-2555,-2256,-3372,-1561,33,115,-166,-384,-200,84,62,23,-13,35,-53,-145
-126,-111,-139,-99,-98,-70,-152,-189,-637,-1128,1107,-499,681,148,-1276,-1340,-1687,-5263,-1446,-2321,-1707,-2460,-4820,-643,-2738,-1389,-2167,-1198,-1150,-391,-293,137,642,387,64,-19,-271,-388,-217,-243
-198,-300,-99,-193,-197,-105,-76,-336,-688,-118,926,973,-212,567,1748,2376,-1606,-2177,-1758,-4528,-5465,-7879,-8280,-6481,-3296,210,-2678,-1044,147,-1023,-1222,-154,-317,-857,-1183,-996,-689,-418,-308,-334
-583,-713,-829,-740,-352,-33,-188,-422,-590,-1029,-2638,-2471,162,572,2176,369,913,3693,6557,4572,-134,1220,-3681,-2356,-2345,-1580,-1913,-3607,-4874,-3514,-252,-1074,-857,-1014,-1173,-1214,-1376,-1385,-921,-766
11,-9,-93,-56,66,-8,33,-53,-85,-6,-51,-34,-41,-14,-12,-60,17,53,10,44,13,-303,-900,-2638,-2532,-2635,-4037,-5856,-1783,-982,-2835,-2869,-6309,-4311,-401,1052,73,-516,-324,-208
1357,-4656,-2371,-3171,-3853,591,-637,-2476,-4064,-7444,-2211,-263,-965,-646,-288,-118,-37,-45,11,-8,34,-43,-95,-303,-1186,-2509,-2774,-2736,-2325,-1815,-720,-436,-870,-317,-1610,-1099,-917,278,896,460
-6673,-5885,-1145,4085,-400,-2627,-6746,-5091,-1155,-664,-708,-522,-522,-373,-306,-101,-134,-56,-96,-66,-181,-795,-1421,-2582,-2023,-2182,-2157,-1526,-47,-162,183,58,-281,2,-254,-107,-165,-385,25,413
287,292,504,-239,-176,1389,518,-369,-624,-409,-162,95,-49,-180,-187,-79,6,1357,30,28,43,36,-110,-781,-1972,-3348,-3640,-2087,-2783,-3755,1416,203,-2179,-4913,-6152,-2114,-355,-268,-313,-367
144,6,-30,14,-77,-585,-2151,-5010,-6325,-2325,696,1685,2033,-1901,-3757,-8771,-5486,-1381,467,-45,-400,-118,-15,11,-24,73,-46,-83,-87,-332,-2118,-3006,-3304,-3211,-3036,-1421,-732,-170,-45,-100
15,14,-62,-562,-2303,-4226,-4790,-3624,-1496,1801,4248,1494,-1849,-4734,-7768,-3202,-549,244,-37,5,-33,-25,-61,-135,-169,-156,-228,-454,-1145,-2231,-3805,-3811,-3477,-2394,-1268,-308,-351,-92,127,140
-32,-55,-55,-77,-135,-151,-61,6,-105,-135,-20,58,78,-52,-242,-345,-375,-541,-2008,-4703,-4846,-2632,2792,4336,-1460,-3417,-5170,-6944,-2123,-674,-169,-209,-236,-194,-130,-168,-157,-247,-341,-1091
-38,-221,-503,-909,-2789,-5585,-6358,-4383,-1560,4048,5717,2360,-2806,-3666,-8771,-3819,-1239,37,-466,-350,-159,-17,0,-391,-1501,-2113,-2646,-2334,-2489,-2603,-2024,-665,562,192,-156,-546,278,359,730,578
-32,-34,-77,-58,-47,-2,58,39,-4,-14,10,42,45,-25,-58,-82,-165,-1124,-2986,-3946,-3630,-3064,1037,4224,1920,-2635,-2764,-7963,-4594,-1735,-15,148,-87,-144,-85,-27,-66,-82,-29,-78
-155,-205,-260,-261,-256,-237,-240,-260,-304,-197,-89,-172,-248,-379,-1820,-3842,-6304,-6354,-1554,3118,5580,1086,-2430,-2703,-8450,-3706,-1895,-220,-299,-201,-52,-94,-49,-138,-186,-417,-745,-1544,-2057,-2726
161,-35,-75,10,41,18,-27,-73,-63,-24,6,-10,90,274,493,250,-1,-387,-585,-1152,-951,-662,323,315,-893,-1705,-2000,-1994,-1310,-3066,-4065,-1350,-5843,-2957,-1117,-218,-74,-43,-111,-35
-52,-28,-25,-49,-97,-94,-87,-107,-160,-248,-330,-312,-581,-1828,-2724,-2441,-4559,-4471,-4194,1688,6270,1084,-2174,-3352,-8771,-2067,-1542,240,-13,-51,-317,-157,-261,-310,-313,-836,-1963,-2394,-2256,-2618
52,79,76,23,-43,-114,-670,-2623,-4017,-3396,-3030,2344,1584,-1153,-3100,-7985,-3320,-1663,-75,38,9,-195,-125,-16,-111,-94,-179,-237,-1413,-2580,-2752,-2362,-2205,-2537,-1651,-423,-337,387,-1336,219
891,172,-53,93,30,-393,-65,738,72,-158,-201,-151,-59,26,47,-22,-69,-56,13,86,117,100,34,33,24,62,65,49,53,94,-1213,-2724,-4148,-2842,3552,2151,-982,-179,-8491,-428
-495,-370,-261,-183,-92,20,20,-53,-164,-398,-1027,-2243,-2522,-4173,-2846,-2928,806,-256,-3152,269,-8017,-3297,-734,718,18,30,-24,104,0,23,-56,-19,-120,-130,-180,-163,-228,-215,-252,-182
-60,-149,-362,-698,-829,-883,-1401,-3567,-3577,-2210,-1649,822,2883,-1720,-4429,-6703,-7557,-1137,678,495,-130,-138,-107,0,-22,-168,-717,-1080,-1988,-2537,-2331,-2145,-1146,-1562,-970,-1217,-624,-739,-890,-701
-960,-442,-1734,-690,758,1008,457,1357,242,81,652,1489,489,-92,-302,-260,-206,-98,26,65,-11,-14,73,89,36,-111,-183,-544,-2200,-3971,-5384,-3855,-627,2312,1998,-3001,-5360,-7023,-8434,-608
165,-73,939,466,-412,-367,-199,-63,23,50,1,-156,-868,-2745,-5034,-4520,-1434,-571,1261,1479,-373,-2266,-4765,-8771,-625,-1447,210,103,91,-58,-1,-36,-46,-171,-334,-685,-1761,-2314,-2357,-2271
329,-653,-2685,-4092,-5181,-2686,917,6791,3069,-1225,-3894,-7647,-3123,-1692,-963,-425,-91,-63,-57,-28,11,-76,-105,-292,-236,-275,-621,-1381,-1895,-2099,-2010,-1991,-1470,-564,-394,206,-126,-708,-1126,-1339
-1387,-745,-1876,-328,-700,-162,-41,2309,4011,2980,-132,-1962,201,804,-39,-543,-282,-62,-139,-353,-334,-341,-325,-279,-152,-145,5,462,314,120,-176,-758,-1839,-4408,-4520,-1968,292,4939,720,-660
2611,1915,690,748,952,-314,-1150,-1060,-741,-1077,-897,-2,-565,-1532,-2632,-2354,-1886,-853,1395,4463,-214,-1631,-7104,-2954,-49,-743,-261,-238,-105,-218,-121,-162,-256,-197,-215,-190,-372,-523,-983,-1626
73,52,30,62,90,80,89,199,-699,-1458,-3550,-5717,-4700,-173,3734,241,-875,-1721,-6840,-1372,-366,-95,-367,-235,-243,-192,-195,-133,-147,-110,-187,-154,-193,-339,-850,-1333,-1762,-2025,-1711,-1688
-682,2514,5711,-618,-1584,-5890,-5204,-294,-1502,-1008,-650,-268,-188,-171,-133,-133,-219,-236,-92,-142,-207,-1152,-1474,-1937,-2805,-2602,-2240,-1945,-1460,621,1475,538,-790,86,-388,-908,-1069,89,290,-364
60,1,-3,-10,-6,-81,-200,-515,-1721,-3239,-2680,-4179,-4366,-1875,2585,4641,480,-1001,-5545,-7512,-1564,-272,218,12,-175,-47,-41,-29,-98,-21,-101,-238,-297,-1191,-1192,-2121,-2097,-2029,-1972,-2065
-117,-62,19,45,13,-52,-158,-567,-964,-1871,-3800,-5244,-5387,-2967,4497,4981,-1405,-2034,-6884,-6242,-1056,-10,-16,67,-172,29,-2,18,-46,-36,17,-45,-68,-42,-22,-82,-82,-101,-142,-641
18,4,4,82,124,48,23,-431,-1405,-2247,-3514,-3986,-4373,2928,5382,53,-1607,-5760,-7422,-1825,-764,-39,17,-70,-12,-52,-61,-66,-119,-133,-227,-240,-255,-622,-1258,-1746,-2377,-2048,-1668,-1243
-1137,-1714,-105,-1430,-748,-1440,-1535,-874,-964,-345,90,2,165,-498,-457,2006,370,-316,-329,-73,248,221,137,-9,-31,-50,-133,-555,-2013,-3347,-3638,-2713,-2778,-985,161,-16,3540,3513,-1686,-3126
648,217,77,182,196,176,59,-5,-56,-43,-24,-10,-40,-584,-1893,-2807,-4066,-3737,-1613,2631,4690,2573,-2715,-4307,-8771,-202,-604,64,0,-92,-25,-69,-48,-207,-110,-224,-225,-316,-453,-986
6,16,4,-16,-31,-30,-15,-24,-23,-41,-69,-103,-164,-201,-325,-888,-2148,-3392,-4560,-5560,-495,6578,2281,-1934,-2691,-8771,-2242,-1115,229,39,73,-95,-118,-171,-193,-166,-168,-112,-157,-145
188,87,64,157,195,250,106,-11,122,134,-1474,-5074,-3378,-2197,745,4553,1707,-951,-1659,-7921,-2573,-940,-379,-432,-356,-174,-138,-95,-69,-97,-168,-120,-89,-51,-367,-439,-1211,-2270,-2266,-1872
-490,-1246,-1879,-2264,-3152,-3034,-2785,-1541,2321,5578,778,-2947,-5464,-7679,411,-214,298,87,-90,-52,-86,-102,-90,-30,211,447,499,342,203,-26,-137,-676,-1008,-1880,-2678,-3125,-2663,-1650,-714,333
301,787,497,-239,-387,-758,-608,-1345,-1841,-1363,-255,1061,1372,751,203,56,1022,44,-311,-181,-539,-936,-849,-927,-924,-1289,-3738,-3534,-3399,-3814,-853,967,-8,-989,-8148,-5778,-1602,-779,111,156
-77,-31,83,35,-89,-50,-17,-28,-46,-79,-72,-1,114,112,68,-2,-47,-59,-259,-434,-647,-736,-970,-2101,-4404,-4826,-2709,3771,4424,-350,-1215,-3326,-6424,-1215,-470,244,-470,-316,-253,-162
-33,-26,-85,-63,-31,-16,-18,-42,-45,-26,-11,-25,-55,-81,-40,-460,-2473,-6178,-5584,-3618,-211,5683,5073,-1541,-2362,-8331,-3888,-1031,-110,63,39,-57,102,-78,-75,-249,-73,-298,-249,-283
-49,-133,-70,36,60,21,-62,-383,-2223,-3599,-4971,-4148,-552,3549,3840,1236,-850,-5329,-6010,-2180,-696,194,19,-172,-223,-128,-136,-162,-60,-175,-498,-758,-1482,-1358,-1478,-1477,-1093,-842,-953,-797
-68,-81,-57,-45,-52,-21,-28,-20,-6,-12,-47,-63,-54,-80,-110,-92,-258,-1149,-2952,-5536,-3447,1003,4764,1795,-2172,-2455,-7879,-3565,-736,4,-25,-129,-220,-281,-436,-1132,-1626,-2065,-2823,-3185
14,-29,-41,-27,-55,-71,-85,-61,-65,-75,-78,-9,39,-26,-298,-1844,-4908,-6124,-1184,4629,3093,-2760,-2152,-6023,-4440,-614,-466,-523,-394,-121,-66,-164,-192,-225,-196,-272,-284,-253,-437,-534
-281,-394,-629,-747,-451,-40,290,-69,-2217,-5524,-3243,835,3882,3004,-1885,-2864,-7840,-4587,-1102,-508,-73,-42,-182,-59,-48,-28,-135,-29,-86,-74,-69,-127,-96,-117,-233,-341,-546,-548,-921,-1200
-27,-12,-1,32,44,56,85,53,-116,-126,-350,-1394,-3573,-6060,-1918,3401,4082,-311,-3004,-3873,-8561,-1991,-1295,205,-151,51,-79,129,24,96,35,-56,-112,-126,-159,-174,-201,-313,-648,-221
44,50,27,34,59,53,0,-203,-1405,-4382,-5110,-3936,-1430,3959,3842,114,-3547,-4554,-8771,-2617,-1013,600,266,123,-138,-17,-140,-176,-140,-118,-125,1357,-109,-211,-149,-261,-149,-185,-167,-292
-16,-13,-6,42,32,-40,-221,-405,-608,-1349,-4122,-6140,-3464,402,3671,7355,416,-2036,-3283,-8048,-311,-857,-104,-351,-174,5,-47,-9,-112,-47,-103,-90,-100,-75,-74,-196,-91,-464,-304,-1622
-3234,-3279,-2799,-2061,-420,173,3808,5098,-751,-1791,-6269,-6361,-181,-542,-125,-245,75,-24,-50,-171,-245,-180,-277,-371,-586,-1204,-1128,-1389,-1817,-2184,-1724,-2110,-1888,-1629,-1192,-536,-1050,136,-351,422
86,145,55,-35,-47,-60,-431,-3015,-7377,-6114,3119,8689,4197,-1104,-2777,-6388,-5572,-1534,-590,-130,-240,-283,-88,-24,-8,-14,-38,90,4,0,-17,-223,-439,-704,-1449,-1250,-706,-739,-971,-1311
-366,-261,-461,1357,-2711,-4370,-3481,-694,1176,4330,5374,710,-2587,-5729,-6933,-215,135,59,-125,2,26,54,-54,35,-73,-111,-116,-121,-155,-150,-374,-500,-1972,-2607,-3089,-2908,-2245,-1676,-917,-807
-1252,184,-2133,-1098,-2132,-353,941,979,924,1276,1076,878,657,1232,907,-202,-372,-355,-156,172,210,217,325,220,85,193,415,427,-1089,-3567,-3743,-1753,-1036,-356,-664,-1613,-754,3341,5164,-1140
-57,-33,-26,11,5,-2,-17,-2,-2,0,-2,30,111,420,-241,-1247,-3396,-3136,-2293,-2015,-1213,1595,4127,1784,-418,-488,-2917,-6632,-3721,-1139,-48,-144,-158,-143,-98,-108,-50,-33,-93,-102
17,24,-11,-46,-55,-25,-33,-72,-183,-552,-1898,-3661,-4477,-3660,-751,1867,3688,337,-1945,-2684,-6800,-3256,-1550,-93,413,290,-99,-23,-163,33,-67,-17,-57,-79,-93,-62,-76,-139,-149,-135
-109,-321,-336,-157,111,230,208,-6,-354,-795,-1428,-2291,-4184,-4331,-1735,-386,2962,4704,1669,-1432,-2898,-5731,-3400,-2086,-430,-189,-98,-366,-134,-316,-66,-163,-87,-109,-114,-65,-117,-170,-328,-476
-16,-31,-28,-21,-11,0,-10,-67,-451,-1045,-1395,-1554,-3178,-4502,-4239,-2189,-1388,1658,3492,824,-823,70,-4269,-3267,-1471,-742,-26,-112,-61,-95,-67,-60,-49,-70,3,-112,-77,-101,-34,-111
-108,-31,31,-29,-77,-74,-258,-1443,-2705,-3207,-4244,-4215,-2840,-603,811,3590,2049,173,-2234,-8010,-2456,-1489,235,0,91,-2,90,147,-28,-37,-74,-84,-86,-81,-102,-54,-117,-42,-158,-43
-256,-238,-156,-66,4,164,220,123,41,5,73,224,137,94,-93,-183,-1147,-3541,-204,1318,524,1334,1955,2579,3067,1819,133,1834,196,-393,313,681,300,-143,-177,-217,-894,-678,-628,-493
-338,-193,-40,-422,-2456,1194,1523,361,37,576,3454,2393,4021,1581,2016,241,389,677,256,28,-457,-896,-1633,-4365,-4198,-4076,-2609,855,3930,3187,1054,-142,-14,208,168,-240,-371,-1239,-884,134
20,49,30,-10,-34,-38,3,-25,-1,44,25,50,11,3,0,30,-56,-186,-1260,-1820,-120,1729,1795,130,1158,3148,3734,2537,540,51,727,250,-592,-2033,-3876,-3598,-4417,-3170,268,3363
33,-5,-12,-98,-388,77,220,118,-84,-126,-66,-110,-7,38,-75,-157,-266,-1005,-1495,-2586,-1932,1297,1136,1032,6174,6296,2238,2138,-132,514,408,-1055,-1296,-3755,-5437,-5132,131,3080,2564,-936
199,227,68,-296,-266,-37,-78,11,-8,-67,-62,-3,34,59,56,60,-70,-156,64,1,-76,-88,-81,-62,-15,0,-13,-128,-240,-501,-630,-1696,-2142,-116,2317,2743,2410,3070,3189,2088
-167,156,204,59,15,-112,-150,-141,-101,21,82,41,76,138,119,-42,-775,-4816,-4936,-2663,2991,4715,5041,2399,3931,2547,-288,-212,103,-775,-2495,-5489,-7699,-3227,1954,2140,2703,2834,1510,32
-150,-121,-131,-97,-41,-21,-19,-13,-74,57,-35,-37,-122,130,84,-183,-514,-2560,-1526,1187,1344,1922,1624,3974,3675,1324,-1469,-308,-101,-1189,-3462,-6792,-5217,3056,-2414,1300,2467,506,764,756
512,-11,298,521,230,-140,108,63,-59,96,10,-227,-208,-204,-161,-190,-165,-142,26,67,127,84,-716,-3298,-847,1639,3141,1932,2179,4465,4217,-1437,-77,94,-291,-1152,-1854,-4850,-5839,-7096
-151,-107,44,115,-53,-79,-332,-2393,283,2413,1966,295,-554,488,2274,1215,1865,179,204,-70,-1602,-4371,-6715,-6424,-1878,1317,2950,2132,-523,-586,-749,165,962,593,84,156,355,263,288,259
48,45,4,-42,-33,40,85,-17,-146,-355,-645,-2562,-453,1167,1072,408,1217,1980,4214,2020,852,355,-391,-1669,-4788,-7128,-7449,-3543,6569,5996,38,57,531,-58,84,219,44,28,85,48
-1396,-488,1553,613,-9,646,3677,2097,2297,-87,-30,465,-700,-3260,-5897,-7082,-5771,1544,4578,3879,261,90,422,486,256,212,440,473,134,133,322,104,-163,-125,-54,209,216,245,319,135
467,542,2631,3854,4656,4042,274,-436,-3916,-8771,-8138,-5369,2091,4842,4429,120,-1158,-781,-421,357,415,57,-303,-357,-249,-67,53,-14,-131,-77,41,41,-10,-47,-42,14,24,-25,-17,31
17,29,25,10,0,7,28,13,7,-38,-47,-76,-239,38,-225,-9,-1141,-1204,-853,-1523,3096,-196,152,1499,4799,6891,3101,2140,-61,-11,-1639,-4300,-7033,-8424,-1123,5250,2064,45,218,-330
-227,-226,-228,-157,-83,23,331,453,244,-191,-274,-208,-111,-30,50,151,118,59,-31,-137,-313,-689,-1100,-802,-326,-262,-449,-363,-805,-703,-1147,-2293,-11,-414,83,1041,951,2130,2736,2232
-122,-1,34,108,-121,-24,239,180,-68,-321,-473,-459,-319,-150,-69,53,120,83,65,63,17,111,73,-106,-83,-444,-3155,638,1668,-45,-298,1379,2568,891,2465,1705,2358,-605,-214,-2064
-362,-132,774,3119,271,3590,-1422,-844,-151,-95,-1764,-4325,-3955,-2662,-198,2193,1168,642,492,-291,75,287,468,63,123,29,-35,-88,-172,-110,-23,83,22,-21,-11,12,38,28,22,48
19,6,-57,16,61,55,-3,-19,-2,0,20,35,-307,-803,-665,-1536,-2358,257,1041,880,2642,2894,2172,1014,-2220,-949,-1048,222,185,-742,-4031,-5414,-3448,-2178,2025,1646,3924,675,-1337,-799
39,33,48,24,5,-8,5,33,63,55,46,48,38,14,15,15,-2,-22,28,65,79,77,-35,-252,-397,-326,-244,-421,-1222,-3735,-2726,997,1611,2881,2811,2558,5174,-134,-947,373
341,-887,-3351,-5031,-3988,475,3833,-156,2461,-201,-1232,-134,491,497,89,-90,-67,-26,0,-139,-232,-361,-689,-131,201,70,31,200,18,64,-15,-32,20,30,2,-30,11,64,71,45
-662,-1101,-463,74,629,401,15,-271,-2039,-2418,721,1061,1372,4377,5296,3148,9,1696,-1181,-1586,-3532,-6117,-5894,-2250,467,3390,2354,1593,-279,-661,59,495,495,294,68,-98,-37,3,-22,7
1519,1728,3505,-2557,3833,-2495,-881,-391,-2469,-4964,-3672,-2414,-716,1010,2397,2072,805,128,-81,307,747,585,234,266,-71,-124,-30,-57,-42,-92,71,107,-43,12,17,15,-41,-41,-110,-81
-64,-100,-141,-150,-62,66,18,-58,-18,-14,-82,-33,-5,183,129,-2156,-3086,421,3959,4748,4308,2503,1178,1515,1506,3731,214,-87,-1009,-1538,-3628,-6930,-8276,-3983,880,2103,989,2118,2524,653
-579,-232,111,115,-73,-187,-134,-155,-235,-251,-275,-46,262,290,60,-36,-23,35,133,20,-3061,-1159,83,1501,1820,3212,1357,4343,1928,-7439,4011,118,524,-454,-2029,-3501,-6420,-7795,-3913,1618
-13,-18,-6,0,9,14,-2,-29,-42,-46,-80,-180,-154,-42,-29,-123,-266,-307,-836,-2451,-263,2473,1922,3089,3889,3259,2956,2575,-1054,250,-848,-1745,-2961,-5292,-6782,-5452,12,1675,2490,3268
-62,-79,-42,-20,-26,-58,-65,-10,21,-30,-150,-241,15,160,-312,-2398,-1675,-262,203,1659,2771,4519,6070,3133,-342,497,579,-175,-932,-2046,-4069,-7491,-8318,-3215,1445,2496,2791,2484,793,-696
-42,-273,-442,-535,-202,362,-709,64,664,394,264,204,-188,-405,-729,-1470,-3233,1511,-652,-894,3095,8157,4136,-823,140,-526,609,-264,-2464,-4504,-4157,-4760,4443,2236,996,1321,1399,424,301,712
-991,-2913,-1837,11,602,1528,3866,3481,-975,-1556,358,548,668,-732,-3937,-5247,-2355,-58,2126,2949,3606,26,-496,-420,25,-371,-403,-185,-33,-1,86,200,128,22,-24,37,45,85,-53,-103
-179,-368,-150,-198,-238,-201,-63,-93,-30,25,23,36,75,178,130,-1874,-2258,2368,111,557,1947,4667,3708,-6556,3361,-515,-155,-120,-234,-78,0,-913,-2903,-5294,-5410,-744,789,1870,2462,2213
-445,121,306,332,91,98,153,-176,-102,106,140,165,180,200,-379,-991,-599,-139,-18,-398,-1414,-1599,772,-703,322,2825,6696,6079,2900,702,2129,1195,338,-22,-394,-100,-95,-54,-61,47
64,8,-81,-21,177,237,16,-63,-59,-21,48,63,-9,-65,-49,0,-185,-2813,-1746,2823,2297,4221,4528,6012,2169,1912,-42,788,745,711,-1185,-3798,-7888,-7145,-2082,3009,3436,2719,456,-459
-170,-221,-260,-141,133,347,154,304,130,61,160,10,0,76,112,68,46,-29,-12,2,-18,-76,-123,-192,-310,-913,-3478,-1858,3351,4050,3122,3036,1434,-185,-1515,415,934,236,-271,-4917
22,122,53,14,13,36,17,0,75,21,-10,-19,-41,-32,40,71,-142,-273,-329,-426,-727,-925,-566,-203,-1464,-1572,1313,1711,3850,4830,4116,3133,362,48,528,-168,-1339,-2880,-6032,-6434
-48,-249,-203,-88,12,-15,-70,-124,-61,-40,99,240,305,92,-978,-2967,-476,1996,1781,4806,5719,5694,3461,2285,-562,381,435,-1081,-3111,-8490,-8771,-2258,5339,-130,1546,631,546,316,809,886
468,286,542,831,396,-266,-602,157,130,62,-75,-36,-3,-277,-287,-268,-337,-522,-1296,1205,998,1369,916,1957,5133,1362,-3593,1701,-868,1026,1095,-1511,-5568,-6761,-4649,239,1357,4250,2012,-484
-249,563,458,415,491,338,163,11,-106,-119,-38,58,49,-23,-245,-190,349,-916,-530,867,-1097,1607,3030,3460,1831,77,769,-473,376,938,-1592,-5151,-7778,-5892,1773,5784,4412,1481,-217,-987
-10,-26,-22,17,14,39,42,7,8,-2,30,-2,-42,-135,-168,-134,-283,-382,-477,-368,-213,-156,-639,-1576,-792,695,1548,3741,2946,3532,2775,-179,-1026,495,907,674,-166,-2425,-5323,-5935
29,49,48,70,42,2,-24,-16,-29,-70,-360,-815,-795,-468,-202,140,277,224,-145,-1936,-1569,1254,2873,3427,3234,3727,656,1569,-531,981,323,-372,-2729,-5458,-6726,-3609,237,1322,4143,4518
-44,-104,-154,-75,44,122,170,143,71,75,-29,-112,13,-531,-2860,-1826,1526,3963,3603,4532,609,-923,464,559,-11,-1854,-4063,-6677,-5431,-1060,1612,2711,3659,1495,-685,-570,-277,-304,280,363
45,47,-20,26,94,177,386,86,-390,-372,-315,-86,-46,-245,-445,-426,-38,207,-417,-1149,-1665,1693,233,358,4842,8691,2721,4832,1965,1173,302,-650,-1870,-3647,-5691,-6111,-2961,129,2139,1555
-1449,2305,1379,910,3191,3268,6161,1172,2020,480,977,673,-478,-3228,-6426,-7883,-3752,438,3272,1707,239,-64,301,297,512,345,176,200,235,293,114,33,-131,-170,-37,25,130,87,-42,-139
-69,76,115,76,-221,-258,-171,-33,274,369,181,-44,-314,-346,-307,-640,-1525,-1068,-431,-7,675,346,136,647,-481,-1446,1672,-102,896,2550,3104,1624,5663,2562,435,-131,-1657,-4230,-6890,-5830
-1837,4,956,2196,2272,694,102,665,124,-869,1175,1832,94,-283,297,164,-78,-89,17,156,149,-88,-61,315,560,-249,-546,622,210,-2033,934,567,239,2539,5178,4669,4504,-892,1634,1197
-40,-20,-58,-122,-235,-290,-240,-48,17,37,68,212,52,-69,-313,-959,-698,-4997,94,-195,845,3428,5029,3332,-1549,1152,-47,1029,836,726,-782,-2927,-4953,-4545,-1942,555,1476,1868,1403,254
-34,103,121,-7,-70,-68,-119,-79,-3,118,164,63,-148,-194,-189,-389,-380,-974,-2379,-27,-171,896,3612,4359,2171,1847,1485,-507,997,677,-77,-1154,-1951,1357,-5364,-3295,336,1312,1013,-300
-135,-208,-94,31,1,-69,-67,-64,-97,-127,-204,-239,-244,-247,-1261,-2792,-894,1273,1993,2379,2424,2008,1791,1728,-301,271,-257,-814,-1325,-3014,-4518,-3609,652,87,1205,625,2055,1573,339,-164
7,-28,-193,-117,-99,-121,45,77,-11,-141,-158,-137,-21,78,72,-4,-29,-428,-2764,-460,-77,1354,2994,3848,2470,987,-354,-63,561,218,-794,-680,-951,-2870,-5472,-4626,-2376,832,6178,2177
377,383,287,14,-350,-619,-635,-427,-53,183,280,-4,-1070,-1904,64,2320,3071,2225,2043,3611,1488,-883,338,-754,-2248,-5608,-8114,-5807,1612,4993,3685,182,-732,-306,52,1,149,-608,-1560,-1395
-103,22,202,232,276,422,467,372,50,-81,51,75,-210,-1854,-2124,-847,726,1727,3776,4571,3853,2150,45,359,-215,-314,-1682,-1201,-3463,-5532,-612,1380,-155,1613,1762,834,118,76,83,2
147,216,123,-106,-224,-71,111,386,413,284,539,-21,-1229,-3547,1419,1852,2523,66,1651,3958,969,-309,212,9,-2260,-5022,-6447,-3363,327,3486,2063,1410,1267,1125,1004,809,367,100,16,-18
-57,-23,-46,-147,-110,-7,-7,-10,17,-14,0,83,278,455,-728,-3265,-1625,976,1260,573,149,1477,5506,2644,-852,2854,1186,-634,-267,-83,103,82,54,11,-87,-69,-117,-173,-265,157
185,329,265,315,257,244,203,191,137,121,7,21,-18,-42,-76,-144,-177,-55,81,499,1336,2407,3030,2702,1537,411,-2195,-4978,-364,-137,327,-309,149,-79,399,215,216,98,0,34
1000,1623,2039,960,-1844,-5365,-2211,-331,848,268,-25,249,122,180,203,211,118,59,-275,-710,-1033,-689,-246,-93,245,357,370,442,500,482,604,618,716,867,919,811,871,530,404,132
-486,-419,-368,-633,-762,-767,-860,-1107,-1123,-1123,-1206,-1361,-957,-869,-359,-272,-97,114,422,682,1005,1866,2204,1981,1695,321,-1456,-3987,-734,-370,-29,-334,-83,115,176,107,-21,-144,-4,20
230,145,44,102,14,53,9,-51,-72,-153,-256,153,1067,2908,3434,2851,1233,-2329,-6019,591,50,827,-46,219,28,72,-103,17,-53,-80,13,137,60,91,59,75,-119,-491,-564,-361
-837,-975,-735,-603,-670,-673,-767,-1053,-1165,-1057,-920,-796,-569,-745,-929,-996,-333,721,1896,2608,2867,1656,-301,-3361,-7267,-943,-498,152,135,641,503,480,167,218,276,69,-122,-372,-301,-128
1174,658,75,-362,-154,-981,-1033,-1329,-1533,-1302,-1462,-1785,-1535,-1413,-1310,-1547,-1299,-1085,-1099,-1562,-1728,-1903,-2008,-1802,-1262,-848,-700,-371,430,1591,2574,3481,3528,2850,708,-3757,-8771,1260,-1418,152
-1112,-1219,-1400,-788,-721,-666,-691,-514,-324,349,1623,3017,4566,4197,2669,-1263,-8212,-646,-640,1065,37,310,14,-30,35,-120,-280,-614,-405,-647,-136,-193,50,-167,-178,-142,-38,-83,76,103
-4,-311,-569,-735,-817,-704,-774,-534,-511,-791,-906,-741,-585,-840,-1199,-1649,-1968,-1680,-1014,58,1264,3498,3554,2992,1442,-1513,-5957,-638,-385,744,410,637,372,384,-221,-22,-154,-38,-147,-288
-55,-48,-59,-57,-61,-44,-65,-108,-298,-679,-1341,-1344,-967,-378,65,357,357,112,-186,-402,-608,-981,-1235,-1110,-766,-598,-390,-655,-940,-1146,-1407,-1336,-1716,-2546,-2447,-792,1085,2519,3215,3023
1867,929,-1449,-5563,-2870,-510,137,117,521,501,472,222,110,-111,-800,-1584,-1783,-1495,-68,280,410,400,645,877,993,1109,967,1116,913,1015,1169,1087,627,481,-51,-279,62,23,844,1123
-42,-87,-180,-268,-356,-449,-551,-714,-800,-997,-1410,-1489,-1474,-1078,-59,723,-157,388,393,104,-402,-1154,-1434,-1609,-689,-1060,-1752,-2223,-2271,-3018,-2681,-311,2419,4168,4452,3497,1802,-2114,-5678,-669
-812,-831,-1053,-1056,-1159,-1064,-690,-226,271,1176,2557,4007,3833,3037,613,-2435,-3906,-1126,-1145,-431,-696,-321,-132,-66,62,72,-163,-645,-968,-991,420,1089,2197,2119,1810,1874,1461,768,718,466
-526,-768,-856,-1451,-1748,-1964,-1813,-1543,-1393,-1477,-1244,-603,320,1111,2330,3172,3319,3142,2644,154,-4668,-5103,615,268,-152,566,237,253,31,108,129,-259,-399,-690,-637,1124,1700,1533,1734,732
-2602,-3114,-3713,-2923,-734,1989,4306,5227,4094,2651,1393,-2293,-6237,-474,126,1208,52,717,382,406,165,-89,28,-276,30,-11,16,-28,-105,-461,-1101,-1644,-1352,-519,-423,853,1549,1591,1764,1325
-1646,-1677,-1902,-1990,-2182,-1081,132,1494,3400,4366,3444,2320,482,-3040,-7071,891,-562,480,-8,455,247,190,30,109,-37,53,129,-15,139,75,-528,-1038,-992,47,353,702,964,1071,1236,929
-1078,345,1808,3109,3387,2622,1072,-1479,-6441,-599,-1045,-115,-473,-41,124,-24,106,-20,90,-103,24,52,-116,35,3,-4,-60,-91,-17,-16,72,286,361,699,1120,812,832,598,440,877
4240,4412,2831,943,-1378,-5971,-2380,-326,296,210,353,310,363,235,88,62,121,89,164,4,-37,-155,-756,-1350,-1062,-572,192,-60,556,490,-159,76,980,1291,1725,1754,1811,2053,2496,541
-14,-16,-30,-45,-50,-55,-66,-93,-136,-166,-167,-160,-478,-863,-1927,-550,743,354,300,-341,-1043,-1631,-2226,-2110,-1930,-1834,-2454,-2461,-2200,-2725,-3006,-3263,-3126,-1675,1161,3652,4938,4335,3242,948
-2490,-4360,-125,-217,-91,-229,130,-132,169,203,22,124,85,76,44,-18,-260,2,533,130,551,1100,1825,2106,2310,1265,1368,234,260,1281,2544,1483,-1226,-918,-450,-399,199,546,330,135
-155,-111,-59,-18,-27,-57,-110,-116,-53,-31,8,28,-1,-91,-282,-797,-1031,-1064,-1269,-1529,-939,1001,1255,1379,718,81,-435,-830,-721,-604,-1187,-1678,-1841,-2142,-2250,-2070,-1510,-582,615,1825
5415,4602,3052,316,-2696,-4138,1743,-822,-179,-336,209,163,37,-91,-276,-68,-58,-191,-686,-1053,-1251,-733,-637,188,809,1221,998,994,1099,981,690,780,866,795,526,481,856,1560,1735,1433
-6,6,6,4,-33,-51,-38,-40,-49,-33,-31,-40,-61,-204,-498,-1763,-3405,-3879,-1007,-1001,-893,-1266,-1753,-1543,-987,-841,-1499,-2368,-2016,-1056,319,2237,4398,3755,2707,1595,-799,-2952,-1635,713
-712,-550,-604,-585,-390,-338,-783,-1160,-1500,-1444,-1574,-1243,-722,-471,-216,-378,-215,-367,-114,45,70,88,51,91,127,186,189,257,753,2198,3647,4210,2271,-821,-5884,-6769,-483,434,-920,-99
505,282,305,4,-241,-651,-748,-655,-805,-985,-1193,-1083,-1133,-1024,-1968,-2704,-2823,-2603,-884,1216,3571,5410,5146,3970,2509,-1786,-6222,1767,-389,603,-233,29,68,122,-142,-132,-586,-987,-442,-206
-1289,-1734,-1789,-2011,-1775,-439,2113,3838,4076,3008,1430,-1677,-6903,-3557,303,793,180,135,274,298,118,342,177,-99,-564,-903,-157,65,114,140,103,135,-9,78,-119,32,-61,-41,-74,-5
-1133,-703,5,-241,806,1854,3449,4002,3807,2765,160,-5530,-1479,9,946,-145,270,53,166,-297,-738,-776,-664,-139,-110,-66,-168,-236,-130,21,10,-29,16,0,-35,-61,-188,12,47,-46
4028,3814,1856,-963,-5468,-6170,-72,292,223,524,432,722,85,-275,-217,-286,-506,-537,-601,-310,-215,-39,319,717,617,178,84,30,91,-18,-109,-159,-59,-58,-86,-59,-53,-63,-8,-62
-423,-335,-384,-376,-155,-75,143,-204,-826,-2268,-3535,-2752,-1965,-2041,-928,2029,3737,5040,4669,3127,215,-5437,-6438,1334,-21,245,-60,171,105,88,1,143,241,89,45,71,77,56,18,-150
-1125,-986,-888,-854,-702,-435,-104,-60,386,274,998,2126,3823,4050,2325,-3201,-8771,1509,-773,-40,-338,-343,-240,-296,-364,-112,287,159,68,75,55,224,138,121,22,-79,-80,-166,-31,-22
-746,-1630,-1353,-1087,-328,69,300,323,859,878,2051,3232,3967,3593,1338,-3891,-8771,-504,55,1905,-252,150,-252,-305,-138,-28,130,-182,202,272,176,26,-99,-16,-118,-48,2,9,31,-18
-160,-900,-728,-402,-25,-155,-73,-41,-120,-200,-237,-106,1687,2021,3376,3218,1781,-401,-3932,-8771,-4223,2349,1185,1214,1498,695,224,93,-360,116,29,-17,34,49,86,-19,-9,-77,-196,-207
-93,-135,-204,-233,-185,-217,-178,-211,-352,-280,315,1629,3238,3425,2124,-533,-4078,-8547,-346,-80,780,338,301,166,263,-336,-399,-778,-627,-240,-39,-11,26,127,140,184,98,192,21,74
288,102,-111,-427,-170,-333,-422,-589,-739,-350,-318,-652,-799,-685,-1164,-1274,-704,-79,501,391,7,-86,645,1397,2933,3583,2260,-410,-4515,-8771,118,-966,-357,22,185,421,7,-316,64,171
654,474,412,27,-241,-68,92,19,-78,-65,3,19,-195,-93,66,570,469,-5,-589,-1578,-1101,-1416,-1418,-1275,-1336,-267,1070,3409,4073,2445,-2074,-7970,-3223,-227,714,-534,60,59,50,-189
-59,-46,-58,-38,-66,-38,19,147,442,558,414,308,274,356,66,26,-184,-335,-517,-480,-373,-729,-1028,-1008,-1217,-2290,-2390,-1456,-1306,-1423,-1503,295,367,2337,5072,4445,2384,-878,-7030,-6589
4647,3141,1357,-8462,-5977,108,921,-1174,-308,-200,19,-200,-439,-209,136,-232,-366,26,219,249,44,8,38,81,-57,-13,-24,-43,-74,-57,-81,-20,-62,-104,-146,-35,-102,-43,-45,-2
-625,-435,-481,-468,-712,-941,-1676,-1458,-1265,-1486,-1446,-1291,-389,112,926,2709,3719,4990,4424,1554,-3324,-8771,-398,-850,1111,-249,636,454,525,452,46,249,52,-67,-57,190,35,102,-31,-2
146,125,202,272,539,757,458,453,409,336,277,195,-271,-354,-69,-260,-687,-955,-1151,-848,-1404,-2435,-1869,-724,-324,402,872,2339,3930,4743,3086,-1950,-8771,-6318,1130,1507,400,436,517,578
-44,-32,-46,13,-21,-32,28,-26,1,-18,319,290,349,412,479,425,374,202,168,-257,-587,-712,-693,-697,-1475,-2025,-1300,584,958,792,2939,3785,5461,3782,2618,-3136,-8771,3130,-498,971
29,-61,-91,-58,19,47,197,150,303,224,389,425,569,228,-7,-221,43,252,270,-146,-345,-499,-388,-808,-1139,-1005,-1076,-682,-636,-1683,-1060,-540,204,1929,1116,1780,3806,4242,2611,-1255
-8279,-8771,710,-878,1579,-110,511,-42,-145,-144,-493,-216,62,49,-149,-286,-152,-146,-71,20,21,-21,75,28,43,74,-15,12,38,61,104,95,475,289,-11,140,453,628,512,494
298,404,104,72,-124,-597,-986,-1329,-1616,-1602,-1540,-1768,-1955,-1970,-1621,-1368,-1480,-639,659,235,208,694,1687,2414,3285,4537,4147,1324,-6600,-8771,2202,-1119,1280,-46,497,661,624,533,345,411
-3,148,211,173,518,408,849,809,767,528,-235,-737,-1363,-1446,-1274,-1474,-1883,-2635,-2063,-1128,-636,-1441,-781,1721,326,1318,1940,2797,3570,3580,1859,-3669,-8771,-2363,234,1144,427,1039,459,559
-133,-131,-190,-53,-65,-67,-86,-93,-81,-235,-233,-200,-236,-84,9,396,201,846,801,2940,4560,4541,2336,-1512,-7047,-8350,1261,-80,-619,34,20,-152,-195,-416,-393,-498,-595,-798,-430,-180
-973,-1113,-827,-630,-836,-769,-841,-976,-907,-656,-536,-328,-157,-179,-187,-38,22,118,221,208,252,258,258,224,287,387,810,353,263,438,572,907,2068,3960,5283,3555,616,-3312,-8771,-459
75,215,444,619,621,588,356,257,223,274,62,-326,-520,-599,-572,-47,1012,-626,-129,268,2620,4098,4787,1981,-2575,-8771,2492,-593,599,-74,302,322,233,-230,-104,-178,-279,-110,-111,122
-1133,-838,-346,-122,-163,-86,-123,-139,-165,-41,1656,2162,1669,1366,2022,2933,4564,3477,822,-4495,-8771,1653,-287,1183,261,299,252,-86,-470,-388,71,-179,-349,-87,-138,-57,-26,-103,13,12
224,261,268,277,174,242,94,79,-22,123,206,379,283,130,974,2861,3777,4713,3223,1454,-2530,-8023,-8771,2192,132,896,635,1035,1085,593,-635,-1128,-654,-225,-213,-129,-18,-221,-89,-143
33,262,387,577,330,204,138,76,305,411,541,627,2826,4084,5327,3162,198,-4500,-8771,1667,-410,1628,858,817,251,157,-31,-175,-101,-69,-125,-31,60,15,59,53,55,39,-15,32
-1438,-1701,-1515,-1285,-546,-59,177,540,493,333,-67,262,1143,1851,1963,3029,3557,4324,1785,-1213,-5047,-4395,208,202,247,22,337,445,444,82,-123,-120,-669,-768,-336,-168,-380,-49,89,2
29,11,-18,-74,-109,-115,-122,-98,-46,-65,-87,-222,-943,-2176,-5426,-8771,-8771,-5351,8008,8691,8691,2540,-8771,-8771,-8771,1203,8691,8691,-4801,710,-718,-1606,-1781,-2624,-3987,-7078,-8771,-8771,-4533,298
-92,-173,-102,-83,-111,-20,23,-370,-786,-1524,-1798,-3743,-5325,-7588,-8771,2309,8691,8691,6197,-338,-8771,-8771,-8771,-309,2638,2244,3388,5312,8317,8691,6484,1993,-694,-1101,-538,5,92,-150,-231,-369
-662,-430,-247,-299,-751,-1160,-407,212,81,-365,-820,-720,-244,-439,-699,-608,-2266,-8771,-8771,-2583,8691,8691,5953,-3303,-8771,-8771,-5878,237,1404,954,0,955,1644,4717,7630,8691,8691,5460,-160,-2050
-14,-78,-77,-39,-44,-71,-45,-40,-42,-27,-92,-116,-64,-118,-797,-3310,-7917,-8771,-7263,-7515,-10,8691,8691,4910,-2577,-8771,-8771,-3958,-339,658,776,333,2725,6540,8691,8691,6777,1391,-1203,-1292
-142,-221,-37,-23,-120,-143,-81,-219,-420,-1917,-6373,-8771,-7096,-6426,1255,8691,8691,4839,346,-8771,-8771,-8771,-2775,-80,231,345,2296,5398,8624,8691,8691,3205,-1747,-1265,301,258,-219,-104,-209,-29
17,-73,-11,-62,-5,-66,53,-36,-52,-104,-598,-1926,-5526,-8771,-8771,-8771,-3145,8691,8691,8691,-381,-8771,-8771,-8620,-2274,-139,-1,178,22,-190,-172,271,1160,1322,1848,1083,1778,3651,6947,8426
-1319,-2061,-3566,-5713,-6876,-6013,6951,8691,8691,-2498,-8771,-8771,-6256,-1729,301,1495,-30,95,1743,7811,8691,8691,5542,-108,-1841,-1077,-279,-625,-538,-79,129,-89,-136,-99,35,35,-22,-267,63,244
-185,-149,25,-65,-154,-116,35,-109,-37,63,-54,-172,-1353,-7127,-8771,-8771,-7631,7213,8691,8691,-5083,-8771,-8771,-6567,-1157,323,1029,1278,1736,4175,8582,8691,8563,3606,190,-98,-193,-651,-571,9
9,-394,-616,-276,-36,-131,-161,-344,-276,-394,-799,-1646,-4603,-7424,-8744,-7951,-5559,8691,8691,8691,-8771,-8771,-8771,-5217,-1411,1154,5672,8691,8691,7331,25,-2609,-1076,163,270,122,219,14,-126,-109
-18,197,0,-151,-72,57,138,-103,-74,21,-51,25,-137,-182,-97,-142,-343,-257,-156,-28,-83,-91,-50,-16,-180,-348,-864,-1255,-1232,-1251,-1803,-8409,-8771,-6198,8691,8691,8691,-8771,-8771,-8771
-134,-153,-58,3,16,-69,3,-17,-254,-794,-2401,-5196,-8771,-8771,251,8691,8691,-4140,-8771,-8771,-4706,-1368,163,1194,5118,8691,8691,8691,4898,-602,-1993,-489,184,228,-94,-43,2,-106,81,-7
-145,-189,-511,-410,-22,-231,-641,-2538,-4057,-7670,-8771,-8771,8691,8691,8691,-8771,-8771,-7614,-2175,-423,489,4456,8691,8691,8691,2788,-1479,-1539,-331,-86,-98,-15,224,109,51,-10,74,-57,-106,-126
-129,23,38,-36,34,187,723,895,-4558,-8771,-8771,-8758,-1383,8691,8691,-4021,-8771,-8771,-3635,-819,-327,1357,949,4233,8357,8631,7368,2959,-340,-152,694,770,717,460,208,-168,-280,-695,-1735,-2630
-723,406,3,-285,-106,-125,-231,-394,-1418,-4449,-8746,-8771,-7309,943,8691,8691,-5325,-8771,-8771,-4299,-765,-189,601,2491,4786,8106,8691,8691,4628,-108,-949,-469,-339,-439,-230,-47,-92,-431,-579,-781
-835,-1566,-1779,-1195,-312,499,340,17,-174,-236,-207,-142,-17,348,607,-1228,-6661,-8771,-4941,8691,8691,-1450,-8771,-8771,-8771,-2779,-224,26,4222,8691,8691,8691,4899,-1088,-2061,-490,-422,-439,-220,169
-160,-9,5,93,-35,-162,-370,-193,-133,-819,-1682,-3057,-2603,-2064,-1063,-1209,-895,-361,-35,-57,-5,-92,-271,-282,-93,-176,-351,-1008,-2432,-4984,402,8691,8691,5416,1418,-8771,-8771,-8771,-5137,-1206
3454,6711,8691,8691,7656,2506,-1865,-2665,-2472,-1791,-1651,-1342,-1112,-1222,-1830,-2570,-2530,-2453,-1827,-1660,-1576,-1323,-972,-404,-177,-172,-380,-374,-332,-377,-636,-152,8691,8691,6265,2959,-6126,-8771,-8771,-7066
-3630,-718,335,2806,5366,6320,6114,3497,3091,2627,2015,1464,1586,1115,675,367,932,-1491,-6702,-5175,-2491,-2399,-1536,-1056,-1511,-3700,8484,8691,8691,1241,-3276,-8771,-8771,-8771,-3692,-777,332,1735,2218,3549
-728,-449,277,347,193,-119,-1221,-3388,-4146,-4364,-4571,-2978,-1413,-877,-617,-580,-101,-371,-896,-1635,-2676,619,8691,8691,4164,-1640,-8771,-8771,-8771,-4276,-603,-2,4620,8691,8691,8691,6881,3118,323,152
568,845,533,783,715,62,-249,-132,-86,-179,-121,-307,-175,-595,-3331,-6072,-4313,-4051,-2178,-374,270,-2541,-3754,-1954,-1072,-1868,2170,8691,8691,5019,-2845,-8771,-8771,-8771,-3800,-1014,-439,808,8691,8691
53,88,399,71,91,180,-203,-2702,-5012,-4657,-4685,-4457,-3183,-2472,-1880,-1190,-999,-1408,-1876,927,8691,8691,1570,-8102,-8771,-8771,-5209,-2872,-608,420,3722,8515,8691,8691,7122,4598,2631,724,-453,-785
-601,-25,14,46,134,331,322,13,165,370,-37,-346,-1277,-3092,-6115,-7838,-7004,-3990,-2492,-1621,-1826,-2561,6014,8691,8691,3098,-1028,-8771,-8771,-8771,-4999,-1483,-554,547,3496,7960,8691,8691,7420,2801
81,129,50,114,42,-41,-116,16,-86,-207,-276,-190,-123,-204,-1497,-3779,-5049,-5334,-5770,-481,8691,8691,3620,-2341,-8771,-8771,-8771,-3636,-1894,-493,-2,854,3476,7561,8691,8691,8691,3088,-2219,-2810
-847,-508,-602,-588,-436,-1132,-1775,-4332,-5020,-5899,-3554,8691,8691,5763,3242,-8771,-8771,-8771,-7661,-3201,-777,-178,155,369,1686,2949,3353,3840,6475,8691,8691,6038,1437,-1123,-1350,-446,-645,-554,-228,-129
95,36,-37,-24,-7,41,-8,21,-5,2,-602,-1310,-1273,-2461,-4139,-5545,8691,8691,1564,-8771,-8771,1357,-4504,-2388,11,493,709,810,1000,2891,5844,8691,8691,8691,2653,-2816,-3513,-1346,47,-302
58,12,0,0,-161,-145,-115,-139,-534,-1954,-2745,-4377,-5100,-5893,-6279,3414,8691,8691,-5168,-8771,-8771,-8771,-2114,-301,668,1112,1792,4192,8113,8691,8691,6472,162,-3344,-3655,-2355,-1178,-492,-277,-289
-102,73,588,374,84,-285,-898,-80,30,-288,-168,-438,-100,-53,-251,-351,-1396,-2765,-3816,-5708,-5367,-5092,-584,8691,8691,2161,-4417,-8771,-8771,-6329,-3191,-786,4428,8528,8691,8691,5911,134,-2783,-2744
-238,-151,-60,84,65,-103,-24,25,-21,-136,43,128,154,152,230,185,-170,-402,-660,-4111,-3272,-2718,-2057,-2490,-2667,-3520,8691,8691,2925,4015,-6708,-8771,-8771,-8510,-4615,-1761,-91,953,1903,2578
-2141,-1280,-470,-230,-324,-209,-418,-674,-1518,-1296,-1527,-1890,8691,8691,8691,4192,-2335,-8771,-8771,-8771,-4251,-1503,-201,1333,2168,1992,786,400,1352,4264,7917,8691,7713,2832,-1037,-2597,-1961,-850,-370,-297
-1035,-843,-1045,-1144,-1141,-1242,-1498,-2033,-3075,-3210,-3084,-2365,1839,8691,8691,3648,14,-8771,-8771,-8771,-3610,-1093,-241,-197,-18,1164,3048,7037,8691,8691,7790,1031,-3030,-2961,-1399,-285,-982,-1757,-1450,-631
184,8,-36,-14,-74,-101,-87,-278,-204,-525,-1552,-3897,1945,8691,8691,3343,2968,-8771,-8771,-8771,-8578,-3318,-1551,152,1259,2615,4545,6809,8691,8691,6186,2521,-433,-2629,1357,-3272,-1073,641,1135,731
75,-187,-163,-49,-149,-195,-206,-113,-144,-168,-255,-2646,-4558,-4190,-1892,-2357,-1097,8691,8691,8691,1805,-2081,-8771,-8771,-8771,-5486,-1350,14,2961,6872,8691,8691,8691,4315,-295,-2129,-1506,68,-61,85
2459,217,180,-148,-579,-82,202,23,177,190,-95,-41,466,787,149,-511,-293,-399,-563,-400,-175,-192,-186,-296,-106,-243,20,-312,-1354,-6201,-8771,-8771,-4938,-3309,-1798,8691,8691,2473,-7465,-8771
-356,-270,-413,-619,-457,-576,-1798,-2548,-3614,-3957,-5655,-7484,8691,8691,8691,-7915,-8771,-8771,-8066,-1777,-271,6615,8691,8691,8691,2495,-3398,-1105,266,297,190,345,989,1195,690,-159,-861,-1469,-1168,-1089
-231,159,289,-194,-245,287,46,-358,-193,-38,-190,-163,-38,-37,-48,-27,-35,-8,-18,-58,-110,-345,-2536,-2859,-2701,-2181,-673,104,-1234,-3430,-5400,1070,8691,8691,-894,-8771,-8771,-8771,-2729,-1596
-37,15,55,105,10,29,65,2,-626,-3979,-6420,-8032,-8125,4734,8691,8691,-8435,-8771,-8771,-6592,-2393,-346,1369,4969,8691,8691,8691,7597,-173,-5358,-7417,-4310,-356,1765,812,-459,-500,-126,144,-26
-168,-68,-125,-149,-5,37,-38,-50,-40,-193,-333,-470,-880,-3909,-7723,-6288,-2395,-1270,1638,8691,8691,8691,-7343,-8771,-8771,-5524,-2794,2559,8691,8691,8691,7387,1768,-2747,-4645,-3512,-1506,-211,108,-48
-255,90,242,150,-35,-311,-369,-490,-548,-1031,-2045,-3482,-7416,8691,8691,7025,-8771,-8771,-8771,-4380,276,1654,6323,8691,8691,8691,1698,-3666,-4550,-3652,-1523,-337,94,36,-206,-219,-210,-367,-224,-78
-39,-153,-138,-13,-258,-331,-43,-139,-636,-1263,-2067,-2922,-4822,-3527,8691,8691,-146,-8771,-8771,-8771,-3854,-1415,1204,4571,8691,8691,8691,5659,-1493,-4412,-4283,-3083,-954,153,208,167,78,116,390,534
415,217,201,244,-265,-247,72,209,-40,-386,-681,-1325,-1868,-3024,-3853,-4941,-3434,8691,8691,8691,-8771,-8771,-8771,-5569,-1048,7011,8691,8691,8142,1709,-1889,-1195,189,405,136,-104,-99,-151,-377,-280
-372,-474,-51,307,458,147,19,-106,-501,-3154,-8771,-8771,-2395,8691,8691,-8771,-8771,-8771,-5426,-206,3918,7399,8691,8691,6019,2112,999,2129,2026,391,-179,-129,65,-5,-231,-448,-42,-219,-124,-82
-63,-169,-294,-98,-207,-139,-592,-1758,-4217,-8547,-8771,-8771,8691,8691,4856,-8771,-8771,-1925,1506,3206,2519,1885,729,2207,3687,3300,-1074,-2702,-919,1981,2956,1876,895,-138,-1595,-3971,-6973,-8574,-5418,3576
8691,8691,6362,-8771,-8771,-8745,-2955,2189,7443,8691,8691,8691,4655,185,-1335,-454,597,396,-573,-867,-777,-582,-1709,-2636,-3400,-2804,-1844,-1986,-3959,-3983,-2829,-1899,-1633,-1347,-949,-846,-1401,-1745,1285,8691
8691,-6963,-8771,-8771,-7704,-2891,-451,687,2140,5191,8691,8691,8691,5408,748,-1338,-2035,-2154,-2936,-3973,-4206,-5355,-4170,-2590,-2366,-2195,-3022,-3191,8599,8691,8691,-4334,-8771,-8771,-8398,-3929,-993,2523,8386,8691
-3078,-2368,-948,-933,-2743,-3630,-2932,-1417,-488,-987,-1647,-2174,-3160,-4367,375,8691,8691,-1082,-8771,-8771,-8771,-3756,-1500,2680,8691,8691,8691,8450,483,-3861,-2743,-713,107,-1865,-3490,-3201,-1314,602,1374,1144
357,-284,-389,-330,-226,-93,-117,-59,-31,11,138,236,-111,-328,-143,70,-791,-4056,-6544,-8654,-8771,8691,8691,8691,-8771,-8771,-8771,-3219,-1642,-174,3401,8691,8691,8691,7626,1344,637,1882,798,-860
-292,-98,-99,-214,264,362,0,-575,-5157,-8771,-8771,-7941,-4026,-2420,5003,8691,8691,-4081,-8771,-8771,-8154,-2305,464,5720,8691,8691,8691,5564,197,-2509,-3679,-2524,-1652,-1277,-414,266,407,47,-239,-171
-21,-24,-2,-78,-41,-4,28,17,24,-108,-2330,-7803,-8771,-3146,8691,8691,-4886,-8771,-8771,-7273,-2905,272,5372,8691,8691,8691,3169,-3623,-5803,-4596,-811,1268,1595,830,96,-107,67,239,7,-140
-823,-1399,-2970,-7417,-8771,-3717,8691,8691,2628,-8771,-8771,-7843,-3732,-1722,165,3649,8464,8691,8691,8691,1500,-2810,-2711,-3039,-2363,-1971,-2402,-1919,-816,0,52,169,374,-215,-322,75,182,-180,-336,-195
-134,-49,-46,-4,53,1,-49,-54,-99,-159,-210,-1775,-8272,-8771,-6277,-2847,8691,8691,-3935,-8771,-8771,-5787,-2277,954,6630,8691,8691,8691,4313,-1666,-4300,-3563,-1143,871,860,477,131,330,388,342
29,-179,-116,-87,127,66,-111,-52,143,-67,-693,-2851,-8771,-8771,-8236,-4164,8691,8691,8691,-8771,-8771,-8771,-4279,644,7064,8691,8691,7737,3035,22,-198,129,924,834,406,213,475,612,509,634
115,-4259,-6237,-5482,-2162,-1282,-3355,-5529,-6386,4626,8691,8691,-7062,-8771,-8771,-6570,-2901,-385,2307,7143,8691,8691,7490,2548,406,-352,-1499,-3140,-2580,-967,-556,-457,-939,-2294,-3424,-4041,-3526,-2741,-1922,-1996
-1745,8691,8691,8691,-8239,-8771,-8771,-4811,-2396,-1355,-139,2611,7869,8691,8691,7725,1529,-1493,-1391,5,764,504,-5,-127,391,488,272,-478,-330,-240,-289,-159,158,140,158,327,-56,-453,-396,-2457
-8648,-8771,-8771,-2846,-1404,340,1878,722,-685,-829,605,8691,8691,8691,-1677,-8771,-8771,-8604,-4781,-3262,-143,4934,8691,8691,8691,5197,-203,-2036,-795,29,-422,-672,216,509,-45,-127,-111,-247,-467,-533
-644,-594,-255,71,27,113,-8,-107,-8,-26,-115,-75,-172,-179,-977,-4312,-8771,-7827,-5618,1260,8691,8691,-1857,-8771,-8771,-8771,-3392,-2421,-815,-456,1182,5724,8691,8691,8691,5140,-3434,-6597,-5121,-651
-366,-307,-546,-1355,-1270,-406,103,-38,23,-418,-2073,-6913,-8771,-7589,8691,8691,4949,-8771,-8771,-8771,-4020,-1327,4230,8691,8691,8691,3113,-2376,-3914,-1993,-154,368,156,-50,-195,-114,29,20,36,77
64,-3,-31,-53,-93,-82,-20,-71,-38,-7,-86,-239,-658,-1936,-8771,-8771,6328,8691,8691,-6764,-8771,-8771,-6483,-2848,-174,2483,7088,8691,8691,8691,4344,27,-1791,-743,17,328,-120,-536,-243,87
106,105,363,211,-60,153,235,-15,-139,-61,-456,-794,134,158,-144,-35,262,227,-99,-1204,-6657,-8771,-8771,-5905,2824,8691,8691,-4260,-8771,-8771,-8771,-2925,-2121,-1374,-1151,-197,573,3565,8691,8691
184,-205,-406,-362,-224,-161,-346,-1026,-2414,-3642,-4166,-3871,-2869,-3116,-3226,-3095,-2494,-2447,1842,8691,8691,1422,-8771,-8771,-8771,-4734,-3122,-739,369,849,1973,5833,8691,8691,8691,5319,534,-1677,-1790,-1865
-901,-655,-310,-260,152,482,-224,-507,-413,-625,-1505,-3664,-4040,-4052,-5487,1357,6041,8691,8691,8691,-8771,-8771,-8771,-6551,-3816,238,3060,6906,8691,8691,8127,4287,1903,1071,42,-1015,-953,394,-45,-2028
-1907,-952,-682,-482,-10,396,573,195,-178,-272,-335,-532,-754,-1251,-2321,-6007,-7768,-6240,-4553,6971,8691,8691,-8515,-8771,-8771,-8578,-3415,-1998,-427,2872,8691,8691,8691,7899,1589,-2533,-3225,-2131,-1009,-447
577,1220,594,-70,270,527,417,358,285,93,-91,-136,-960,-8110,-8771,-7469,-3023,-414,8691,8691,8691,1447,-8771,-8771,-8771,-4874,-1894,1236,4533,7351,8128,4873,1534,464,-198,-658,-858,-186,197,21
-159,246,263,1327,1069,-706,604,280,-586,-1157,-976,-59,-880,-4551,-5544,-4555,4812,8691,8691,-524,-8771,-8771,-8771,-4704,-2822,-232,4421,8691,8691,8691,2647,-2016,-1531,-608,699,1013,668,709,1061,821
25,-153,-96,-124,-111,-470,-2719,-6262,-6738,-4302,-3136,595,8691,8691,6005,1601,-8771,-8771,-8771,-5646,-3797,-854,1334,5957,8691,8691,8691,3764,-1372,-2236,-968,51,308,71,548,851,203,-331,-338,-22
-28,-171,-526,-696,-438,-623,-1038,-2133,-5227,-6410,-4783,7546,8691,8691,-450,-2849,-8771,-8771,-8771,-5448,-2899,-473,1232,4381,7219,8691,8691,5739,1187,-1406,-1469,-907,15,398,104,-280,155,348,-145,-241
-56,-73,57,-128,-104,-452,-266,-305,-404,-231,-497,-955,-1408,-2069,-2470,8691,8691,8691,-8771,-8771,-8771,-8432,-3019,-1583,-335,880,3867,7677,8691,8691,6796,3389,-210,-2426,-2816,-1465,50,743,477,12
-142,28,120,141,143,-17,-21,-41,-476,-1234,-1719,-1315,-1171,-1939,-2208,-2044,-1272,-1066,-1023,-1203,-1372,-1410,-2019,-3870,-2237,3283,8691,8691,1808,-3395,-8771,-8771,-8771,-4823,-2390,-823,-137,161,63,444
215,749,4012,8691,8691,8691,5132,-1131,-5176,-3311,-1558,-2200,-3724,-3468,-2104,-1270,-1024,-2007,-1973,-1380,-619,-491,264,8691,8691,5355,201,-8771,-8771,-8771,-8771,-908,-2883,-802,362,1174,458,534,1558,3331
7029,8691,8691,7605,1657,-2295,-4053,-3957,-2252,-643,568,404,-1009,-2766,-6594,-6138,-3956,-2975,-356,8691,8691,7813,3313,-2567,-8771,-8771,-8771,-3984,-2020,-299,1219,2375,4191,5693,6509,7724,8277,5335,288,-2880
-19,128,360,103,-112,5,71,19,-33,-123,-149,-659,-2904,-6822,-8771,-8771,-5521,8529,8691,8691,4405,1213,-6144,-8771,-8771,-8771,-4553,-3630,-908,-481,412,1307,4925,8691,8691,8691,5231,-612,-2570,-1360
-123,-90,-75,-190,-126,-185,-272,-269,-78,13,35,-5,-36,19,-248,-265,-615,-1222,-670,54,472,864,-341,-8771,-8771,-5536,-1106,4564,8691,8691,8691,4481,-44,-8771,-8771,-8771,-6840,-2486,-1948,-922
8691,8691,-2687,-8771,-8771,-8771,-3891,-2865,-9,718,788,1150,2459,5189,8691,8691,8691,3778,-704,-3780,-4853,-3557,-1446,-135,503,844,426,387,594,-75,-315,-49,-50,-103,-64,-81,-76,-402,-206,88
95,11,-102,-48,49,5,-124,-269,-655,-1171,-1259,-636,-83,-206,-1024,-1958,-3700,-5912,-3153,8691,8691,8691,-8771,-8771,-8771,-6872,-3806,-996,482,2926,8389,8691,8691,7889,3310,1638,1325,1357,1974,1603
714,-126,-272,-283,-95,-17,123,-312,-2753,-8771,-8771,-8484,-5704,-3780,-1642,8691,8691,8691,-6501,-8771,-8771,-8771,-4214,-2301,1366,3883,8264,8691,8691,8691,5296,1424,-1338,256,483,274,129,561,607,448
-189,9,83,99,41,161,125,-353,-1974,-6010,-8002,-7144,-4526,-3203,-1727,8691,8691,8691,2183,-716,-8771,-8771,-8771,-3602,-2661,-967,3664,7792,8691,8691,8691,2801,-2346,-3707,-2889,-430,432,-333,-1057,-1128
1800,3834,5737,8691,8691,5583,137,-2786,-2377,-954,-1471,-3591,-4779,-4719,-2930,-1727,5104,8691,8691,1628,5185,-2723,-8771,-8771,-8771,-6987,-1570,-1523,-1135,-105,2050,7185,8691,8691,8087,1374,-3373,-3223,-148,-373
-1153,-1271,-651,70,377,267,-104,-214,-79,-31,-271,-445,-1196,-4810,-5274,-3451,-2308,-2076,3018,8691,8691,6605,-5669,-8771,-8771,-8270,-836,-1159,1018,3299,8078,8691,8691,5206,-3133,-5551,-3011,2018,359,-884
-1375,-815,446,1400,1908,2256,2498,1090,-1048,-1963,-1757,-2512,-5981,-8038,-4275,-1623,-93,6744,8691,8691,4282,-507,-8771,-8771,-8771,-3682,-3841,-1385,710,4392,8691,8691,8691,3617,-1917,-1398,203,-1277,-2702,-1938
-616,333,848,581,-490,-717,-538,-348,-953,-897,-2237,-4734,-7392,-7036,-2999,8691,8691,8691,2574,-8128,-8771,-8771,-8771,-2174,-2091,676,4190,8691,8691,8691,6909,-767,-3776,-4567,-134,-953,-1875,309,1861,1425
393,-280,-396,-1448,-1320,-1479,-1644,-2195,-2053,-2909,-3138,-2999,-1949,8691,8691,8691,6799,-181,-8771,-8771,-8771,-8303,-2064,-805,-97,310,1515,5199,8691,8691,8691,3022,-194,-869,-1528,-1198,-614,-582,-1088,-1340
-1173,-340,318,127,-212,-293,72,-119,-743,-1632,-3026,-2876,-3838,-3678,-5455,-1421,8691,8691,8691,5142,256,-8771,-8771,-8771,-8771,-5168,-2871,-629,325,594,739,692,2459,7260,8691,8691,7300,2011,-1258,-1909
-1699,-1366,-765,-306,-180,-7,124,180,-487,-2341,-3168,-4128,-2612,-480,-26,-921,-2929,-4125,-3609,8549,8691,8691,4182,-3060,-8771,-8771,-8771,-4921,-2956,-475,-406,427,1296,4691,6197,3794,882,845,2864,4117
5354,5977,5660,4266,2032,174,-704,-500,-2365,-5291,-7030,-5878,-5937,-3581,1522,8691,8691,8691,5280,1628,306,-409,-158,-1189,-8040,-8771,-8771,-8771,-3908,-790,-431,343,2729,7028,8691,8691,7215,2904,-1246,-19
912,-378,-1280,-1154,-446,150,427,376,-782,-3381,-6624,-8319,-5923,-1725,8691,8691,8691,5371,-4719,-8771,-8771,-8771,-2828,-1989,-327,515,169,1215,4632,8508,8691,8495,3453,-1488,-2632,900,802,-640,-1303,-923
-33,304,281,-217,-681,-1091,-1514,-1638,-1970,-2481,-4023,-7948,-7279,8691,8691,8691,4762,-203,-5381,-8771,-8771,-8771,-3463,-2170,439,3909,8691,8691,8691,4971,67,-1279,1611,1071,-739,-1964,-1550,-697,175,382
73,-220,-243,-65,-44,-115,-181,-153,-335,-1413,-4336,-7150,-7258,-5089,-3249,0,8691,8691,8691,2482,383,-8771,-8771,-8771,-8049,-2219,-1038,782,2739,4470,2746,983,604,1711,2349,4873,5314,5072,4249,1608
-885,-1516,-674,255,-148,-551,-577,-360,-360,-488,-912,-1888,-2213,-2944,-3283,-1581,-944,-469,1989,8691,8691,8691,4389,-4256,-8771,-8771,-8084,-2873,-1688,-434,139,814,1753,3724,6205,8691,7297,797,-3295,-604
-24,3,-32,25,-52,-109,-162,-95,-144,37,-189,-335,-533,-2090,-4075,-4562,-2312,7313,8691,8691,6433,-1184,-8771,-8771,-8771,-3843,-2510,-879,-221,136,102,765,4231,8413,8691,8691,3805,-1237,-2631,-1205
57,8,82,239,415,-6,165,415,-139,-461,-583,-115,94,-249,-416,-145,39,-11,-16,21,-22,-8,-81,-177,-321,-930,-3861,-8771,-8731,-1923,8691,8691,8691,-2405,-8771,-8771,-8771,-3137,-1753,-315
500,1599,5870,8691,8691,7212,-559,-3934,595,127,-201,-431,-1173,-2784,-6670,-6947,-5314,-4198,-220,6591,8691,8691,4306,-8771,-8771,-8771,-5095,-2546,-1066,-207,229,1631,4677,8379,8691,8691,3030,-1517,-3088,-257
117,-568,-1076,-611,-35,-36,-204,-1042,-2137,-5880,-8057,-4779,5408,8691,8691,3469,-8771,-8771,-8771,-3110,-2081,-290,448,1085,2902,5499,7858,8505,6247,1147,-1560,-539,-121,-433,-519,-246,91,160,112,341
139,-144,-170,-124,110,-17,-1093,-6839,-6008,-5364,-231,8691,8691,8691,-3740,-8771,-8771,-8258,-3273,-1180,109,374,2554,6354,8691,8691,5729,-174,-2047,517,730,13,286,482,340,370,389,786,659,362
306,56,-529,-3046,-7305,-7949,-6783,-4238,-1696,961,8691,8691,8691,-3062,-8771,-8771,-6834,-2984,-1042,-300,728,3624,6651,8691,8090,3790,270,-374,899,885,-356,-913,-406,41,153,-130,-102,80,110,173
-9,-19,-40,-19,34,-19,-14,16,-60,-56,13,-72,-434,-1376,-1587,-2263,-6605,-8559,-6396,884,8691,8691,8691,-8771,-8771,-8771,-4792,-2551,-839,-152,1261,4438,7840,8691,8691,5133,1491,-303,-267,172
-2586,-2610,-1207,2037,8691,8691,8691,-8771,-8771,-8771,-3928,-1966,-168,4037,8691,8691,8691,2325,-3265,-3152,-715,1109,276,-788,-778,54,595,493,169,-19,152,207,-64,-193,-66,60,33,-40,-17,71
-8345,-7705,-5453,-2568,-1653,-208,8691,8691,8691,-8771,-8771,-8771,-5151,-2519,-743,303,1295,5810,8691,8691,8691,3843,-1772,-2610,-933,115,-226,-984,-956,-400,-2,39,-65,-108,-95,-98,-137,-172,-91,-3
-3,16,-23,0,18,27,-17,-51,-101,-463,-1296,-3209,-7837,-7246,-2808,-1767,-1296,-1209,869,8691,8691,8691,3123,-3145,-8771,-8771,-8771,-3120,-2947,-404,939,909,765,474,657,1179,4542,8691,8691,8691
-96,-20,-73,8,76,220,632,440,-126,-404,-341,-43,-199,-449,-142,342,194,-2944,-5504,-4446,-3411,-3180,4336,8691,8691,6110,-8726,-8771,-8771,-6128,-2390,-1407,-341,-41,120,503,2369,7183,8691,8691
-1448,1595,8691,8691,8691,-7428,-8771,-8771,-8771,-2319,-1841,-1343,406,177,388,2755,7960,8691,8691,7808,-1863,-5433,-1592,36,-403,-753,-936,-528,190,573,307,308,468,285,76,-33,-54,-19,-56,-27
-58,-98,-95,-92,-110,-80,-41,-6,46,-6,-40,-60,-128,-198,-219,-1281,-7570,-7547,-3644,184,8691,8691,8691,-894,-8771,-8771,-8771,-1659,1421,-571,242,2190,5630,8691,8691,8691,3300,-2407,-4020,-1192
