4,-18,-34,-27,-27,-33,-31,-32,-25,-39,-37,-7,30,51,46,63,-33,-174,-735,-1456,-3564,-5157,-7788,-8781,-8781,-8781,-5847,-1231,429,651,1724,3256,4715,6780,7146,8681,7135,6708,4305,2815
1941,1814,1688,466,210,-40,-88,-146,-216,-233,-293,-325,-307,-191,-125,-52,-30,2,-139,-187,-102,-106,-156,-294,-609,-1181,-2416,-3408,-4629,-5801,-7790,-8781,-8781,-8781,-5402,590,2870,3649,3627,4651
5657,5821,6737,5390,5330,4479,4433,3124,1191,373,60,-174,-335,-298,-421,-741,-970,-955,-1479,-1554,-3027,-6224,-8781,-8781,-8781,-8781,-4305,2483,5080,4957,5016,5960,7483,8597,7079,4843,3909,2777,1309,262
7708,4551,564,856,958,355,-374,-562,-568,-528,-601,-738,-913,-1066,-1496,-1701,-2692,-4179,-5847,-7493,-8458,-8781,-8781,-7319,-1774,652,2243,2249,3339,4801,6492,8329,8681,8681,6684,4408,2222,1061,653,411
17,-181,-295,-321,-271,-220,-143,-113,-161,-88,-66,-57,-78,-101,-102,-247,-630,-1434,-2475,-4814,-7631,-8781,-8781,-8719,-8781,-8207,-3339,857,1923,1253,1642,2354,5291,8577,8681,8681,8021,6984,1560,733
671,361,-512,-710,-737,-1012,-1024,-1098,-1181,-1443,-1620,-2003,-3053,-4264,-6240,-8176,-8781,-8781,-8781,-3590,-35,1859,1819,3011,4090,4396,4002,3584,3084,3168,3254,3641,3135,3027,2970,2630,1896,964,454,319
8,-96,-150,-201,-224,-233,-365,-606,-1393,-2865,-4924,-6804,-8239,-8781,-8781,-8781,-2625,706,3138,5937,7922,8681,8681,8370,6077,4525,2473,947,578,404,84,-192,-293,-230,-121,-27,-22,-44,-28,-30
-62,-101,-96,-79,-67,-56,-67,-42,-47,-43,-55,-149,-886,-2911,-4592,-6362,-7397,-7834,-8781,-8781,-1242,-386,1732,1667,2286,3723,5031,6243,5214,5823,6187,5601,4720,1810,717,477,446,-89,-335,-263
-216,-141,-169,-1902,-358,-426,-823,-1055,-923,-539,-554,-745,-964,-689,-168,-613,-2194,-4129,-7068,-7198,-7657,-8781,-6368,-2252,529,1664,1184,1123,2064,3569,5251,5346,6465,6394,7604,6308,1886,659,517,108
-184,-219,-239,-266,-245,-242,-227,-207,-135,-105,-95,-88,-203,-600,-1301,-2274,-3005,-3884,-4717,-6038,-7143,-8194,-8498,-7733,-2476,1087,1345,809,515,834,1351,1696,1912,2126,2211,2184,2308,2352,2283,2371
2187,1995,2076,2161,2128,2285,2879,3406,2680,1574,1279,638,149,-234,-582,-850,-1041,-1805,-3356,-4383,-5357,-6593,-7986,-8781,-8781,-6886,-423,818,623,99,543,1207,1840,2234,2514,2503,2527,2294,2128,2002
-78,-124,-233,-263,-120,90,154,50,-729,31,34,-7,-64,-167,-568,-1284,-1294,0,1129,102,-3123,-6280,-8539,-8781,-8781,-8781,-8034,-2532,532,767,303,421,655,1190,1925,2903,3669,4111,5047,6426
5682,6227,7126,7928,6789,1723,742,1065,782,206,147,-17,-119,-281,-464,-991,-2097,-3160,-4115,-4655,-5678,-6398,-7316,-8732,-8624,-3348,1262,1744,2260,3193,5372,5875,5553,5491,5698,4817,3598,2293,1383,1017
1461,551,239,198,189,178,74,-4,32,-4,-37,-79,-81,-95,-112,-152,-161,-189,-68,300,759,-200,-2751,-5106,-5586,-5367,-6502,-7039,-7226,-7733,-7715,-4239,315,943,992,1162,2770,4269,5699,5523
6174,6471,7239,5952,4125,1767,701,513,246,-166,-206,-313,-387,-449,-372,-609,-842,-1113,-1000,-302,-179,-2269,-4814,-6546,-8054,-7582,-8780,-8781,-6290,-85,11,1383,2862,5121,6490,7087,5866,6544,5624,6091
4912,3164,1758,575,205,30,-176,-305,-408,-533,-918,-1342,-3004,-3972,-4552,-4961,-5652,-6747,-7483,-8517,-7893,-4307,467,814,1325,1720,3374,4610,6336,6498,7201,5694,4560,2749,2112,2092,2343,2429,1480,393
410,121,-118,-307,-333,-304,-204,-139,-776,-2933,-5756,-7369,-8189,-7659,-8781,-8781,-8044,-993,172,1272,2297,3560,5337,6745,6965,6144,4864,4253,3792,3873,3639,1902,238,400,-8,-214,-150,-229,-257,-176
-158,-154,-159,-192,-148,-174,-269,-961,-2722,-5037,-6284,-6647,-7242,-8781,-8781,-8736,-993,305,2752,3139,3647,4243,5823,5910,5422,4604,3093,2381,1617,1250,792,355,24,-251,-457,-584,-383,-150,22,91
120,98,52,-76,-124,-63,-12,105,80,-27,-120,-267,-626,-983,-1366,-1542,-842,-133,161,809,1010,62,-4021,-7633,-8781,-8781,-8781,-8781,-435,2373,3107,1776,2041,2408,2867,2753,2596,2340,2273,2670
3016,3371,3265,2882,2085,1205,749,598,454,285,40,-150,-269,-350,-597,-655,-542,-285,-64,-59,-161,-323,-427,-494,-505,-46,-78,-2218,-5520,-7868,-8781,-8781,-8781,-8781,-406,1436,2723,2084,2985,3988
-3,31,28,-23,-40,-85,-108,-87,-85,-68,-12,6,-95,-1022,-2993,-4969,-6685,-7999,-8626,-8781,-8781,-6254,-551,1113,3894,4881,6489,5603,4860,4878,4728,5042,3728,1792,2318,1574,1050,788,299,56
26,-91,-111,-226,-173,-95,-71,-71,-85,-208,-404,-495,-1994,-5461,-7184,-8318,-8428,-7777,-8495,-7270,-4055,-1153,1628,2226,1376,846,1466,2190,4895,7970,8681,8681,8681,6352,1285,867,779,241,45,118
-36,-113,-75,-157,-175,-293,-327,-294,-142,-250,-280,-320,-170,-163,-206,20,-814,-2748,-4936,-6886,-7605,-8471,-8550,-8781,-7959,-1198,1264,3000,4133,5158,5612,5920,5710,5199,4450,3524,2618,1950,1487,909
601,501,477,518,475,305,186,-4,-109,-186,-189,-261,-67,167,-1156,-3669,-5683,-7370,-8781,-8781,-8781,-8781,-1187,412,2209,2566,3823,4778,5883,5496,4845,4689,3532,2846,2432,2400,2225,1759,1270,750
277,56,-95,-120,-191,-210,-220,-233,-65,-11,-1618,-4542,-7123,-8781,-8781,-8781,-7678,-1017,1428,3523,4553,6187,6444,7243,6510,5937,5125,4049,2698,1393,736,409,198,-2,-135,-133,-116,-100,-172,-179
-192,-102,-125,-47,-40,-59,-84,-71,-31,98,-177,-2219,-5402,-6768,-7794,-6917,-7415,-8669,-6936,-703,2308,5251,6032,6241,6254,5272,4402,3306,2167,1201,742,429,143,20,-63,-96,-142,-95,-107,-78
-311,-243,-218,16,90,31,32,55,18,-70,-89,-137,-119,-173,-245,-170,-54,-67,-238,-1497,-3445,-5237,-6651,-7589,-7696,-8090,-8107,-6495,-2505,513,2215,4713,5698,8260,8681,8506,6248,2825,811,545
-7928,-8307,-8781,-8781,-8776,-1921,2036,4364,6326,7393,6432,5946,4579,3582,2623,2019,1685,1420,1153,817,605,462,283,117,77,0,-50,-87,-71,-76,-77,-85,-58,-91,-102,-76,-61,1,68,59
-9,-21,-30,-25,-23,-20,-8,-17,-11,-1,15,-2,-27,-35,-27,56,291,474,-1076,-3664,-6167,-7931,-8781,-8781,-8781,-7623,-3246,-342,590,748,1666,3225,4274,4651,4654,3971,3739,3772,3708,3754
3301,3023,2680,2377,1970,1419,1161,990,355,-43,-186,-170,-263,-329,-1076,-2625,-4119,-5629,-6802,-7913,-8613,-8781,-7744,-1139,-50,2210,2455,3308,4468,4552,4291,4451,4364,4291,3715,3600,3078,2063,982,642
-351,-57,128,113,231,456,403,92,-82,33,59,-140,-444,-522,-484,-590,-654,-765,-1882,-4592,-7740,-8781,-8781,-8781,-8781,-732,-113,2064,2814,5362,7103,8007,7215,7032,4621,3997,3365,2971,2405,1697
1037,604,382,303,128,-50,-88,-149,-248,-233,-178,-176,-160,-163,-170,-316,-530,-611,-789,-1393,-3822,-6335,-8781,-8781,-8781,-8585,-7426,-4747,-2916,-181,1848,2294,2255,2318,2429,2635,2927,2804,3182,3000
3108,3096,2818,2724,2354,2389,2626,2528,1833,807,291,-498,-1845,-3136,-2405,-641,1450,888,-1435,-4979,-7917,-8781,-8781,-8781,-4581,1308,-347,1342,746,1296,1681,2011,2256,2362,2425,2633,2991,2879,2905,2864
2724,2694,2184,1873,1068,406,14,-89,-214,-241,-267,-307,-322,-205,-155,-87,-164,-216,-213,-179,-162,-32,23,-35,-96,-102,-124,-38,65,-92,-206,300,208,-3110,-7030,-8781,-8781,-8781,-8781,-4133
-97,-106,-138,-112,-156,-212,-119,40,14,-19,40,318,243,-788,-3338,-5848,-8007,-8206,-8781,-8781,-8781,-802,577,2570,4196,4462,4293,4646,3672,4114,3904,4244,4855,4651,4171,2980,856,404,-301,-727
-696,-609,-471,-392,-375,-361,-382,-400,-712,-801,-747,-3328,-6390,-7992,-8075,-8611,-8781,-8781,-4170,1586,3925,6295,6689,5470,6127,4739,4118,3431,3617,3446,2630,1090,375,35,-139,-305,-336,-226,-168,-109
1022,869,554,294,102,19,-32,-59,-141,-403,-1210,-3142,-4962,-6213,-7232,-8359,-8781,-8155,-4967,251,466,2756,4204,4935,5508,7444,7601,7628,5747,2709,997,730,556,252,5,-235,-300,-327,-209,-298
-241,-143,-117,-101,-110,-114,-165,-384,-768,-809,44,1034,941,-1523,-3716,-3986,-4478,-7297,-8781,-8781,-8781,-2654,2402,4883,6071,6255,5668,5909,4197,2726,1763,1532,1408,1444,1225,1194,1156,1019,673,369
32,-223,-343,-397,-236,-104,-88,20,656,-372,-3507,-6667,-8781,-8588,-6773,-6688,-6817,-6435,-4496,-1005,936,3583,4835,6375,5659,7895,5894,5373,3901,2764,1689,1372,1185,990,1330,678,227,-145,-324,-314
-325,-267,-196,-203,-199,-116,-176,-140,-59,-25,135,-284,-2847,-6761,-8707,-8781,-8582,-7820,-7208,-5535,-2351,170,2602,4030,5370,5955,6696,6645,6709,5849,5981,4227,2305,906,598,271,-22,-42,-73,-232
-466,-578,-500,-474,-473,-404,-249,46,416,-1030,-3053,-4363,-4841,-6669,-7217,-7586,-6615,-6938,-7190,-5340,-413,2099,2207,2351,4677,7812,7806,8681,7809,6766,4770,3343,1490,596,167,0,60,44,-62,-114
-27,-80,-460,-1703,-3984,-5888,-7907,-8618,-8208,-8781,-8630,-3371,1201,2587,5497,7168,8681,8681,8681,7862,3021,1550,1685,1176,477,71,-342,-437,-466,-400,-449,-352,-332,-166,-101,-77,-85,-48,-34,-67
6,-177,-142,-24,98,-19,-155,-285,-257,-235,-203,-320,-1171,-3053,-4765,-5980,-6664,-6174,-5463,-4799,-4454,-4580,-4058,-3091,-1865,-1307,-78,559,1112,3135,5557,8060,8681,8681,8218,5351,613,424,388,-150
-712,-702,-654,-779,-746,-769,-613,-346,-267,-226,-279,-249,-372,-447,-1226,-2781,-4374,-6046,-7737,-8781,-8781,-8287,-6146,-1094,1913,3552,5720,6884,5497,6019,6497,6361,4187,2358,788,206,-142,-359,-504,-536
-406,-301,-140,3,39,77,75,40,14,-62,-200,-176,357,813,1264,-137,-2757,-5038,-6681,-8134,-8781,-8781,-8220,-6990,-4216,-237,806,2868,5822,7845,8681,7401,6596,3627,2450,2215,2051,1777,1072,218
-309,-371,-528,-492,-413,-267,-228,-181,-146,-132,-332,-730,-680,-340,454,-94,-2013,-3715,-5802,-7331,-8587,-8781,-8781,-8583,-2881,1437,1914,3649,5592,6340,6594,6109,5476,4704,3601,2871,2187,1772,1032,469
-301,-250,-234,-229,-205,-139,-149,85,-674,-2610,-4571,-6203,-7277,-7565,-7902,-8254,-7233,-3724,555,1718,4255,6737,8564,8681,8681,6545,4524,2227,891,403,184,178,-125,-269,-253,-168,-248,-191,-130,-93
-88,-21,5,16,25,16,3,86,-53,-2514,-7061,-7790,-8759,-8781,-8781,-8244,-5363,-117,1245,3109,4574,5882,6628,7027,6713,5856,4956,3626,2477,1198,330,-60,-318,-508,-490,-405,-179,-126,-18,4
65,60,-60,-32,-43,-56,-39,-432,-1721,-4126,-7736,-7512,-7037,-7206,-7040,-5369,-2051,-1015,-1088,564,1286,3551,6334,7837,5347,911,397,376,473,-91,-244,-102,-184,-217,-238,-371,-431,-481,-563,-493
-464,-431,-574,-691,-938,-893,-893,-822,-1030,-1367,-1585,-902,349,1273,1005,135,-3498,-6998,-8781,-8659,-8781,-8781,-2532,1902,3483,5031,5834,7033,8326,6747,2590,1643,1139,748,569,549,382,242,-65,-43
72,61,56,-10,-144,-58,-8,-42,-50,-57,-57,-22,19,35,21,4,-2,-15,-27,-16,42,106,-56,-150,-435,-651,-600,-1115,-6315,-8781,-8781,-8781,-1039,1221,842,309,438,689,683,550
830,-251,-447,-888,-2642,-8781,-8781,-8781,-5122,214,45,124,503,341,209,150,45,-14,15,93,35,55,188,570,1166,1996,2585,3074,3590,3784,3809,3760,3748,3586,3438,3229,2809,2369,2328,2133
855,286,-3951,-8781,-8781,-8781,-1893,400,640,967,287,45,261,244,120,124,218,130,93,79,329,806,805,1229,1440,2208,2837,3247,3181,3165,2860,2747,2649,2592,2698,2197,2238,2226,2367,2118
2319,2433,2580,2223,1236,14,-160,-48,-65,-54,10,-14,-12,-15,-1,-23,-37,2733,-34,-28,-38,-30,20,16,77,-259,-255,-466,-814,-2034,-8715,-8781,-8781,-4133,-63,651,929,133,-93,123
15,-10,-1,1,28,31,214,49,-59,-756,-3059,-6618,-8781,-8781,-7740,-977,998,1551,629,196,287,165,100,68,36,-47,-39,1,-24,-155,359,1098,1807,2314,2705,2643,2545,2438,2476,2484
-20,-17,-6,37,-101,7,-394,-842,-1995,-5063,-8781,-8781,-8334,-3107,960,845,608,-2,-142,5,107,19,-28,8,48,66,119,383,833,1149,1905,2468,3302,3691,3856,3626,3311,3026,2739,2532
-32,-29,-41,-28,-20,-30,-27,-5,-7,-19,-34,-47,-25,1,13,4,19,123,236,952,968,-1199,-6795,-8781,-8781,-7400,-2272,1036,172,569,42,-83,168,240,98,38,105,233,522,550
-7,32,57,153,93,438,312,-744,-1451,-3950,-8781,-8781,-8573,-5321,1349,686,904,374,305,243,197,98,84,543,1072,1676,2325,2684,3180,3511,3501,2987,2635,2536,2809,2843,2702,2746,2398,2312
-31,-25,-33,-32,-32,-52,-46,-43,-36,-40,-48,-51,-31,-16,-16,-20,-78,79,436,284,157,-950,-4425,-8781,-8781,-8433,-5284,-77,377,803,449,-52,-188,-52,17,55,27,48,20,44
-10,-8,-13,-27,-32,-43,-40,-18,-9,-57,-87,-80,-52,-48,151,-82,52,-748,-2484,-5204,-8781,-8781,-8740,-5379,679,118,62,-528,-365,-119,129,299,201,148,165,253,471,923,1601,2299
-102,-71,-39,-25,-54,-59,-49,-28,-19,-20,-23,-12,12,62,7,53,17,41,-55,-192,-977,-1141,-321,1043,1370,1427,283,-2589,-7843,-8781,-8781,-6298,349,173,-78,-29,24,202,280,177
-19,-19,-12,-11,-4,-11,-14,4,8,3,-9,-3,29,111,457,731,385,-1342,-2104,-3533,-8781,-8781,-8781,-5968,273,-887,1351,659,-242,-262,166,158,76,83,229,720,1781,2970,4096,5037
-52,-45,-32,-31,-23,26,-47,-476,-506,-727,-1644,-7452,-8781,-8781,-6076,-495,-599,813,348,-168,-105,178,54,-80,30,88,226,356,1243,2159,3305,4109,4961,5546,5512,4762,4034,3365,3098,2439
2418,2070,1814,1383,1178,944,517,-7,-7,-27,-2,-10,-12,-15,-34,-17,-24,-18,-37,-36,-48,-36,-37,-45,-34,-39,-40,-42,-3,-140,-291,-232,-1012,-2666,-7865,-8781,-8781,-6092,2562,-933
-19,-7,11,-7,-31,-39,-48,-51,-63,-119,-102,-625,-1214,-1889,-2330,-3308,-7331,-8781,-8781,-8781,-267,386,235,-226,50,-128,-135,-139,43,-39,3,-14,33,54,86,23,36,5,67,90
-48,-7,4,35,64,94,-38,47,-631,-1331,-2370,-3695,-8781,-8781,-8781,-2950,1078,320,470,-112,16,180,139,60,-30,62,207,324,768,1559,2145,2606,2918,3164,3267,3374,3353,3306,3243,3123
3102,2779,2835,2168,2188,2277,2218,-775,1759,988,414,-45,92,-14,-58,-121,-163,-144,-96,-55,-60,-53,-41,-50,-49,-32,-23,-32,-213,-424,-597,-844,-2083,-5228,-8781,-8425,-5736,-632,2186,-451
1740,1219,236,56,11,-38,22,-10,-56,-30,-29,33,-141,-393,-787,-1411,-2193,-2915,-5097,-7771,-8781,-8187,-2788,2400,-967,1216,245,-192,-53,118,3,-78,-73,28,201,270,649,1415,1864,2112
21,104,337,699,300,-1578,-4430,-8781,-8781,-5874,-2630,1079,-736,-34,485,38,4,114,84,46,-76,17,104,137,53,79,74,304,719,1407,1853,2370,2431,2367,2478,2434,2519,2940,3046,3245
3132,3246,3939,4268,3440,2993,2334,1873,2007,3115,2501,602,-137,-829,-445,-61,-47,-161,-283,-320,-327,-279,-220,-283,-439,-343,-188,66,178,318,241,61,-316,-326,-749,-2592,-5603,-8781,-8781,-7475
3464,3426,2058,-409,-860,-602,-240,-122,-249,-7,-653,260,547,922,939,66,-1672,-3922,-6696,-8781,-7437,-4074,3079,780,-545,227,-367,-103,206,255,-28,-92,-16,37,-10,-5,137,197,219,523
-55,-40,-70,-73,-86,-47,-36,-290,-978,-909,-628,-773,-2076,-5090,-8781,-8781,-8781,-4261,1752,-440,-378,-117,-91,-153,-62,-21,34,28,0,9,72,31,-4,-20,202,522,1044,1594,1960,2295
-2980,-6885,-8781,-8135,-5130,1552,1288,-1647,-231,-285,-134,122,186,75,-11,93,238,203,130,198,431,853,1527,2270,3201,4017,4532,4736,4389,3250,2173,1817,1962,1649,1785,1948,1761,1348,1222,1509
-35,-24,-25,-20,-8,7,13,70,155,303,51,-216,-1645,-2963,-6794,-8781,-8781,-8296,-2375,793,-554,350,-8,-199,43,211,166,20,43,77,182,279,457,611,575,841,1024,1350,1771,2097
19,-15,-37,-50,-33,-29,-26,-450,-859,-913,-726,-315,-565,-2069,-8347,-8781,-8781,-7380,-485,654,-808,116,-30,-237,126,195,93,-58,-15,31,75,80,44,39,42,49,45,65,118,359
-43,-32,-7,-17,-30,-55,-58,-362,-388,-613,-718,-587,-1111,-7422,-8781,-8781,-6161,-677,1497,-429,461,110,-111,23,102,121,46,107,141,112,88,55,89,277,998,1876,2677,3202,3569,3609
3526,3498,3052,2953,2675,2724,2436,2366,2445,2268,2277,2399,2668,2771,2066,137,-404,-176,-140,-19,-32,-82,-110,-50,-23,-40,-4,5,127,139,-157,-433,-1257,-1655,-2188,-3348,-8055,-8781,-8781,-5744
-162,-70,-49,-77,-115,-139,-105,-32,-29,-33,-46,-44,-6,-31,-171,-441,-915,-1471,-2405,-4834,-8747,-8781,-7969,-3149,3371,-436,850,-255,-597,-83,110,-26,-154,-33,-23,19,-25,-77,-81,165
-32,-39,-40,-33,-33,-28,-28,-36,-31,-35,-20,-11,9,19,56,125,403,890,245,-1206,-5021,-8781,-8781,-8781,-4815,2412,-306,219,51,-112,-25,203,247,161,61,120,75,37,7,12
-58,-16,-2,48,-47,-26,-37,-65,-144,-119,-341,-771,-1607,-2486,-4891,-8781,-8781,-7159,-3766,2374,-99,-312,-190,-224,27,64,99,35,-30,40,123,89,121,115,348,551,1139,1929,2035,1901
-665,-363,-196,-28,236,381,-432,-2097,-5785,-8781,-8781,-8781,-2775,1395,-890,1122,-158,-313,215,257,64,-114,-32,75,54,25,-42,-26,-5,69,154,320,493,1114,1952,2782,3383,3459,3219,2677
2249,1857,1732,1784,1888,2026,2181,2325,2533,2241,1755,1434,1489,2083,2492,2078,2023,1550,556,-75,-597,-620,-283,-19,20,-36,-195,-1188,-2431,-3406,-6257,-8781,-8781,-8781,-1719,-1342,-772,936,382,-157
-34,-54,-37,-3,-10,-39,-40,-7,1,-19,-46,-53,-77,-72,-69,-53,-19,-4,21,71,159,196,166,210,1134,345,-2596,-8781,-8781,-8781,-8781,-2632,1706,702,346,-188,22,105,205,216
-53,-38,-34,-34,-44,-51,-39,-34,-33,-35,-45,-41,-46,-50,-34,0,178,280,-412,-1594,-4028,-8781,-8781,-8781,-6560,683,216,240,244,-80,-25,183,127,115,90,79,28,146,204,271
-22,-25,-47,-25,0,-24,-16,-255,-385,-509,-1560,-2360,-4484,-8484,-8781,-8781,-7874,-2704,-112,432,1003,345,-37,-41,118,152,90,87,39,183,174,164,384,647,864,982,1018,1009,1098,1192
-12,-31,-30,-21,-28,-24,-23,-23,-21,-28,-28,-15,-11,-18,-15,-3,72,-24,260,-65,-1666,-4383,-8781,-8781,-8781,-6769,447,297,199,219,-95,87,230,262,177,64,215,512,1070,1450
-35,-20,-22,-19,-23,-22,-25,-25,-15,-15,-14,-27,-6,2,25,14,689,-398,-3433,-8781,-8781,-8781,-7785,527,1714,-319,-122,-205,-86,-37,44,27,-14,32,82,107,53,78,231,433
-32,3,30,27,58,31,-7,-87,-307,-561,-1171,-3390,-7738,-8781,-8781,-7162,45,10,95,979,-152,-269,163,169,10,-120,-58,-37,6,7,16,58,63,85,99,92,-56,144,163,332
-21,-10,-25,-35,-40,-44,-102,-56,-62,-22,15,-43,0,-176,-1732,-6158,-8781,-8781,-7840,-4671,799,-293,871,201,-123,-90,151,71,9,-47,-24,40,56,38,110,155,136,137,180,1
-33,-25,-32,-17,-32,-16,-8,-192,-138,171,-652,-1323,-2690,-7225,-8781,-8781,-6926,-3983,940,-35,940,322,-140,-316,16,78,38,-12,-3,79,103,911,74,54,-51,44,-26,37,-12,128
-23,-31,-30,-31,-28,-26,-12,-18,-26,-7,705,664,-823,-3279,-6900,-8781,-8781,-7854,-2475,2975,-756,-125,-621,-335,11,190,145,36,61,54,91,56,37,31,58,107,82,316,695,1569
-110,-245,-373,-722,-1513,-2875,-7190,-8781,-8781,-6771,1254,2981,-383,121,-241,-113,-47,100,118,58,45,-19,25,26,102,446,695,1372,2082,2965,3424,3960,4334,4276,4287,3883,3783,3190,3294,2394
-23,-42,-23,16,70,37,-99,193,353,-1467,-3572,-8781,-8781,-8182,-5538,-734,1114,545,508,-196,-333,-5,152,137,20,41,26,-3,64,88,47,17,-161,13,190,421,570,761,1046,1450
-12,-28,0,1286,32,-143,-253,-1983,-4141,-7785,-8781,-8781,-6537,-1669,1153,977,94,-403,15,218,92,-137,-40,-42,21,1,16,23,28,68,124,143,1469,2249,2969,3509,3602,3649,3583,3667
3637,3493,3735,3176,3027,1621,1114,1086,1126,1540,1621,1541,1380,495,-85,19,20,33,4,-45,-60,-43,4,-21,-56,-17,-96,-181,-253,-86,-192,-46,-283,-683,-651,-859,-2323,-7144,-8781,-8781
-23,-30,-30,-41,-43,-40,-42,-38,-51,-43,-38,-33,-69,-88,78,304,738,676,-143,-1396,-2879,-5234,-8213,-8580,-7918,-7184,-3313,397,235,98,-33,-82,-69,134,187,219,125,82,71,46
-43,-39,-38,-38,-29,-29,-31,-117,-117,-14,131,254,6,-1082,-3360,-6307,-8781,-8781,-8781,-7162,-1770,-727,1030,1205,138,-192,-12,28,45,-68,21,11,38,0,-10,-26,-13,-4,1,20
0,63,83,24,-55,-110,-142,-152,-18,127,238,354,462,-159,-2107,-4219,-7943,-8781,-8781,-6340,-3873,-847,-102,668,146,-285,-222,28,126,137,20,-2,-11,44,84,29,32,55,88,58
-37,-39,-37,-35,-33,-43,-45,-40,-140,-445,-583,-351,151,675,103,-1953,-3940,-7156,-8781,-8781,-8781,-6772,-1737,-162,225,140,-263,-206,-72,19,35,12,3,33,42,52,37,0,-27,17
-11,-12,-18,0,23,39,60,-135,-490,-798,-1017,-1445,-2440,-3607,-5093,-8734,-8781,-8781,-5944,-841,-929,491,381,67,-15,152,166,72,32,-23,10,80,69,47,23,11,67,86,93,-4
-98,-265,-220,-34,104,120,55,8,-6,4,18,122,299,234,176,69,446,-1103,-1551,-963,-1010,-1778,-2745,-2079,-205,1338,2559,3379,-613,540,337,117,131,162,-52,-230,-259,-165,-416,-402
248,336,292,-305,-1967,-2544,-1014,-593,-1791,-2921,-2750,-881,1214,-76,-576,-29,329,249,335,186,163,-106,-26,-249,1068,3323,4911,5640,2816,27,-1211,-1068,-885,-440,-361,-380,-119,-181,-125,94
20,25,-14,-27,-22,-9,-2,13,27,0,0,-12,-27,-11,-13,-26,-49,41,75,-633,-40,-452,-2010,-3571,-2709,-601,1829,237,482,409,355,290,56,-480,-1042,626,2241,2182,3006,2033
62,60,102,151,389,388,219,89,23,-42,-61,-122,-116,-69,-47,-2,-4,-36,316,-192,-587,-1746,-3583,-4643,-2938,1134,3117,-65,144,196,107,18,-898,-1291,1461,6082,5053,1213,-394,-300
-206,-88,82,184,142,37,14,-24,-4,11,3,3,-20,-18,-24,-48,-31,-77,-26,41,41,35,-18,-10,-65,-81,-29,4,33,198,452,161,-808,-184,-461,-2234,-3393,-1823,1044,3538
-124,-42,17,9,0,-10,-31,-22,-33,-52,-31,-34,-43,-21,7,51,58,931,2254,1349,-2665,-5686,-5806,-1847,1867,3450,1141,198,-144,-506,-1178,-338,3002,6299,4975,2581,1137,371,-694,-786
-3,-22,-58,-47,-19,-3,-12,4,-15,21,-17,-47,-6,-54,-3,25,141,436,533,-87,-1568,-3691,-3749,-1354,2396,3219,821,80,-222,-592,-687,1304,5455,3757,3929,1141,-411,-431,-263,66
172,-22,-135,-298,-371,-267,-302,-347,-285,-115,-48,-8,115,62,56,58,12,0,17,53,69,1,-97,-81,-1055,-1516,-2449,-2200,-762,2019,2269,-122,131,276,190,-161,-1206,-803,1918,5269
95,51,20,30,91,143,-354,-1508,-742,-835,-1630,-2139,-2403,-2340,-987,55,-72,401,-15,-11,170,200,1737,5277,7249,4380,1969,373,-191,-235,-77,-39,132,43,-40,-27,-16,2,-13,-65
-48,-31,-10,9,11,5,28,17,23,27,-411,-1941,-699,-394,-845,-1617,-2714,-2145,-331,1453,183,-8,-463,-636,-747,1429,6192,6419,4080,1069,-157,-524,-623,-522,-253,-1,126,209,189,133
-2066,-1661,-201,-100,-1363,-3302,-1795,1806,1543,756,277,30,-68,-792,-599,2591,6866,5234,3166,713,-256,-561,-373,-252,-73,-115,-180,-220,-174,-98,-97,-61,-55,-55,-61,-46,-56,-117,-213,-180
-133,-2282,-4009,-2605,762,984,642,-365,-1098,-198,4058,8122,5903,3007,286,-414,-420,-271,-149,-65,-100,-90,-41,4,-32,-3,-15,6,-35,-31,-21,-21,-14,-13,-11,-46,-25,-40,-42,-24
-34,-35,-42,-35,-42,-47,-29,-21,-8,-23,-22,-48,-395,-938,-342,475,675,201,-1096,-3236,-1180,242,-994,-3484,-2178,1292,4004,-2301,-23,-275,-916,-1319,843,6197,6229,3194,-110,-63,-216,85
77,34,-43,-108,-202,-408,-493,-343,-104,121,199,147,100,51,39,-16,-3,35,31,26,-14,10,-269,-377,-150,145,354,321,449,525,111,-1051,-1070,-739,-1358,-2420,-2153,-267,328,1082
-61,-66,13,92,147,127,100,40,22,-5,-19,6,15,24,18,-96,-29,-81,-75,-37,-7,20,45,124,308,-166,-1567,-2041,-803,-176,-501,-1771,-1834,-1175,-315,1668,717,75,309,-477
-624,-2950,-4476,-4817,-1593,-416,2417,379,17,-121,-318,291,2504,5366,6103,3013,1361,125,-115,-19,182,288,221,139,38,12,-10,-30,-59,-80,-70,-98,-60,-22,-28,-24,-23,-28,-42,-35
-47,-38,-46,-50,-28,-23,-32,-34,-22,-20,12,51,292,632,592,20,-1354,-1181,-957,-1436,-3109,-2990,-1170,1212,-158,360,82,152,-80,-129,-128,1381,5171,6268,3851,2479,270,-220,-448,-495
-22,-26,-31,-36,-28,-17,-27,-32,-22,-32,-33,-24,-30,-38,-45,-32,-22,-21,-19,-13,-23,-124,22,303,445,456,334,428,-194,-822,-635,-479,-2413,-4848,-5308,-3819,-1175,163,19,63
488,580,1407,3283,6390,6425,4123,2758,693,52,-94,-159,-65,-44,-91,-99,-66,-43,-41,-37,-30,-35,-17,-103,-227,-196,-99,-27,37,61,65,-13,-19,-19,-43,-48,-41,-36,-34,-29
29,149,61,63,42,51,65,66,-551,-1529,-1297,-1708,-4046,-4762,-3442,138,-2159,1231,419,792,937,2170,5151,8127,6551,2970,1174,103,-167,-67,-39,35,-55,-63,-76,-79,-50,-26,-42,-37
-3911,-3460,-1290,796,941,659,592,117,462,2388,4753,6430,5010,3005,1148,295,-36,-157,19,191,250,181,119,184,78,-64,-122,-139,-174,-141,-51,-28,-51,-40,-9,3,1,-11,21,33
33,8,-22,-39,-28,-27,-33,-60,-24,4,42,95,147,242,231,-320,-878,-666,-2265,-4168,-3932,-2076,272,1876,-1622,172,729,494,293,293,425,1217,3673,4984,5088,2889,2156,1506,331,-13
-58,-100,-61,-98,-106,-51,-94,-73,31,-63,-99,-47,38,8,31,26,143,212,283,279,-59,-638,-369,-1050,-2968,-3713,-1034,-412,1836,-4050,951,267,680,525,571,-583,457,3134,5141,4212
-38,-37,-30,-21,-27,-15,-18,-14,-6,15,90,175,259,36,-17,-10,56,172,-173,-1145,-951,-989,-3073,-4093,-2962,-559,2274,4679,406,776,468,416,-388,134,2662,5437,3972,2151,678,28
-21,-26,-23,-21,-17,-22,-65,-37,-19,44,162,158,115,141,53,-198,-2219,-1629,-1374,-2293,-3443,-2645,-467,1836,4843,872,560,503,360,-267,-675,397,4404,5762,3544,1621,762,151,22,-161
28,4,-146,-11,-211,-186,-262,-61,-84,-94,-85,-59,13,156,82,-657,-2221,-1181,-799,-2242,-4385,-3211,274,279,344,-112,573,470,886,2534,5546,7198,3319,991,70,-220,-237,-135,-129,115
3,-1118,-1340,-1821,-4098,-6795,-7414,-3133,1779,646,-68,-57,-208,71,1584,4600,7469,6371,3889,2477,-245,-213,-352,-278,-107,108,-53,-39,-69,-45,-64,-67,-52,-64,-36,-21,-20,-36,-37,-59
181,301,278,93,-43,-17,42,-18,-44,-58,-37,-32,3,45,-4,-1251,-1318,-771,-1877,-3638,-4569,-4316,-1055,-1528,-1250,-72,137,219,392,279,389,348,1209,3314,5638,6406,4230,2436,498,-157
-535,-417,-282,-148,-42,-3,47,-102,-153,-236,-362,-343,-212,117,313,218,99,248,258,218,-1112,-1981,-288,-932,-2269,-3404,-2306,-827,1833,662,1704,599,529,329,191,75,-236,-320,-253,-108
-43,4,90,89,83,1,-36,-36,-16,-35,-40,-11,3,0,-9,29,-187,-1452,-1911,-715,-2134,-3645,-3779,-1185,1971,3016,597,566,199,346,252,453,1779,5529,6326,3863,2239,562,-300,-285
-25,-3,15,58,81,58,147,23,-51,-124,-169,-123,-46,-10,36,-88,-77,-77,-32,-32,-21,-8,16,50,222,71,-1610,-2258,-1869,-3272,-4218,-2965,634,969,343,142,-274,67,281,474
-111,-114,-68,-43,-14,1,1,-4,-11,-20,-37,-28,-8,20,54,141,202,219,183,138,201,82,114,26,-2023,-1592,-1152,-2261,-3800,-2021,903,156,550,-30,134,-140,150,-573,657,4236
-16,-55,-39,-27,-17,-24,-19,-19,-11,13,141,361,374,445,-541,-4086,-2307,-1462,-2501,-3913,-2240,669,2246,6113,22,606,379,889,1149,2141,5448,4989,1958,3173,1375,-125,-370,287,598,379
207,-14,-184,-182,-148,-96,120,48,63,23,-28,-12,86,289,302,129,24,-263,-1228,-722,-721,-962,-2419,-2479,-1185,1829,-3871,-44,-595,314,513,682,1405,3097,6370,6481,-8975,1380,-40,-210
-325,-142,-97,-116,-92,-81,-47,-40,-40,-23,-11,-34,-96,-128,115,139,-159,-1376,-787,-449,-1103,-2892,-3911,-2577,-369,1898,847,227,384,357,271,750,2790,7345,6057,3052,493,151,-44,80
-25,-26,-25,-22,-26,-26,-23,-28,-27,-31,-30,13,59,49,80,176,192,171,184,68,139,125,-268,-1905,-1742,-1108,-2386,-4060,-3634,-2298,930,1668,982,264,44,337,829,752,1608,4287
-15,-14,-20,-24,-35,-19,-21,-31,-5,19,156,614,680,475,84,60,100,162,150,-1049,-3031,-1901,-2307,-3595,-3530,-1449,1272,-439,184,24,-105,-138,257,1604,4739,6966,5778,2836,1535,397
-23,-14,-30,-32,-36,-26,-20,26,122,188,159,177,392,91,-2165,-2137,-2026,-5244,-3272,-309,1148,516,148,289,418,608,1135,2958,6800,6814,3792,1571,449,-22,-216,-367,-279,-138,-98,-54
-26,-22,-27,-35,-24,-114,-321,-340,-14,301,425,239,162,298,216,231,167,116,-20,-1194,-2705,-1728,-2376,-3863,-5399,-2743,1391,-4728,1390,442,553,533,373,359,1419,3696,6304,5010,2678,1391
-4195,-1653,-1236,-1851,-2556,-1912,-124,1455,491,245,614,224,428,-118,658,3253,6050,4867,2281,482,-71,-273,-252,-26,-19,-108,-111,1,-8,-114,-90,-57,-69,-86,-80,-45,3,2,-69,-77
-60,-5,3,-12,-26,-73,-31,-28,-8,15,9,-28,-47,-35,92,272,296,242,271,345,21,37,128,85,-1670,-1621,-966,-1841,-3589,-4291,-2405,-85,1283,-1217,-14,840,464,69,698,3640
5254,3420,137,119,-182,193,257,1088,2238,2068,839,-29,-82,-94,-31,-45,-73,-164,-155,-64,-36,-154,-393,-620,-548,137,811,377,-2019,-4114,-2014,-1121,-1170,-2131,-2334,-964,856,-768,934,590
-38,-45,-27,-25,-17,-10,80,54,60,75,113,102,143,262,247,-438,-2506,-1388,-499,-1546,-3621,-5225,-4965,-2119,-2316,-1233,-41,251,30,279,288,706,2415,4838,5348,4110,2572,1537,-15,-166
-40,0,-11,-23,-19,-41,-2,-34,-55,-68,-40,59,217,424,574,647,236,84,-1627,-1608,-1232,-2625,-4019,-4356,-2817,-12,496,1012,-55,76,-112,-20,8,-522,3030,4314,4525,3430,2720,1007
-17,-32,-23,15,54,139,172,143,110,69,33,66,123,279,-161,-1775,-2028,-2054,-3007,-3989,-3904,-2801,-1095,1821,564,69,-243,-144,415,646,3099,4602,5234,4150,2679,1626,1227,467,16,-214
-26,1,122,222,173,174,171,151,19,-37,-39,-46,-44,-18,-4,0,45,11,-1480,-1537,-765,-1390,-3651,-4353,-3027,-19,215,687,474,19,375,307,459,818,3194,5812,5219,3530,4353,2041
170,215,110,17,-17,-36,-60,-61,-23,67,119,140,-522,-1662,-1146,-2145,-3665,-3623,-1705,1330,1182,677,553,322,758,1700,3878,6920,7358,4347,829,32,-98,-28,145,186,-259,-378,-174,-141
-9,-38,-18,4,10,20,71,33,2,5,93,203,23,-2039,-2324,-1319,-2148,-3729,-4588,-1971,-6056,-744,-140,501,119,73,-47,186,1490,4363,6256,4168,1306,-746,-795,-475,-616,-350,-380,-262
-17,126,381,446,319,282,190,92,122,57,108,-99,-2076,-1616,-1759,-3610,-4620,-3818,-2729,-2093,1071,497,661,406,1310,2728,5080,7703,5640,3605,2777,1875,896,-234,-759,-678,-603,-413,-432,-389
-25,-25,-20,14,2,-35,-45,-42,-38,-39,-27,-17,24,201,868,-46,402,168,-260,-752,-946,-2075,-2980,-2416,-540,-389,1435,355,464,199,72,59,-16,-94,-154,-127,-112,-86,-52,-11
132,110,73,146,106,87,57,82,70,54,19,43,12,-9,-11,-21,-51,-52,57,463,868,1748,3233,4426,4598,5395,4438,3813,2804,1245,319,-58,-125,-190,-217,-212,-157,-54,8,50
2343,3314,4344,5020,4638,3182,1423,764,959,571,-59,53,1,-30,-42,-11,68,20,-316,-582,-322,-60,39,256,344,181,61,-31,-10,-54,-23,-102,32,288,502,740,897,943,987,859
-2817,-2655,-2491,-2400,-2361,-2224,-1967,-1731,-1363,-1237,-1178,-662,-35,-57,-101,-300,-354,-174,-123,190,866,1658,2876,4015,4339,4699,4181,3637,2759,1682,1257,489,71,63,121,-13,32,-10,1,-209
-146,-71,-125,-71,-106,-70,-126,-109,-3,-43,-43,101,413,1899,3001,4380,5215,3930,1486,1181,247,601,311,255,206,169,2,45,35,68,65,109,34,52,81,73,-68,-264,-190,-403
-1928,-1923,-1647,-1264,-923,-502,-319,-202,-122,-55,-67,-92,-144,-332,-325,-97,374,1276,2098,3076,4384,4741,4369,3333,1122,488,-923,-579,353,808,855,819,493,368,323,187,40,-210,-306,-250
-3559,-3868,-3982,-3974,-3838,-3812,-3615,-3324,-3157,-2986,-3004,-2989,-2844,-2724,-2637,-2617,-2412,-1974,-1736,-1588,-1352,-748,-298,-187,-282,-332,-379,-71,244,774,1563,2459,4146,4743,6019,6588,2678,2854,763,1068
-1401,-1242,-903,-429,-601,-661,-875,-748,-459,4,901,2478,3820,5003,6197,7120,4331,2168,335,821,301,-355,-458,-223,-133,-47,-43,-22,85,-2,56,110,326,303,142,-29,-65,-111,-31,-71
-3328,-3383,-3387,-3259,-3150,-3065,-3009,-2946,-2917,-2629,-2313,-1914,-1610,-1432,-1399,-897,-653,-545,-105,660,1201,2461,4327,5747,5986,4878,3567,2187,614,689,231,-215,-225,-65,-333,-213,-157,60,98,46
-25,-29,-31,-28,-26,-26,-18,-16,-2,-14,29,-195,-503,-1035,-1809,-2642,-3018,-3288,-3514,-3637,-3772,-3820,-3693,-3574,-3477,-3435,-3385,-3255,-3171,-3049,-2951,-2634,-2173,-565,346,411,216,862,2728,4438
5298,5812,6162,4616,1962,594,616,409,300,243,26,-34,-119,-159,-488,-233,-55,384,240,103,66,-35,-82,55,52,178,165,292,373,476,810,1086,1344,1843,2204,2248,2181,2081,1920,1629
-44,-41,-43,-31,-49,-35,-4,31,75,182,206,239,145,-73,-216,-790,-448,-1420,-2708,-3957,-4692,-5065,-5125,-5024,-5043,-5290,-4666,-4138,-3678,-1075,670,713,1129,2011,3971,6057,6459,5964,4212,2178
-922,-771,-822,-673,-233,105,91,54,159,658,2141,4124,4984,5915,6098,5384,3153,2881,1727,1454,275,-64,-53,-56,-65,-11,-21,-92,-158,-161,27,618,976,1126,1273,1487,1377,1361,1302,1313
-2218,-2073,-2090,-1877,-1219,-834,-615,-486,-310,-136,-53,44,150,359,1247,1948,3201,4657,5599,5931,4671,1178,1388,760,312,102,-103,206,303,202,181,-84,-78,10,304,207,608,671,990,1166
-3089,-2285,-1420,0,241,675,1812,3544,5228,5644,5858,5285,2189,903,627,1474,1125,754,117,116,-69,-226,-134,-266,-60,8,42,33,-67,-217,-161,-112,-376,-562,-235,23,-72,242,586,652
-2240,-1572,-1289,-1014,-1107,-475,-193,612,2504,4684,5223,4727,5209,4966,1267,1726,413,755,411,199,83,-92,-122,-67,-101,-44,21,-37,-10,-102,-113,-218,-182,170,387,138,-484,-638,-386,-168
93,795,2163,4390,4777,5302,5668,5139,4241,2736,1429,1122,369,-81,-197,-219,-225,-208,-140,-161,-156,-83,-103,-56,-64,-85,-65,-105,-43,-14,-174,-350,-495,-765,-657,-760,-484,-221,-21,234
2479,4165,5025,4588,4274,3037,730,52,-140,52,145,-87,-47,-40,-85,26,32,3,-7,-16,-3,47,-351,-488,-223,-266,-222,-199,-194,-270,-747,-315,-93,156,340,766,1350,2004,2510,2690
-38,-31,-28,-26,-23,-30,-25,-15,-10,0,-1,-10,18,0,-264,-898,-1703,-2721,-3378,-4031,-4301,-4308,-3975,-3824,-3724,-3947,-4399,-4352,-3634,-3026,-2162,-2034,-1451,9,107,1145,3363,5068,5983,6741
4726,3929,3232,2258,1505,436,-269,-301,-61,44,-86,-104,-41,10,-19,-118,-261,-199,-768,-34,332,996,1781,2119,2642,2610,2513,2597,2099,1625,11,-301,-272,-90,-24,56,-32,-84,-108,-40
-42,-33,-29,-49,-49,-58,-50,-38,-38,-44,-43,-30,-24,-14,71,105,125,101,63,-223,-1345,-2483,-3010,-3542,-3955,-4139,-4679,-4938,-4816,-4358,-3699,-3764,-4030,-3898,-2002,-443,-11,-50,116,399
2540,4436,6321,6823,5889,2735,2431,963,1428,683,263,117,-41,-218,-169,-126,-68,-120,-192,-202,-56,11,649,564,330,388,388,486,570,492,438,639,1163,1650,2066,2224,2235,1890,1713,1292
-29,-36,-36,-37,-28,-26,-30,-32,-34,-34,-32,-31,-27,-24,1,276,14,-360,-2239,-3466,-4010,-3758,-3552,-3457,-3830,-3917,-3613,-2950,-2435,-2439,-678,1340,2572,3339,3839,4174,4670,4918,2081,674
-1939,-1872,-1744,-1630,-1556,-1645,-1890,-1812,-1197,-896,-819,-763,-290,-340,-161,-124,133,258,581,529,217,-27,42,129,-16,-98,-2,236,759,2011,3610,5096,5798,5541,4247,2016,1732,1300,631,296
-2160,-2508,-3057,-3473,-3675,-3765,-3636,-3404,-3289,-3083,-2727,-2370,-2284,-2461,-2023,-1287,-776,-213,-196,-548,329,2172,3877,5131,6617,6799,3932,2876,1546,1168,397,133,48,154,-14,57,-318,-278,-119,-104
-1841,-1780,-1372,-1107,-569,-1,1723,3709,5118,5448,5645,4993,3078,616,761,987,922,276,58,211,136,76,-6,-58,-241,-235,-347,-285,-152,-81,-38,-84,-78,-90,-100,-76,-57,0,19,55
-406,-267,-73,400,1171,2146,3093,3408,3578,3981,4711,5010,2244,925,1061,627,122,-87,22,-312,-216,-303,-179,-102,-77,-73,-107,-121,-88,11,18,-20,-15,-29,-21,-82,-65,4,2,-58
3857,5103,5805,5275,3884,1892,376,242,375,189,98,263,166,70,-117,67,-189,-128,-221,-58,-144,-285,-263,-183,-301,-250,-38,178,320,333,188,140,81,61,-9,-16,-70,-81,-96,-69
-497,-423,-373,-449,-428,-555,-493,-779,-1123,-1593,-2163,-2050,-1775,-1741,-731,1748,2805,4000,4524,5815,6658,4513,3066,2115,1027,530,474,91,282,270,36,-128,-151,-116,-100,-140,-173,-173,-83,-108
-1567,-1651,-1069,-331,-225,-436,-332,-32,455,1466,2846,3799,4624,5339,6890,7608,7243,3145,1938,841,498,-953,-894,-371,-517,-388,-257,-27,25,-7,-61,-73,-75,-68,-53,-97,-87,-81,-77,-77
-378,-829,-602,-589,-404,-148,-236,20,413,1557,2609,2933,3540,4578,7192,7089,4206,1883,753,656,704,160,-103,45,3,-245,-248,-314,-146,-133,-57,-69,-159,-182,-176,-128,-159,-133,-94,-64
-180,428,728,711,408,-287,-591,-589,-620,-594,-506,-655,-135,1254,3453,4445,5135,6590,6185,3796,1437,-154,182,744,580,27,35,12,-58,21,108,74,-12,2,24,-25,-34,-38,-103,-107
28,44,-31,-17,9,-93,21,-16,88,116,623,1389,2879,4262,5134,5621,5249,2582,1322,511,905,427,-226,-237,-283,-287,-375,-263,-130,24,55,-30,17,-12,-29,-97,-42,-63,-131,-235
-1124,-1377,-1008,-570,-696,-818,-684,-704,-727,-648,-695,-840,-549,-265,-382,-272,98,54,-108,-894,-1375,-946,-202,362,2318,3926,5324,6975,5997,3365,2640,1080,634,291,-83,-26,-63,-247,-172,-64
-246,-394,-475,-494,-516,-512,-487,-593,-702,-905,-1052,-1100,-1381,-1614,-1693,-2369,-3039,-2869,-2312,-1639,-529,-1160,-1458,-752,-206,129,889,3186,6022,8681,8390,5251,3193,1710,1202,517,-21,-365,-101,-78
-174,-75,0,0,-22,-60,-144,-313,-584,-999,-1311,-1363,-1287,-1150,-1105,-1030,-929,-864,-761,-616,-542,-497,-579,-612,-951,-1043,-942,-912,-1298,-2108,-2232,-1401,68,1073,3628,6456,8427,8681,6432,3103
5025,8453,12966,8300,4372,1791,892,332,-256,-691,-474,-257,-566,-638,-329,-213,-227,-182,-60,98,230,263,226,68,3,-39,-61,-109,-111,-87,-55,-69,-104,-114,-114,-75,-111,-75,-22,-12
-661,-591,-590,-311,-337,-226,-113,-181,-118,-314,-734,-1178,-1690,-2245,-696,1267,2406,4270,5706,8681,8681,5504,2119,356,-14,184,-133,-265,-51,88,54,36,-7,-96,-118,-96,-114,-126,-122,-72
-459,-390,-284,-311,-260,-296,-337,-455,-480,-613,-651,-789,-955,-965,-1085,-1121,-1190,-1066,-1009,-1132,-1461,-1402,-1247,-1451,-2602,-2035,489,2670,3249,4855,6639,8681,7543,2188,802,888,379,67,-126,-230
-35,-46,-37,-56,-79,-73,-56,-58,-81,-129,-241,-386,-505,-673,-761,-740,-638,-530,-384,-279,-46,226,485,695,876,896,-7,-795,-2348,-3106,-1047,1239,5082,6983,8681,8681,6679,3182,2246,1084
-87,-88,-85,-13,-15,-48,-140,-380,-501,-499,-518,-621,-651,-644,-478,-301,-288,-373,-359,-217,-252,-301,-318,-295,-293,-425,-637,-790,-634,-1569,-1604,-1623,-1447,-1494,241,1361,3470,5590,8681,8681
8681,2851,1915,1318,630,30,-572,-846,-816,-670,-457,-175,-48,30,-9,-86,-43,-40,-49,-92,-100,-67,-12,27,31,51,60,21,39,-88,-190,-239,-251,-507,-716,-699,-625,-466,-445,-503
-493,-632,-680,-678,-572,-652,-588,-529,-469,-481,-510,-558,-1190,-1657,-1285,-800,-687,-385,-124,-279,719,539,959,1421,2004,3777,5215,7539,7768,3625,-303,-368,728,724,23,-61,-8,-3,-116,-211
-387,-405,-441,-477,-564,-607,-712,-769,-896,-920,-749,-443,-8,156,195,136,70,-3,223,411,66,-253,-895,-847,-205,923,652,1174,2680,5344,7260,7559,6309,150,-1003,49,507,-211,-315,-93
-62,-126,-254,-125,-103,-126,-149,-163,-94,-144,-157,-146,-131,-82,-62,137,670,2553,910,1296,2424,3827,6997,8681,7966,4681,2490,1376,607,-41,-644,-512,-366,-471,-562,-587,-547,-528,-332,-283
-169,-343,-481,-633,-833,-749,-645,-831,-690,-444,-352,-442,-479,-512,-404,-115,-37,-174,-216,-136,-49,-60,5,-119,-144,-69,-52,-347,-190,388,556,784,1550,2426,4073,5377,7405,7389,5061,265
-342,-449,-499,-634,-601,-464,-400,-246,-80,164,329,415,68,-15,-246,-577,-1851,-2723,-1193,-1231,-538,563,5895,7912,8454,5873,2837,1238,573,102,-630,-472,-250,-319,-340,-283,-249,-223,-173,-94
-1134,-1059,-725,-422,-376,-395,-358,-312,-265,13,670,1250,1470,618,332,893,3252,5271,6500,6804,5136,2079,721,551,707,49,-198,-123,-285,-302,-193,-202,-217,-206,-172,-102,-53,-56,-44,-35
-736,-498,-193,-217,-280,-112,30,47,56,63,121,137,77,-94,-249,466,1309,3856,5769,7758,8258,6479,2481,236,553,837,563,-148,-268,-310,-918,-745,-368,-147,-43,216,279,127,3,-30
-1093,-856,-504,-157,53,60,48,-91,-322,-318,387,-77,1696,2865,4552,5806,6888,6694,3481,925,270,746,891,375,85,160,3,-68,-7,20,-4,-14,-28,-53,-35,-32,-61,-79,-46,-11
-997,-982,-940,-494,36,199,152,152,33,-273,-568,-456,212,467,1677,1504,1464,3571,6190,6607,5859,2520,867,696,707,477,-36,-56,-35,-257,-391,-283,-272,-376,-293,-115,-110,-17,7,17
-60,-59,-27,12,18,19,12,-8,-71,-140,-149,-114,-118,-232,-861,-2737,-3730,-2204,4735,8681,3427,681,619,-957,-7533,4559,8681,6648,3001,1211,-396,-849,-60,-743,-1456,-1074,-1008,-1053,-659,19
-51,-48,-42,-14,-9,-50,-82,-149,-190,-265,-309,-496,-605,-694,-1345,1303,8681,3121,-32,-1035,-5866,-8781,-6165,1485,2257,666,874,2583,2665,1667,857,50,-356,-363,-378,-276,-108,-11,29,42
-111,-105,-91,-75,-23,-10,-93,-150,-130,-100,-80,-96,-88,-114,-182,-286,-957,-1886,-4210,-388,8681,8681,2995,-1505,-5764,-8781,-3915,1336,1603,357,-570,503,1006,2142,2743,2036,286,-615,-526,-385
-8,19,17,6,-18,-47,-67,-67,-70,-62,-69,-87,-108,-220,-474,-831,-595,-375,-1292,-2223,885,8681,4721,533,-2432,-8781,-8781,-2289,944,899,437,109,1648,3107,2688,892,-12,-472,-497,-298
-226,-63,56,7,-97,-91,-31,-3,-314,-450,-1690,-3118,-3232,-3531,1057,8681,6418,1007,-1310,-8781,-8781,-7067,-700,727,55,32,1707,3478,4686,3549,1121,41,-525,-359,-111,-58,-81,5,21,12
33,48,43,9,-33,-74,-101,-67,-53,-60,-121,-634,-1345,-2361,-3646,-5007,-2232,8681,8681,2267,-1155,-7869,-8781,-7540,-1096,403,-47,-56,137,177,309,340,830,707,785,1138,1134,1283,1930,1867
-695,-777,-1082,-1752,-2034,-2456,6406,8681,3595,-1345,-8781,-8781,-4761,-561,661,1067,0,745,1680,3927,4033,2106,712,-365,-351,-266,-83,-70,95,68,67,-35,-126,-65,-53,-104,-118,-117,-33,0
0,-18,0,-4,-11,-2,0,-1,-18,-1,3,-36,-634,-1609,-2496,-3173,-3847,1963,8681,3808,922,-6032,-8781,-3730,241,534,599,805,1433,2692,4399,3570,2175,659,-140,-197,-265,-194,-38,-8
-46,-115,-85,19,39,24,29,4,-22,-83,-300,-730,-1448,-2286,-2267,-2661,-2977,6275,8681,7203,-525,-8781,-8781,-3148,259,2085,4813,6678,4947,1964,3,-725,-431,-6,160,185,76,-19,-15,-30
-24,8,6,-8,159,136,-140,-94,3,-18,-18,8,5,18,44,-9,-86,-41,-29,-8,-24,-40,-48,-52,-88,-217,-327,-470,-638,-670,-1221,-2269,-3380,-3333,8451,8681,2889,-3931,-8781,-8781
16,-5,-35,-50,-77,-68,-44,-25,1,-47,-145,-640,-1020,-1197,4694,8681,5760,-680,-8781,-8781,-2906,-136,578,-32,2261,3542,2788,482,-328,-254,-261,-170,-178,-145,-16,-54,-42,-75,-76,-37
-19,-18,-47,-60,-55,-89,-251,-505,-800,-1142,-1574,-902,8590,8681,2804,-5115,-8781,-5473,-1018,181,350,2164,4316,3660,1569,251,-453,-373,-182,-116,-136,-12,66,14,-28,-25,-55,-14,7,30
20,-35,-25,1,-2,13,33,-290,-1574,-2444,-3298,-3574,-2374,8681,8030,-723,-8781,-8781,-2042,-287,-319,6947,537,2092,3803,2723,1107,96,-124,-9,154,289,302,227,135,-3,-54,-142,-277,-349
-218,-104,-85,-48,-22,11,-8,-51,-338,-748,-1134,-1546,-2336,1013,8681,8681,-220,-8781,-8781,-2800,637,262,323,1165,2232,3503,3108,1549,464,-338,-223,-100,-33,-4,62,-1,-115,-130,-144,-119
-156,-305,-368,-292,-122,52,50,51,5,-46,-77,-58,-55,-50,-179,-846,-1726,-3169,-826,8681,8681,290,-8781,-8781,-7874,-1259,487,-72,2626,5912,6195,3262,747,-270,-62,65,80,4,-16,-86
-77,-96,-72,-65,-83,-129,-160,-148,-102,-377,-636,-1236,-1372,-1058,-636,-505,-279,-42,74,0,-26,-129,-254,-252,-168,-156,-234,-515,-1473,-3297,143,8681,8681,1941,948,-6899,-8781,-8781,-3435,60
2188,4401,4359,3473,1863,217,-816,-1168,-1044,-787,-726,-671,-622,-657,-975,-1328,-1400,-1281,-920,-856,-835,-785,-515,-90,118,7,-164,-237,-163,-99,-177,359,8681,8681,3984,1276,-3506,-8781,-8781,-5121
-1458,-307,-100,1483,2987,2585,1783,913,686,838,636,554,614,578,241,116,18,-987,-2301,-2363,-1654,-1444,-1142,-653,-879,-2294,5318,8681,8681,2449,-1548,-7973,-8781,-8781,-2598,-695,-285,656,928,1923
-286,-130,-22,50,116,-38,-453,-1048,-1248,-1567,-1865,-1511,-888,-578,-447,-442,-208,-326,-610,-1091,-1771,642,8681,8470,1472,-1562,-7296,-8781,-6071,-2144,-159,-273,1844,4520,3812,1840,997,-13,-306,-252
-178,57,60,32,0,-62,-55,-106,-98,-89,-95,-66,-47,-266,-967,-1778,-1776,-1727,-1216,-321,-128,-1003,-1492,-906,-552,-1079,2287,8681,8618,648,-2099,-8781,-8781,-7336,-1045,-539,-823,60,3537,2641
65,108,120,61,71,119,-92,-881,-1582,-1800,-1821,-1798,-1372,-1256,-845,-433,-313,-530,-938,1092,8681,8681,2382,-5289,-8781,-8781,-3510,-1182,-267,420,2171,3704,3018,1344,470,266,148,18,-104,-58
-55,20,32,22,26,46,18,-34,-28,4,-43,-149,-354,-761,-1531,-2019,-2204,-1859,-1148,-733,-815,-1123,4510,8681,5480,620,-1511,-8682,-8781,-8781,-2589,-630,-326,307,1829,3298,3149,2220,1163,201
-8,-48,57,77,98,110,48,1,-39,-193,-197,-164,-133,-149,-676,-1545,-2251,-2585,-2900,461,8681,8681,3932,-1435,-4247,-8781,-8781,-2114,-786,-212,-442,-40,1084,3372,3756,2594,1146,211,-560,-400
-507,-375,-378,-374,-334,-486,-588,-1578,-1902,-1932,-442,8681,8681,3971,-237,-6470,-8781,-8781,-1718,-288,-649,-395,-77,-42,380,963,1222,667,1829,2130,1528,230,-734,-643,-280,-185,-158,-17,18,41
49,70,54,29,13,1,-20,-31,-52,-81,-368,-643,-677,-1001,-1594,-2367,8681,8681,3626,-1921,-3173,24419,-387,-656,-689,-631,-142,194,207,638,1757,2322,1787,-262,-982,-1049,-670,-378,-101,46
1,28,13,28,16,-15,-60,-90,-244,-489,-718,-849,-965,-1347,-1823,1831,8681,8681,2524,-3744,-8781,-2969,362,526,-114,34,130,918,2384,2313,1373,448,285,-244,-384,-504,-360,-229,-236,-178
214,255,348,129,27,-91,-184,-36,1,-128,-103,-164,-80,-66,-79,-186,-571,-1018,-1500,-2044,-2348,-2394,484,8681,5565,2341,-3574,-8781,-8781,-3522,-113,87,1393,3901,3837,2300,959,454,-295,-388
-55,-59,-6,-21,-85,-74,-48,30,26,37,17,-72,-93,-11,58,50,-60,-209,-342,-1423,-1503,-1301,-1166,-1091,-1101,-1171,8271,8681,7319,-143,-3529,-8781,-8781,-3270,-1063,-590,-658,-152,428,1039
-746,-494,-190,-131,-96,-123,-244,-401,-674,-679,-549,-872,6421,8681,7366,350,-1414,-5160,-8781,-5214,-1139,16,-384,-251,527,596,203,-8,661,1220,2426,1828,1125,244,-289,-554,-296,-161,-18,38
-625,-520,-551,-623,-711,-646,-750,-910,-1220,-1274,-1330,-1162,1505,8681,8681,1737,-2240,-7447,-8781,-7005,-1171,588,397,14,-85,403,996,2163,2593,1259,787,595,261,267,73,-160,-238,-225,-258,-318
4,-22,-21,25,-7,-24,-47,-32,-64,-105,-402,-1152,1333,8681,5361,2011,-504,-3747,-7479,-8781,-3143,-546,-171,-466,-378,138,932,1283,1796,1384,1296,608,309,-371,3156,-431,-319,-73,-67,-76
-162,-240,-247,-164,-143,-140,-126,-197,-190,-161,-390,-926,-1492,-1480,-1253,-1353,-1791,3855,8681,8681,1309,-855,-6184,-8781,-7795,-716,-271,-431,-36,1575,2775,1574,914,559,735,500,266,-59,-24,14
105,-78,145,39,19,74,127,19,-89,-33,-74,-196,-79,105,85,-72,-52,-40,-88,-51,-62,-44,-150,-207,-174,-139,-168,-291,-943,-2057,-2487,-2940,-2640,-2106,-843,8681,8681,2419,-3624,-6189
-96,-47,-121,-88,-102,-310,-598,-763,-1048,-1293,-1561,-1350,5247,8681,3750,77,-1075,-2911,692,631,63,-298,-16,-155,-1641,-1660,-349,255,195,112,-99,-117,185,335,43,-118,-136,-230,-259,-299
171,2,-289,-181,82,-20,-155,-118,-46,-28,-6,18,29,4,-14,-20,-31,-46,-63,-80,-84,-202,-465,-689,-790,-757,-568,-444,-863,-1499,-2093,1100,8681,6380,2744,-698,-2156,-2900,691,-88
16,9,-11,-37,-59,-60,-86,-137,-279,-588,-1113,-1609,-2228,2631,8681,6728,5084,3775,-1305,-613,127,-568,-849,-725,124,5,-1609,-1633,-419,198,578,191,-190,-6,-97,-105,-106,-51,-38,-34
-73,-75,-13,-43,-49,-2,11,-5,-20,-5,-7,-63,-246,-437,-719,-988,-1152,-575,603,5973,8591,3959,775,893,-6081,-1318,-842,-19,933,873,-273,-376,-498,41,-252,-158,-133,-7,82,12
35,-47,-177,-217,-123,-57,-93,-194,-289,-416,-625,-937,-1289,6471,7973,3828,503,753,-3086,-378,-220,-776,-164,562,62,-299,-317,71,-395,-424,-489,-198,-283,-459,-589,-611,-358,126,405,282
155,75,7,-179,-249,-162,-159,-164,-291,-392,-551,-922,-1714,-2121,4263,-865,2186,1866,-6960,-4115,-250,111,-116,-276,213,-254,-1106,-1188,-615,-360,-308,51,347,298,211,93,-61,-50,113,160
74,-52,-176,-236,-354,-310,-219,-256,-211,-267,-181,-46,-202,-591,-1018,-1160,-801,4049,8681,7056,2692,-1162,-6083,-1533,-422,884,1140,-280,-1220,-1478,-176,381,481,-25,-84,-100,-6,-96,-151,-188
-149,-146,-51,34,99,-41,-8,-24,-85,-631,-939,-1450,1457,8681,8681,4597,-5462,-6681,-2188,-450,1065,1655,2340,1553,1044,391,148,98,-60,-117,-73,24,-43,-22,13,-8,-21,-10,-24,-34
-9,-29,-34,25,-36,-71,-75,-302,-708,-1282,-1957,-2487,8041,8681,1469,-2260,-8781,-443,1278,1351,1007,1090,774,1261,1269,1194,-40,-407,-598,-556,-65,-122,-240,-335,-558,-716,-1012,-1239,-1488,1447
7324,5733,1657,-370,-8494,-2018,-1362,-24,1003,1723,1303,399,-387,-190,-405,-476,-288,-173,-110,-116,-84,-154,-350,-374,-555,-554,-378,-493,-744,-1024,-781,-451,-261,-270,-180,-273,-440,-536,1128,8681
4633,1938,-4666,-8234,-1837,-218,279,-109,-184,450,2042,1307,407,-280,-369,-273,-342,-503,-532,-771,-1034,-1146,-1176,-1010,-913,-828,-1027,-1164,4992,8681,3819,-1232,-5141,-8781,-2974,-958,-347,-350,465,998
-715,-304,-273,-249,-242,-282,-456,-380,-172,-250,-242,-516,-707,-1091,579,7668,4045,714,-1178,-2951,-4853,17,-460,167,-19,13,-1801,-2604,-1106,220,606,681,256,143,81,-147,-282,-257,-234,-285
-273,-161,-92,-53,-58,-28,56,102,105,106,52,-23,-73,-66,-45,-40,-156,84,109,-415,-2016,3063,8681,8681,5831,1219,-869,528,204,-478,-1248,443,718,349,-189,-294,-678,-248,-80,-145
-174,-80,-46,-26,-37,45,-66,-407,-1281,-1803,-3378,-4005,-2822,-1462,3062,8515,-546,5261,8681,5210,-293,59,-660,-1073,-291,-391,-2035,-1830,-324,421,233,-73,-132,9,-64,-166,5,86,54,32
1,-32,-90,-99,-88,-80,-60,-38,-12,-69,-509,-582,-1476,-947,8681,8681,5650,808,-7130,-2240,-52,683,232,220,-655,-2018,-613,259,807,797,311,45,-164,-294,-430,-501,-522,-528,-404,-211
-605,-656,-847,-1079,-1841,-1065,8681,8681,3867,-2879,-8565,-4113,-980,404,150,189,876,1071,-669,-1645,-1132,93,600,463,162,-3,84,34,-37,17,-234,-395,-324,-120,-154,-40,80,119,93,109
97,37,-47,-63,-71,-86,-89,-82,-74,-60,-190,-744,-1678,-3174,-4026,-1237,8681,8681,8681,2144,-5495,-1593,-797,-433,-230,1000,195,-1730,-1426,-660,-168,-32,120,118,53,-14,85,134,82,54
11,13,9,-28,-79,-113,-128,-133,-124,-116,-160,-602,-665,-734,-2019,-2208,3824,8681,6915,673,-7348,-8415,-2448,-482,2571,2710,771,118,-27,240,427,70,-227,-199,-245,-170,-218,-266,-231,-153
-85,-347,-694,-795,-659,-368,-599,-1151,-2087,3061,8681,4900,1691,-3754,-7274,-2142,-701,164,-24,806,1229,476,-72,-252,20,-48,-87,-201,-266,-242,-309,-390,-494,-657,-911,-1050,-1052,-846,-629,-922
-601,7134,8562,1651,-1101,-7260,-8781,-2346,-887,92,-240,421,1747,2425,677,-1023,-1287,-812,-276,-119,-51,58,170,243,179,131,32,-16,-12,-39,-85,-100,-118,-101,-78,-70,-53,-40,-58,-384
-741,-801,-1516,-1529,-515,66,671,180,-365,-578,24,5786,8681,4709,-673,-5318,-8781,-5093,-1238,-246,163,36,914,1461,28,-675,-951,-856,-535,-291,-22,109,143,92,111,155,134,3,-99,-135
-132,-125,-145,-93,-87,-42,3,11,12,22,20,7,-5,-34,-319,-974,-714,-2133,-2922,-209,8681,8681,1971,-4348,-8781,-4956,-769,652,153,-192,-383,-321,1251,215,-2283,-2179,-967,-497,-270,-11
48,3,-168,-241,-215,-172,-119,-150,-184,-401,-461,-710,-1974,-2252,7680,8681,5114,621,-5865,-3090,84,304,-721,-851,-923,-1787,-1355,-980,-386,-242,-79,117,243,307,116,66,101,89,50,-57
-149,-203,-186,-148,-104,-79,-57,-34,-33,-13,15,81,105,-191,-108,922,2891,8681,8681,1594,-5829,-8204,-2996,-2070,-820,603,3337,4148,2160,619,220,-394,-498,-330,-57,4,65,55,21,50
38,22,-29,-43,-20,-51,-51,-61,-70,-78,-85,-32,5,9,-47,-185,-225,-111,105,219,-619,-1112,-2273,-2250,1979,8681,5359,1747,-1039,-3654,-4183,-697,0,17,-156,207,287,274,1561,2105
159,130,93,12,-28,-65,-102,-287,-561,-871,-963,-943,-684,-543,-573,-727,-700,-973,1273,8681,8504,5410,1213,-850,-6918,-839,-537,-158,-275,-145,277,475,1518,841,-836,-977,-865,-511,-461,-376
-222,-100,-116,-64,107,130,70,9,-13,-198,-490,-890,-1179,-1350,-1577,6828,2318,5431,3149,684,2242,3528,-6752,-1870,-1583,-968,-510,1633,2719,2178,1260,555,653,122,-219,-390,-455,-152,-146,-339
-318,-56,-67,-3,52,78,146,75,-7,42,102,65,-206,-420,-972,-1315,-1914,-2331,-2295,3094,8681,7678,4750,1148,-5474,-2398,-570,183,311,421,781,722,-818,-2297,-2010,-1745,-1240,-524,-128,2
197,196,259,86,61,-26,-126,-9,-61,-43,-146,-161,-583,-1714,-2769,-3482,-2135,-170,6160,8562,2026,173,687,-6147,-4916,-2213,-803,742,1666,2263,2136,642,-337,-752,-656,-655,-548,-371,-84,-25
-109,12,137,-316,-355,176,422,60,-403,-486,-738,-939,-2504,-3613,-3857,-3723,1675,8681,8681,3338,-337,-4490,-7023,-1868,-649,795,2215,2969,2270,776,-377,-686,-855,-261,-14,214,359,295,404,490
-205,-42,-12,5,-64,-136,-909,-1912,-2261,-1971,-1540,1147,8681,7578,690,469,-2768,-6677,-8781,-2018,-322,-195,99,154,1227,1181,107,-193,-794,-735,-780,-447,-296,-130,-2,3,-100,-161,-146,-3
-282,-143,-219,-322,-284,-651,-906,-1547,-2489,-3672,-3413,3373,8681,5202,1951,367,-2577,-5462,-8072,-2449,-1687,-419,194,1577,3403,3917,3092,1480,27,-723,-768,-364,-62,124,-1,41,82,-97,-161,-315
-86,-109,-87,-95,-135,-246,-213,-217,-334,-304,-376,-615,-768,-1094,-1139,7867,8681,5495,684,-2732,-8172,-2792,-639,-544,-119,382,1493,2162,2506,726,79,-625,-424,-726,-682,-575,66,292,450,356
110,71,77,-35,-95,-119,-226,-324,-392,-797,-1028,-1129,-962,-1187,-1244,-1155,-872,-637,-581,-591,-786,-694,-810,-1127,-837,1882,8166,-741,-1724,-631,-3024,-8781,-7605,-2828,-1910,-599,-100,-159,64,141
354,517,1925,3728,3933,1338,-520,-1222,-1390,-1108,-683,-1214,-1870,-2006,-1533,-950,-583,-834,-939,-448,-209,-17,409,7587,8681,-1860,-945,-3863,-8781,-8781,-8781,-34,-1395,-879,204,833,286,-51,657,1866
3255,4163,3196,1280,85,-458,-343,-480,-572,-16,-91,-397,-726,-863,-1981,-2791,-2119,-1273,506,8681,7726,3957,-776,-494,-4782,-6636,-8781,-3907,-1818,-465,1124,1746,2866,2782,3205,3155,2335,1163,263,-136
-31,-32,-24,-3,-28,-46,-62,-66,-51,-19,-16,-201,-817,-1491,-2661,-3419,-3035,5263,8681,5529,-1913,-1401,-1329,-5698,-8781,-8781,-2357,-2505,11,8,32,494,1555,3026,2794,149,-1475,-1654,-591,-508
-80,-72,-26,-11,-14,-63,-78,-76,-22,0,-23,-16,-34,-69,-136,-212,-335,-467,-307,-82,-57,20,-243,-2089,-4030,-1261,-436,520,8158,8681,5317,107,172,-5728,-8781,-8781,-3737,1,13,108
8681,1566,-1631,-7419,-8781,-8781,-2722,-1132,716,695,273,452,1182,2479,3063,3215,2170,956,-409,-1178,-1853,-1704,-1023,-245,102,270,166,61,64,-99,-141,-140,-109,-69,-69,-96,-84,-227,-161,-25
-13,-69,-54,-21,-47,-63,-16,-112,-315,-551,-640,-357,-117,-153,-502,-964,-1548,-2382,-754,8681,8681,4779,-2132,-7673,-8781,-2099,-805,-66,-131,501,1445,1645,706,-193,-491,-131,-36,-80,140,278
201,145,78,30,59,63,0,-112,-865,-1618,-2467,-2888,-2604,-1878,-521,6765,8681,1671,-2405,-5427,-8781,-4254,-1704,-278,196,1511,2637,2328,1243,175,-169,-324,-304,-228,-35,-34,-47,2,32,19
-64,-61,-87,-84,-98,-84,-92,-267,-791,-1305,-2079,-2480,-2153,-1624,-832,7395,8681,8533,-178,-1783,-6160,-8781,-8781,-1435,-779,-534,780,2839,3432,2597,1077,605,327,99,215,90,10,-35,-124,-138
741,1646,2091,2093,1641,479,-336,-873,-627,-359,-483,-1208,-1897,-2113,-1605,-903,2649,8681,-1068,-392,-1569,-2102,-5348,-8781,-8781,-8295,-713,49,-713,48,1459,3811,5280,3058,431,25,247,-20,-427,-231
103,152,187,44,-82,-57,-99,-43,-322,-339,-482,-532,-887,-2178,-3414,-3144,-2142,-1658,1873,8681,8681,2896,-3851,-8781,-8781,-7435,9,-1644,143,2711,6099,6597,3142,445,531,540,166,-482,-155,89
145,210,102,-60,-139,-111,-76,-24,-5,2,-158,-588,-1678,-2790,-2686,-1060,-6,3897,8681,-1419,-2526,-1763,-8781,-8781,-8781,-3014,-2925,-1226,681,3755,7321,5422,809,-1545,-387,-209,-261,33,-513,-379
21,0,-498,-1088,-1258,-1214,-835,-668,-664,-606,-890,-2135,-3379,-3497,-1214,8681,8681,8681,-883,-3701,-8781,-8781,-8781,-1523,-1604,694,3549,5411,4308,920,-742,107,480,180,-176,-553,-856,-706,-410,-441
-585,-945,-1418,-1424,-1298,-1211,-1325,-1299,-1354,-1747,-1951,-1879,-799,8681,8681,8681,1907,-1518,-8473,-8781,-8781,-8781,-3499,-549,518,584,1028,5068,7972,5674,3296,2674,1518,217,-571,-457,-645,-855,-983,-1349
-1320,-978,-545,-358,-242,-248,-311,-169,-297,-575,-796,-848,-983,-903,-1113,-166,7064,5452,4485,832,1005,-5352,-8781,-8781,-7698,-1885,-1358,-372,-32,3,-77,-271,673,3112,4946,4449,2290,395,-908,-1002
-853,-453,-186,-48,-8,20,23,-94,-253,-746,-994,-1542,-1249,-585,-174,-513,-1467,-2207,-2177,5140,8681,8681,4891,-2012,-8781,-8781,-8781,-4486,-2515,-176,-464,513,1170,3050,2826,1644,444,384,1334,1926
2595,2836,1594,552,-9,-71,109,-23,-889,-1613,-2145,-2441,-3288,-2635,290,8289,8681,5643,3375,1612,776,-146,-230,-1288,-5809,-8781,-8781,-8781,-5053,-877,-206,493,2544,4698,5472,4417,2065,553,313,13
-124,-271,-562,-235,29,150,171,-5,-553,-1005,-1639,-2885,-2485,-959,7335,8681,8681,2872,-3897,-8781,-8781,-8781,-3435,-1569,-422,631,33,861,3972,6585,7153,4100,1436,415,194,17,22,-89,-318,-230
-104,-42,-71,-148,-349,-466,-643,-549,-760,-856,-1295,-2572,-3752,5060,8681,8681,4399,-1102,-1455,-7669,-8781,-8781,-2815,-1634,1122,2483,4560,3571,795,-322,-652,162,501,432,151,-276,-258,-177,-164,-179
-178,-165,-113,-37,-28,-28,-61,-89,-178,-480,-955,-1512,-2311,-2467,-1743,19,6476,8359,4033,1161,-816,-6662,-8781,-8781,-8781,-3085,-1183,602,2278,3584,2190,279,271,2134,2996,2820,2628,1199,188,-251
-464,-312,-111,-19,-52,-133,-150,-105,-48,-20,-105,-550,-923,-1626,-1504,-1703,-1843,-822,1322,8681,8681,8681,3557,-4080,-8781,-8781,-8781,-4057,-1337,-302,77,766,1832,4235,7578,7400,4531,2053,915,-52
-23,-28,-27,-23,11,7,-53,-141,-106,-99,-167,-384,-642,-1955,-3630,-4996,-3666,6576,8681,8681,2358,-1767,-8781,-8781,-8781,-4165,-2147,-1016,-459,-114,-161,938,4479,7615,6860,2877,301,-868,-842,-324
-98,-2,-46,7,114,111,107,84,16,-143,-144,-124,-47,-79,-109,-101,-80,-55,-44,-19,-18,-52,-57,-69,-382,-775,-1651,-2448,-5106,-3921,8681,8681,7715,-3151,-8781,-8781,-8781,-3683,-1814,-635
-60,1509,6568,8681,6258,2012,583,42,-430,-188,-190,-446,-1283,-2704,-3835,-3850,-3808,-3352,-1994,4693,8681,8681,3099,-8781,-8781,-8781,-6183,-2343,-1270,-551,134,2457,5948,7955,6575,3685,1300,-642,-963,-770
-512,-486,-591,-448,-282,-138,-539,-1149,-1994,-3738,-6348,-5579,3681,8681,8681,1671,-8781,-8781,-8781,-1722,-2061,-793,-281,872,3375,6502,7455,5812,3403,1156,-321,-683,-413,-507,-463,-257,-50,9,-16,28
-132,-258,-273,-187,-37,-49,-977,-3003,-4860,-4440,-1432,8681,8681,8681,-3284,-8781,-8781,-8246,-2552,-904,239,269,2948,5890,6714,4828,2923,1488,607,-1,-220,-155,-144,-13,91,122,76,100,115,68
52,-162,-920,-3053,-5160,-7650,-7036,-5402,-2602,640,8681,8681,8681,-2651,-8781,-8781,-8709,-2891,-462,-275,931,5187,7512,6352,3234,1571,845,517,105,-320,-470,-483,-408,-240,-116,-59,-51,15,28,84
-12,-12,-22,-20,-23,-26,-31,-31,-36,-27,-16,-59,-696,-970,-1447,-1890,-3405,-5205,-6103,336,8681,8681,5583,-7954,-8781,-8781,-4574,-1347,-411,-208,1129,4228,6672,5411,2534,973,448,165,-41,18
-2160,-2151,-1414,1383,8681,8681,6604,-8781,-8781,-8781,-4102,-1023,193,4169,7704,5640,1521,450,-81,-312,40,297,223,58,-40,-44,-64,-93,-127,-151,-112,-129,-204,-166,-143,-121,-57,-20,8,12
-3174,-4379,-3669,-1968,-821,-113,8681,8681,7637,-6579,-8781,-8781,-3872,-1239,-143,263,1204,4007,6018,5121,2205,713,291,-183,-30,-59,-151,-213,-146,-107,-37,-45,-23,32,71,13,-31,-16,-55,-61
-71,-84,-109,-97,-84,-71,-51,-65,-112,-329,-832,-1292,-2467,-3228,-1480,-704,-610,-561,876,8146,8681,8681,-731,-1898,-8781,-8781,-8781,-2128,-2145,-832,654,569,333,112,300,1134,3598,7768,8681,5434
-44,-38,-44,-56,-44,-67,-101,-7,87,97,85,27,-73,-123,-161,-479,-1027,-2314,-3755,-4461,-5022,-5034,1506,8681,8681,4224,-6783,-8781,-8781,-7318,-1591,-1410,-514,-157,582,1082,2917,5282,4812,2057
-1785,-376,8681,8681,6536,-2223,-8781,-8781,-8781,-1724,-1312,-1637,175,-181,542,3121,6060,6006,3590,820,-148,-223,-164,-59,132,-29,-27,97,110,69,35,16,-7,-12,-38,-93,-73,-33,-2,-36
-19,-12,-3,4,1,-6,-30,-37,-49,-69,-78,-82,-126,-219,-446,-1400,-5561,-8453,-5661,-1437,8681,8681,8644,-1,-8668,-8781,-8781,-972,3238,-506,-268,1956,4562,4896,2168,-3,46,-113,-240,-305
